100 1.05044
101 1.05317
102 1.05361
103 1.05246
104 1.05521
105 1.04744
106 1.05993
107 1.05499
108 1.05949
109 1.0549
110 1.05428
111 1.05657
112 1.05538
113 1.05699
114 1.05881
115 1.05496
116 1.05135
117 1.05837
118 1.05144
119 1.05559
120 1.05241
121 1.05821
122 1.04951
123 1.05294
124 1.05519
125 1.05488
126 1.05215
127 1.0545
128 1.05669
129 1.05145
130 1.05037
131 1.05464
132 1.0478
133 1.05629
134 1.0535
135 1.05498
136 1.04397
137 1.05184
138 1.05501
139 1.05975
140 1.05279
141 1.05018
142 1.05154
143 1.05539
144 1.05301
145 1.05256
146 1.05479
147 1.05088
148 1.05436
149 1.0521
150 1.06297
151 1.05087
152 1.04947
153 1.05176
154 1.05577
155 1.05325
156 1.05861
157 1.0576
158 1.05304
159 1.05541
160 1.05892
161 1.05122
162 1.05357
163 1.05184
164 1.05504
165 1.06043
166 1.05584
167 1.05461
168 1.05186
169 1.04935
170 1.05786
171 1.0539
172 1.05394
173 1.05439
174 1.0545
175 1.0482
176 1.04955
177 1.05552
178 1.05577
179 1.05169
180 1.05239
181 1.04858
182 1.05072
183 1.05619
184 1.05654
185 1.05496
186 1.05303
187 1.05156
188 1.05146
189 1.05534
190 1.05506
191 1.04828
192 1.0475
193 1.05409
194 1.05436
195 1.05249
196 1.05076
197 1.05303
198 1.05361
199 1.04882
200 1.05576
201 1.04886
202 1.0487
203 1.0531
204 1.05292
205 1.05372
206 1.05514
207 1.05108
208 1.05357
209 1.05151
210 1.0509
211 1.05309
212 1.05327
213 1.04635
214 1.05402
215 1.0516
216 1.05162
217 1.04811
218 1.05533
219 1.05218
220 1.04737
221 1.05696
222 1.05131
223 1.05629
224 1.04964
225 1.05028
226 1.05144
227 1.05175
228 1.04753
229 1.04978
230 1.05202
231 1.05157
232 1.05663
233 1.05488
234 1.05153
235 1.05313
236 1.05165
237 1.05142
238 1.05227
239 1.05079
240 1.05767
241 1.04875
242 1.05339
243 1.05399
244 1.05342
245 1.04809
246 1.05364
247 1.05466
248 1.05485
249 1.05901
250 1.05617
251 1.05539
252 1.06459
253 1.05074
254 1.05541
255 1.05023
256 1.0578
257 1.05262
258 1.05283
259 1.05173
260 1.05599
261 1.05196
262 1.05236
263 1.05351
264 1.05878
265 1.05739
266 1.0551
267 1.05372
268 1.05188
269 1.0536
270 1.0563
271 1.04922
272 1.05471
273 1.04649
274 1.04699
275 1.05197
276 1.06048
277 1.05368
278 1.053
279 1.05412
280 1.05905
281 1.05581
282 1.05535
283 1.05822
284 1.05147
285 1.05247
286 1.05031
287 1.0526
288 1.05145
289 1.05254
290 1.05506
291 1.04964
292 1.05356
293 1.05692
294 1.0552
295 1.05298
296 1.05814
297 1.0542
298 1.04912
299 1.05128
300 1.05425
301 1.05177
302 1.05051
303 1.04981
304 1.05509
305 1.05574
306 1.05662
307 1.04915
308 1.05452
309 1.05476
310 1.05103
311 1.05165
312 1.05544
313 1.05031
314 1.05164
315 1.0489
316 1.04898
317 1.04876
318 1.05106
319 1.04996
320 1.05469
321 1.05096
322 1.05147
323 1.05123
324 1.04834
325 1.0463
326 1.04861
327 1.05222
328 1.05244
329 1.04856
330 1.05117
331 1.05012
332 1.04964
333 1.04758
334 1.05004
335 1.05109
336 1.05626
337 1.04915
338 1.05195
339 1.05088
340 1.05092
341 1.05036
342 1.05065
343 1.05408
344 1.05301
345 1.04719
346 1.04906
347 1.05237
348 1.05819
349 1.04655
350 1.05068
351 1.05049
352 1.05321
353 1.05047
354 1.05344
355 1.05289
356 1.05022
357 1.05162
358 1.0508
359 1.05519
360 1.04744
361 1.0518
362 1.05291
363 1.05124
364 1.05097
365 1.05028
366 1.05008
367 1.04913
368 1.05142
369 1.04905
370 1.04738
371 1.05119
372 1.04571
373 1.0516
374 1.04741
375 1.05508
376 1.0492
377 1.05378
378 1.05348
379 1.05553
380 1.04987
381 1.05204
382 1.05672
383 1.05399
384 1.05392
385 1.04965
386 1.05351
387 1.05226
388 1.05234
389 1.05466
390 1.05567
391 1.05174
392 1.05104
393 1.05095
394 1.05434
395 1.05693
396 1.05326
397 1.04745
398 1.05633
399 1.05174
400 1.05409
401 1.05591
402 1.05518
403 1.05548
404 1.05078
405 1.05363
406 1.05043
407 1.0505
408 1.05106
409 1.05268
410 1.04988
411 1.05483
412 1.05508
413 1.05762
414 1.05103
415 1.04454
416 1.05207
417 1.05242
418 1.05228
419 1.05345
420 1.05234
421 1.04982
422 1.05203
423 1.05296
424 1.0555
425 1.0516
426 1.05293
427 1.05187
428 1.05749
429 1.05204
430 1.05724
431 1.0562
432 1.05189
433 1.05881
434 1.04901
435 1.05616
436 1.05045
437 1.05369
438 1.05233
439 1.0534
440 1.05685
441 1.05653
442 1.0535
443 1.05729
444 1.0533
445 1.05583
446 1.0503
447 1.04752
448 1.05673
449 1.04662
450 1.05315
451 1.05052
452 1.04867
453 1.05471
454 1.05396
455 1.05345
456 1.05295
457 1.05121
458 1.05409
459 1.05385
460 1.05109
461 1.04989
462 1.04864
463 1.05847
464 1.05485
465 1.05508
466 1.05386
467 1.05299
468 1.05798
469 1.05256
470 1.05149
471 1.05262
472 1.05529
473 1.052
474 1.0474
475 1.04964
476 1.05474
477 1.05455
478 1.04889
479 1.05521
480 1.05543
481 1.05243
482 1.05571
483 1.05064
484 1.05243
485 1.05357
486 1.0456
487 1.05286
488 1.05065
489 1.04873
490 1.05144
491 1.05168
492 1.05406
493 1.05382
494 1.05057
495 1.05393
496 1.04802
497 1.04905
498 1.04937
499 1.05122
500 1.05216
501 1.04868
502 1.051
503 1.04818
504 1.05729
505 1.04986
506 1.05184
507 1.04948
508 1.0499
509 1.05294
510 1.05109
511 1.05225
512 1.04833
513 1.05156
514 1.05241
515 1.04837
516 1.05501
517 1.05153
518 1.05168
519 1.04979
520 1.05079
521 1.04531
522 1.05155
523 1.05065
524 1.04964
525 1.04937
526 1.0484
527 1.04648
528 1.05091
529 1.05089
530 1.05078
531 1.04612
532 1.04799
533 1.05045
534 1.04514
535 1.05045
536 1.05308
537 1.05554
538 1.0512
539 1.04896
540 1.04914
541 1.05016
542 1.05315
543 1.05222
544 1.05016
545 1.04857
546 1.0506
547 1.04795
548 1.0522
549 1.05479
550 1.04442
551 1.04916
552 1.04835
553 1.05278
554 1.05272
555 1.05066
556 1.0533
557 1.05308
558 1.04873
559 1.05325
560 1.04926
561 1.04818
562 1.04925
563 1.04935
564 1.05149
565 1.04846
566 1.04954
567 1.05099
568 1.05581
569 1.04775
570 1.04875
571 1.0471
572 1.04703
573 1.05201
574 1.05121
575 1.0522
576 1.04814
577 1.04984
578 1.0506
579 1.05061
580 1.05181
581 1.05159
582 1.04819
583 1.05197
584 1.05546
585 1.05121
586 1.04617
587 1.05099
588 1.05006
589 1.04983
590 1.0483
591 1.04654
592 1.05286
593 1.05185
594 1.05259
595 1.05362
596 1.0477
597 1.0492
598 1.05021
599 1.04861
600 1.05046
601 1.04954
602 1.04993
603 1.0517
604 1.0494
605 1.05316
606 1.05077
607 1.05395
608 1.05288
609 1.04956
610 1.04809
611 1.04942
612 1.05651
613 1.05105
614 1.0543
615 1.04999
616 1.04473
617 1.05233
618 1.0524
619 1.05338
620 1.05117
621 1.05029
622 1.04753
623 1.05389
624 1.05074
625 1.05159
626 1.05552
627 1.04666
628 1.04688
629 1.05237
630 1.05212
631 1.05054
632 1.05578
633 1.05463
634 1.04804
635 1.05143
636 1.05321
637 1.05554
638 1.05428
639 1.05283
640 1.05198
641 1.05193
642 1.05124
643 1.04692
644 1.05128
645 1.05269
646 1.0523
647 1.04909
648 1.04975
649 1.05201
650 1.04877
651 1.05328
652 1.04932
653 1.04961
654 1.05271
655 1.05495
656 1.0498
657 1.05097
658 1.05696
659 1.05276
660 1.04986
661 1.05188
662 1.05512
663 1.05509
664 1.0546
665 1.05425
666 1.05254
667 1.05113
668 1.05282
669 1.0518
670 1.05199
671 1.05359
672 1.05265
673 1.04961
674 1.05618
675 1.0532
676 1.05194
677 1.05256
678 1.0501
679 1.05378
680 1.05032
681 1.04961
682 1.05749
683 1.0511
684 1.05118
685 1.05734
686 1.05475
687 1.05255
688 1.0545
689 1.05145
690 1.05365
691 1.05469
692 1.05101
693 1.05301
694 1.05497
695 1.05535
696 1.05038
697 1.05389
698 1.05064
699 1.05133
700 1.05015
701 1.04902
702 1.05194
703 1.05268
704 1.0555
705 1.05517
706 1.05135
707 1.05403
708 1.05268
709 1.05152
710 1.05238
711 1.05468
712 1.05004
713 1.04814
714 1.0479
715 1.05431
716 1.0508
717 1.04981
718 1.05099
719 1.05471
720 1.05034
721 1.05532
722 1.04824
723 1.05299
724 1.05214
725 1.0486
726 1.0552
727 1.05347
728 1.05157
729 1.05266
730 1.05276
731 1.05715
732 1.05167
733 1.05053
734 1.0488
735 1.05502
736 1.05056
737 1.05527
738 1.05254
739 1.05095
740 1.05432
741 1.04921
742 1.05062
743 1.0539
744 1.0571
745 1.05452
746 1.05571
747 1.049
748 1.04903
749 1.04714
750 1.04947
751 1.0567
752 1.04883
753 1.05017
754 1.05174
755 1.05079
756 1.05068
757 1.05578
758 1.04778
759 1.05257
760 1.04584
761 1.05179
762 1.0506
763 1.04958
764 1.05168
765 1.04763
766 1.05042
767 1.05207
768 1.05898
769 1.05325
770 1.05416
771 1.04886
772 1.04868
773 1.04953
774 1.04913
775 1.05229
776 1.0512
777 1.05042
778 1.04919
779 1.04963
780 1.05111
781 1.0463
782 1.04991
783 1.05355
784 1.05375
785 1.04962
786 1.0491
787 1.05203
788 1.05357
789 1.05049
790 1.05161
791 1.04768
792 1.04728
793 1.0512
794 1.05293
795 1.05303
796 1.05008
797 1.05198
798 1.05103
799 1.05023
800 1.05072
801 1.04958
802 1.04859
803 1.05253
804 1.04817
805 1.04904
806 1.04585
807 1.0509
808 1.052
809 1.05177
810 1.04918
811 1.04808
812 1.0505
813 1.05424
814 1.05124
815 1.04646
816 1.0474
817 1.05124
818 1.04828
819 1.05136
820 1.05113
821 1.04751
822 1.04805
823 1.05062
824 1.04623
825 1.05275
826 1.05666
827 1.04781
828 1.04943
829 1.05301
830 1.0504
831 1.05234
832 1.04845
833 1.04501
834 1.05132
835 1.05115
836 1.04786
837 1.04945
838 1.04636
839 1.05589
840 1.04822
841 1.05035
842 1.05055
843 1.04847
844 1.04935
845 1.05315
846 1.04982
847 1.05073
848 1.05338
849 1.05044
850 1.04562
851 1.05043
852 1.05237
853 1.0475
854 1.04776
855 1.04472
856 1.04974
857 1.04853
858 1.05216
859 1.04528
860 1.05156
861 1.05069
862 1.04699
863 1.04803
864 1.04541
865 1.04797
866 1.04772
867 1.04828
868 1.05144
869 1.05254
870 1.04739
871 1.05138
872 1.04918
873 1.05112
874 1.04868
875 1.05285
876 1.0487
877 1.04479
878 1.04907
879 1.04692
880 1.05152
881 1.04882
882 1.04814
883 1.04892
884 1.04946
885 1.0493
886 1.04818
887 1.05216
888 1.04514
889 1.04633
890 1.04641
891 1.04787
892 1.04943
893 1.04759
894 1.04643
895 1.0505
896 1.05007
897 1.04863
898 1.04816
899 1.04815
900 1.0505
901 1.0475
902 1.0489
903 1.05044
904 1.0481
905 1.04601
906 1.04793
907 1.04773
908 1.04996
909 1.0503
910 1.04614
911 1.05264
912 1.05137
913 1.04816
914 1.04598
915 1.04671
916 1.05037
917 1.04576
918 1.05379
919 1.04982
920 1.05387
921 1.05056
922 1.05228
923 1.04752
924 1.04689
925 1.04836
926 1.04777
927 1.04634
928 1.04877
929 1.05169
930 1.05032
931 1.05026
932 1.04938
933 1.0478
934 1.04859
935 1.04565
936 1.04991
937 1.04732
938 1.04363
939 1.05261
940 1.04676
941 1.04787
942 1.05046
943 1.04714
944 1.04549
945 1.05035
946 1.05245
947 1.04742
948 1.04909
949 1.04664
950 1.05375
951 1.04914
952 1.04713
953 1.05303
954 1.04426
955 1.04786
956 1.04797
957 1.0463
958 1.04976
959 1.04818
960 1.04869
961 1.04768
962 1.04771
963 1.04672
964 1.05738
965 1.04945
966 1.04878
967 1.05157
968 1.05052
969 1.04686
970 1.04902
971 1.04787
972 1.0453
973 1.04662
974 1.04755
975 1.05334
976 1.04843
977 1.04763
978 1.04436
979 1.05364
980 1.05201
981 1.0477
982 1.04664
983 1.05253
984 1.04863
985 1.04877
986 1.05328
987 1.05285
988 1.04947
989 1.04736
990 1.04914
991 1.04873
992 1.05029
993 1.05154
994 1.04893
995 1.05028
996 1.04309
997 1.0541
998 1.04994
999 1.0507
1000 1.04883
1001 1.04995
1002 1.0507
1003 1.05184
1004 1.047
1005 1.05187
1006 1.04896
1007 1.05035
1008 1.04918
1009 1.04971
1010 1.04587
1011 1.05216
1012 1.05116
1013 1.05235
1014 1.0508
1015 1.05097
1016 1.04638
1017 1.05092
1018 1.05327
1019 1.04981
1020 1.04796
1021 1.05544
1022 1.05434
1023 1.05166
1024 1.04705
1025 1.05507
1026 1.05057
1027 1.05518
1028 1.05443
1029 1.05006
1030 1.05308
1031 1.05219
1032 1.04958
1033 1.05526
1034 1.04906
1035 1.04847
1036 1.05347
1037 1.04894
1038 1.05081
1039 1.05576
1040 1.05091
1041 1.0524
1042 1.05206
1043 1.04805
1044 1.05727
1045 1.04857
1046 1.05258
1047 1.05423
1048 1.05418
1049 1.05111
1050 1.04984
1051 1.05267
1052 1.05282
1053 1.0533
1054 1.05082
1055 1.05084
1056 1.05338
1057 1.05651
1058 1.05084
1059 1.05179
1060 1.05101
1061 1.05051
1062 1.05205
1063 1.05059
1064 1.04804
1065 1.05297
1066 1.05107
1067 1.05007
1068 1.04883
1069 1.05195
1070 1.05216
1071 1.0537
1072 1.04802
1073 1.04798
1074 1.0532
1075 1.05703
1076 1.04922
1077 1.04876
1078 1.05317
1079 1.05091
1080 1.04897
1081 1.05461
1082 1.05032
1083 1.05278
1084 1.04872
1085 1.051
1086 1.04713
1087 1.04977
1088 1.05253
1089 1.0566
1090 1.05086
1091 1.05425
1092 1.05274
1093 1.05936
1094 1.05104
1095 1.05255
1096 1.04824
1097 1.05279
1098 1.05045
1099 1.05048
1100 1.05109
1101 1.05251
1102 1.05554
1103 1.05265
1104 1.05028
1105 1.05774
1106 1.05026
1107 1.04903
1108 1.06146
1109 1.04939
1110 1.05389
1111 1.05522
1112 1.05054
1113 1.04914
1114 1.05254
1115 1.0478
1116 1.05441
1117 1.05106
1118 1.05206
1119 1.04909
1120 1.05409
1121 1.05364
1122 1.0536
1123 1.04922
1124 1.04894
1125 1.05598
1126 1.05147
1127 1.04984
1128 1.04798
1129 1.05132
1130 1.05245
1131 1.05422
1132 1.04994
1133 1.0493
1134 1.05087
1135 1.05928
1136 1.05034
1137 1.05108
1138 1.04979
1139 1.05406
1140 1.05273
1141 1.05113
1142 1.04985
1143 1.05212
1144 1.04875
1145 1.04764
1146 1.04715
1147 1.05156
1148 1.05143
1149 1.05074
1150 1.04881
1151 1.04806
1152 1.05094
1153 1.05263
1154 1.05386
1155 1.05169
1156 1.05005
1157 1.05112
1158 1.05004
1159 1.05425
1160 1.04925
1161 1.05598
1162 1.05114
1163 1.05011
1164 1.05309
1165 1.04863
1166 1.05
1167 1.05443
1168 1.05131
1169 1.04732
1170 1.05521
1171 1.04892
1172 1.05068
1173 1.04929
1174 1.05205
1175 1.04815
1176 1.04933
1177 1.04646
1178 1.05068
1179 1.04686
1180 1.05299
1181 1.05298
1182 1.0521
1183 1.05252
1184 1.05239
1185 1.04559
1186 1.04892
1187 1.0488
1188 1.05339
1189 1.04999
1190 1.0484
1191 1.04962
1192 1.05208
1193 1.05235
1194 1.05145
1195 1.05016
1196 1.04798
1197 1.05108
1198 1.04901
1199 1.05366
1200 1.05065
1201 1.05001
1202 1.05275
1203 1.04791
1204 1.05226
1205 1.04752
1206 1.05205
1207 1.05305
1208 1.05424
1209 1.05272
1210 1.05491
1211 1.04933
1212 1.04711
1213 1.05046
1214 1.04874
1215 1.05323
1216 1.05152
1217 1.05236
1218 1.05377
1219 1.04956
1220 1.05456
1221 1.05226
1222 1.05137
1223 1.04961
1224 1.05151
1225 1.0504
1226 1.05415
1227 1.05434
1228 1.05048
1229 1.04911
1230 1.04976
1231 1.0552
1232 1.05212
1233 1.05094
1234 1.05186
1235 1.05335
1236 1.0491
1237 1.04888
1238 1.05147
1239 1.04845
1240 1.05284
1241 1.04955
1242 1.04788
1243 1.05204
1244 1.05148
1245 1.04944
1246 1.05196
1247 1.05016
1248 1.04863
1249 1.04951
1250 1.05152
1251 1.05009
1252 1.05351
1253 1.05283
1254 1.05058
1255 1.05359
1256 1.05296
1257 1.04929
1258 1.04879
1259 1.05017
1260 1.05152
1261 1.05012
1262 1.05002
1263 1.05023
1264 1.05146
1265 1.05147
1266 1.0517
1267 1.05175
1268 1.04983
1269 1.05154
1270 1.0492
1271 1.04437
1272 1.04912
1273 1.04528
1274 1.05091
1275 1.04833
1276 1.05137
1277 1.04581
1278 1.05068
1279 1.04989
1280 1.05181
1281 1.05229
1282 1.04816
1283 1.05085
1284 1.0502
1285 1.05293
1286 1.04937
1287 1.0525
1288 1.04943
1289 1.0499
1290 1.04769
1291 1.04778
1292 1.04918
1293 1.05089
1294 1.05113
1295 1.04892
1296 1.05281
1297 1.05019
1298 1.04957
1299 1.04968
1300 1.05089
1301 1.0521
1302 1.04976
1303 1.04927
1304 1.04748
1305 1.04747
1306 1.05025
1307 1.0487
1308 1.05058
1309 1.05234
1310 1.04898
1311 1.05094
1312 1.04931
1313 1.04928
1314 1.05406
1315 1.04764
1316 1.04901
1317 1.04807
1318 1.05035
1319 1.04983
1320 1.04803
1321 1.05142
1322 1.05096
1323 1.04741
1324 1.04962
1325 1.05043
1326 1.04898
1327 1.04664
1328 1.04905
1329 1.04881
1330 1.04757
1331 1.04871
1332 1.05107
1333 1.04743
1334 1.05514
1335 1.04916
1336 1.04574
1337 1.04931
1338 1.04522
1339 1.05182
1340 1.04756
1341 1.04735
1342 1.05085
1343 1.0477
1344 1.05228
1345 1.04627
1346 1.0492
1347 1.05197
1348 1.05071
1349 1.0485
1350 1.04699
1351 1.04966
1352 1.05021
1353 1.05378
1354 1.04955
1355 1.04841
1356 1.04643
1357 1.04701
1358 1.04721
1359 1.0469
1360 1.05257
1361 1.04834
1362 1.04969
1363 1.04875
1364 1.05098
1365 1.04823
1366 1.05336
1367 1.04786
1368 1.0511
1369 1.04554
1370 1.04844
1371 1.05054
1372 1.05071
1373 1.04951
1374 1.04812
1375 1.04832
1376 1.04867
1377 1.0467
1378 1.04912
1379 1.04235
1380 1.04375
1381 1.04596
1382 1.04995
1383 1.04719
1384 1.04513
1385 1.04918
1386 1.0487
1387 1.0465
1388 1.0475
1389 1.04279
1390 1.04304
1391 1.04944
1392 1.04491
1393 1.04621
1394 1.04857
1395 1.04886
1396 1.04393
1397 1.05133
1398 1.04995
1399 1.04751
1400 1.04942
1401 1.05021
1402 1.04664
1403 1.04957
1404 1.05008
1405 1.04815
1406 1.04858
1407 1.05037
1408 1.04778
1409 1.04585
1410 1.049
1411 1.04886
1412 1.04614
1413 1.04609
1414 1.04752
1415 1.04789
1416 1.04794
1417 1.04636
1418 1.04717
1419 1.0469
1420 1.04753
1421 1.04976
1422 1.04902
1423 1.04518
1424 1.04527
1425 1.04953
1426 1.04438
1427 1.0466
1428 1.05071
1429 1.04672
1430 1.04446
1431 1.04563
1432 1.05032
1433 1.05141
1434 1.04763
1435 1.04725
1436 1.04825
1437 1.04805
1438 1.04895
1439 1.04788
1440 1.05153
1441 1.05251
1442 1.04738
1443 1.04783
1444 1.04952
1445 1.04698
1446 1.04593
1447 1.04611
1448 1.05008
1449 1.04833
1450 1.04833
1451 1.04631
1452 1.04907
1453 1.04607
1454 1.04711
1455 1.04632
1456 1.04754
1457 1.04687
1458 1.04515
1459 1.0455
1460 1.04499
1461 1.04597
1462 1.0514
1463 1.05001
1464 1.04947
1465 1.04516
1466 1.04435
1467 1.0467
1468 1.04719
1469 1.04523
1470 1.04947
1471 1.04989
1472 1.04384
1473 1.04771
1474 1.04694
1475 1.04783
1476 1.04565
1477 1.04655
1478 1.04694
1479 1.04879
1480 1.04841
1481 1.05016
1482 1.04983
1483 1.04831
1484 1.0472
1485 1.04331
1486 1.05084
1487 1.04708
1488 1.0479
1489 1.0476
1490 1.05017
1491 1.0489
1492 1.04578
1493 1.04777
1494 1.04835
1495 1.04971
1496 1.04617
1497 1.04874
1498 1.04817
1499 1.04591
1500 1.04832
1501 1.05014
1502 1.04907
1503 1.04621
1504 1.04836
1505 1.04987
1506 1.04689
1507 1.05016
1508 1.04887
1509 1.04816
1510 1.04957
1511 1.04836
1512 1.05112
1513 1.05273
1514 1.04875
1515 1.04802
1516 1.04639
1517 1.04602
1518 1.04612
1519 1.04989
1520 1.04666
1521 1.0495
1522 1.05159
1523 1.0522
1524 1.05139
1525 1.05112
1526 1.04829
1527 1.04722
1528 1.04953
1529 1.04971
1530 1.05198
1531 1.04713
1532 1.04955
1533 1.04779
1534 1.04554
1535 1.05275
1536 1.05106
1537 1.05256
1538 1.04951
1539 1.04967
1540 1.04763
1541 1.05105
1542 1.05078
1543 1.05008
1544 1.04787
1545 1.04865
1546 1.04561
1547 1.05085
1548 1.04514
1549 1.04636
1550 1.04656
1551 1.04889
1552 1.04648
1553 1.04407
1554 1.04738
1555 1.04846
1556 1.05368
1557 1.05115
1558 1.04842
1559 1.05033
1560 1.04801
1561 1.04893
1562 1.05254
1563 1.04903
1564 1.04395
1565 1.04716
1566 1.04824
1567 1.05156
1568 1.04697
1569 1.04365
1570 1.04959
1571 1.0441
1572 1.05192
1573 1.04652
1574 1.04833
1575 1.05225
1576 1.04464
1577 1.05198
1578 1.05046
1579 1.05181
1580 1.04906
1581 1.04969
1582 1.05153
1583 1.04989
1584 1.04913
1585 1.04975
1586 1.05116
1587 1.04483
1588 1.04904
1589 1.04806
1590 1.05023
1591 1.05047
1592 1.05151
1593 1.04842
1594 1.05095
1595 1.04467
1596 1.04703
1597 1.05049
1598 1.05584
1599 1.048
1600 1.05056
1601 1.04987
1602 1.05164
1603 1.04904
1604 1.04707
1605 1.0458
1606 1.04792
1607 1.04847
1608 1.04382
1609 1.042
1610 1.04912
1611 1.04785
1612 1.04693
1613 1.0479
1614 1.04911
1615 1.04929
1616 1.04851
1617 1.04968
1618 1.05408
1619 1.04667
1620 1.05131
1621 1.05222
1622 1.04913
1623 1.05007
1624 1.05046
1625 1.04576
1626 1.04826
1627 1.04555
1628 1.04662
1629 1.04822
1630 1.04738
1631 1.04976
1632 1.05229
1633 1.05069
1634 1.04783
1635 1.0538
1636 1.04872
1637 1.04863
1638 1.05099
1639 1.04698
1640 1.05291
1641 1.04823
1642 1.0478
1643 1.04523
1644 1.04828
1645 1.05451
1646 1.05226
1647 1.05019
1648 1.05021
1649 1.05292
1650 1.05059
1651 1.04914
1652 1.04817
1653 1.04653
1654 1.04986
1655 1.05012
1656 1.05245
1657 1.0477
1658 1.05311
1659 1.05125
1660 1.05086
1661 1.04954
1662 1.05015
1663 1.04806
1664 1.05194
1665 1.0508
1666 1.05066
1667 1.05075
1668 1.04666
1669 1.05047
1670 1.05136
1671 1.04685
1672 1.05116
1673 1.05
1674 1.04661
1675 1.05177
1676 1.05464
1677 1.04978
1678 1.0515
1679 1.05036
1680 1.04678
1681 1.05103
1682 1.04822
1683 1.04845
1684 1.05456
1685 1.05529
1686 1.05012
1687 1.05231
1688 1.04952
1689 1.04903
1690 1.04771
1691 1.04878
1692 1.04616
1693 1.05042
1694 1.05165
1695 1.04784
1696 1.05183
1697 1.05101
1698 1.05253
1699 1.05569
1700 1.05011
1701 1.04938
1702 1.05494
1703 1.04815
1704 1.05164
1705 1.05368
1706 1.0522
1707 1.05525
1708 1.0522
1709 1.04566
1710 1.05012
1711 1.05496
1712 1.05106
1713 1.04894
1714 1.05235
1715 1.05045
1716 1.04795
1717 1.05241
1718 1.05029
1719 1.04824
1720 1.05349
1721 1.04849
1722 1.05157
1723 1.05219
1724 1.05217
1725 1.05345
1726 1.05032
1727 1.05106
1728 1.05113
1729 1.04994
1730 1.05219
1731 1.05187
1732 1.05277
1733 1.04928
1734 1.05294
1735 1.05182
1736 1.05305
1737 1.05425
1738 1.04832
1739 1.04995
1740 1.05166
1741 1.05266
1742 1.05034
1743 1.05068
1744 1.05329
1745 1.05181
1746 1.04962
1747 1.05092
1748 1.05134
1749 1.05109
1750 1.05041
1751 1.04524
1752 1.04821
1753 1.04957
1754 1.05036
1755 1.05324
1756 1.0555
1757 1.05216
1758 1.05272
1759 1.04472
1760 1.04787
1761 1.05025
1762 1.05517
1763 1.05333
1764 1.05189
1765 1.05196
1766 1.05401
1767 1.04866
1768 1.05459
1769 1.05056
1770 1.0518
1771 1.05185
1772 1.04485
1773 1.04783
1774 1.05195
1775 1.05167
1776 1.05468
1777 1.0459
1778 1.0559
1779 1.05202
1780 1.05469
1781 1.04975
1782 1.048
1783 1.05316
1784 1.05103
1785 1.05098
1786 1.04784
1787 1.0512
1788 1.05098
1789 1.05671
1790 1.05032
1791 1.05174
1792 1.04865
1793 1.05452
1794 1.05558
1795 1.05023
1796 1.05476
1797 1.05059
1798 1.05204
1799 1.05474
1800 1.04863
1801 1.05336
1802 1.05403
1803 1.0488
1804 1.05446
1805 1.05249
1806 1.05046
1807 1.04845
1808 1.0501
1809 1.04919
1810 1.05162
1811 1.05271
1812 1.05256
1813 1.0537
1814 1.05047
1815 1.05421
1816 1.05305
1817 1.05267
1818 1.04946
1819 1.05138
1820 1.04825
1821 1.05912
1822 1.05418
1823 1.0511
1824 1.0527
1825 1.05099
1826 1.0509
1827 1.05058
1828 1.05382
1829 1.04957
1830 1.05167
1831 1.05055
1832 1.04772
1833 1.04981
1834 1.05111
1835 1.04601
1836 1.05692
1837 1.05147
1838 1.05041
1839 1.05363
1840 1.0493
1841 1.05291
1842 1.04913
1843 1.05405
1844 1.05234
1845 1.0518
1846 1.04936
1847 1.05072
1848 1.0463
1849 1.05266
1850 1.05347
1851 1.05215
1852 1.05259
1853 1.04924
1854 1.05099
1855 1.0539
1856 1.05135
1857 1.04918
1858 1.05295
1859 1.05432
1860 1.05024
1861 1.0534
1862 1.0498
1863 1.04884
1864 1.04968
1865 1.04707
1866 1.05177
1867 1.05244
1868 1.04892
1869 1.05132
1870 1.0517
1871 1.04852
1872 1.05088
1873 1.04947
1874 1.04935
1875 1.05169
1876 1.04788
1877 1.04927
1878 1.0526
1879 1.04856
1880 1.04788
1881 1.04916
1882 1.05159
1883 1.04992
1884 1.05308
1885 1.0493
1886 1.05255
1887 1.04938
1888 1.04897
1889 1.05102
1890 1.05015
1891 1.05046
1892 1.05075
1893 1.0484
1894 1.05209
1895 1.05444
1896 1.04939
1897 1.0514
1898 1.05132
1899 1.05319
1900 1.04929
1901 1.05106
1902 1.05071
1903 1.05274
1904 1.05269
1905 1.05208
1906 1.04853
1907 1.04975
1908 1.04942
1909 1.05017
1910 1.04945
1911 1.04996
1912 1.05191
1913 1.05121
1914 1.04885
1915 1.05155
1916 1.04829
1917 1.04742
1918 1.05182
1919 1.05335
1920 1.0497
1921 1.05262
1922 1.05272
1923 1.04866
1924 1.05212
1925 1.0458
1926 1.05586
1927 1.04774
1928 1.05155
1929 1.05089
1930 1.05205
1931 1.05386
1932 1.04834
1933 1.04687
1934 1.04809
1935 1.04809
1936 1.0519
1937 1.05377
1938 1.05211
1939 1.05034
1940 1.05053
1941 1.049
1942 1.0501
1943 1.0509
1944 1.04593
1945 1.04999
1946 1.0518
1947 1.04973
1948 1.05076
1949 1.04995
1950 1.05059
1951 1.05198
1952 1.05057
1953 1.04983
1954 1.05282
1955 1.05029
1956 1.04723
1957 1.05118
1958 1.05027
1959 1.04965
1960 1.04495
1961 1.05559
1962 1.05158
1963 1.05165
1964 1.04673
1965 1.04954
1966 1.05023
1967 1.05312
1968 1.04918
1969 1.05128
1970 1.05159
1971 1.05056
1972 1.05201
1973 1.04954
1974 1.05158
1975 1.04989
1976 1.0547
1977 1.05257
1978 1.05085
1979 1.05128
1980 1.04847
1981 1.04952
1982 1.05293
1983 1.05155
1984 1.05259
1985 1.04887
1986 1.05001
1987 1.05403
1988 1.04749
1989 1.05124
1990 1.05184
1991 1.04865
1992 1.05043
1993 1.04923
1994 1.04895
1995 1.05032
1996 1.05008
1997 1.05044
1998 1.05074
1999 1.05135
2000 1.05116
2001 1.05208
2002 1.04791
2003 1.05113
2004 1.05244
2005 1.04498
2006 1.04825
2007 1.05394
2008 1.0512
2009 1.04773
2010 1.04998
2011 1.04791
2012 1.05101
2013 1.04786
2014 1.04819
2015 1.05065
2016 1.04846
2017 1.05118
2018 1.04957
2019 1.05011
2020 1.05121
2021 1.05095
2022 1.04846
2023 1.05134
2024 1.0506
2025 1.05095
2026 1.04863
2027 1.04995
2028 1.04869
2029 1.04953
2030 1.04838
2031 1.04814
2032 1.04979
2033 1.0491
2034 1.05107
2035 1.05024
2036 1.04815
2037 1.04858
2038 1.04941
2039 1.04946
2040 1.05251
2041 1.05084
2042 1.04839
2043 1.05033
2044 1.05061
2045 1.05035
2046 1.05103
2047 1.04905
2048 1.04908
2049 1.04834
2050 1.04709
2051 1.05251
2052 1.04882
2053 1.04892
2054 1.04619
2055 1.04497
2056 1.04893
2057 1.04755
2058 1.04868
2059 1.04788
2060 1.045
2061 1.0494
2062 1.04906
2063 1.05106
2064 1.04838
2065 1.05064
2066 1.04842
2067 1.05003
2068 1.04571
2069 1.0481
2070 1.0534
2071 1.04963
2072 1.04696
2073 1.04845
2074 1.0486
2075 1.04821
2076 1.0481
2077 1.05179
2078 1.05162
2079 1.04631
2080 1.04624
2081 1.04866
2082 1.0498
2083 1.0442
2084 1.04414
2085 1.04971
2086 1.04875
2087 1.04854
2088 1.04887
2089 1.04818
2090 1.04589
2091 1.04993
2092 1.05011
2093 1.04959
2094 1.04691
2095 1.04928
2096 1.04646
2097 1.04785
2098 1.05062
2099 1.04699
2100 1.04755
2101 1.04679
2102 1.04584
2103 1.05
2104 1.05138
2105 1.05062
2106 1.04571
2107 1.04743
2108 1.04877
2109 1.04935
2110 1.0499
2111 1.05229
2112 1.05023
2113 1.04989
2114 1.04887
2115 1.04764
2116 1.04659
2117 1.04964
2118 1.04454
2119 1.04743
2120 1.04655
2121 1.05089
2122 1.05204
2123 1.04931
2124 1.04847
2125 1.04954
2126 1.04869
2127 1.04523
2128 1.04466
2129 1.04819
2130 1.04675
2131 1.04634
2132 1.04685
2133 1.05041
2134 1.04613
2135 1.04695
2136 1.0472
2137 1.04681
2138 1.04908
2139 1.04594
2140 1.04907
2141 1.04955
2142 1.04725
2143 1.04781
2144 1.04621
2145 1.04974
2146 1.04922
2147 1.0528
2148 1.04984
2149 1.04887
2150 1.04908
2151 1.04801
2152 1.04679
2153 1.04766
2154 1.04696
2155 1.05022
2156 1.04781
2157 1.04707
2158 1.04624
2159 1.04816
2160 1.04641
2161 1.04613
2162 1.04883
2163 1.04837
2164 1.049
2165 1.0515
2166 1.04769
2167 1.05051
2168 1.04988
2169 1.04906
2170 1.04641
2171 1.04888
2172 1.04673
2173 1.04823
2174 1.04898
2175 1.04969
2176 1.04876
2177 1.04849
2178 1.05085
2179 1.04826
2180 1.04711
2181 1.04653
2182 1.046
2183 1.04676
2184 1.05485
2185 1.05194
2186 1.04806
2187 1.04903
2188 1.04785
2189 1.04566
2190 1.04488
2191 1.04399
2192 1.05065
2193 1.04967
2194 1.04503
2195 1.04905
2196 1.04726
2197 1.04786
2198 1.0508
2199 1.04778
2200 1.04806
2201 1.04881
2202 1.05049
2203 1.04796
2204 1.04606
2205 1.04695
2206 1.04825
2207 1.05005
2208 1.04797
2209 1.04553
2210 1.05027
2211 1.04434
2212 1.04702
2213 1.04925
2214 1.04917
2215 1.05023
2216 1.04688
2217 1.04745
2218 1.0485
2219 1.04688
2220 1.04717
2221 1.04861
2222 1.04932
2223 1.04628
2224 1.04745
2225 1.04665
2226 1.04994
2227 1.05369
2228 1.04755
2229 1.04941
2230 1.04813
2231 1.04684
2232 1.049
2233 1.04807
2234 1.04652
2235 1.04821
2236 1.04973
2237 1.04837
2238 1.05171
2239 1.04572
2240 1.04525
2241 1.04322
2242 1.0471
2243 1.04606
2244 1.0444
2245 1.04418
2246 1.04518
2247 1.04769
2248 1.04901
2249 1.0479
2250 1.04507
2251 1.0491
2252 1.04606
2253 1.0501
2254 1.0474
2255 1.04666
2256 1.04395
2257 1.04842
2258 1.04639
2259 1.04306
2260 1.05153
2261 1.04881
2262 1.04728
2263 1.04814
2264 1.04813
2265 1.04402
2266 1.04646
2267 1.04942
2268 1.04557
2269 1.04339
2270 1.04754
2271 1.04864
2272 1.04793
2273 1.04832
2274 1.04722
2275 1.04659
2276 1.04742
2277 1.04832
2278 1.04816
2279 1.04823
2280 1.04968
2281 1.04846
2282 1.04479
2283 1.0496
2284 1.04914
2285 1.04751
2286 1.04825
2287 1.04875
2288 1.04551
2289 1.04716
2290 1.05103
2291 1.04784
2292 1.04814
2293 1.04934
2294 1.04164
2295 1.04716
2296 1.04567
2297 1.04675
2298 1.04951
2299 1.05117
2300 1.05244
2301 1.04564
2302 1.04745
2303 1.04693
2304 1.0495
2305 1.04795
2306 1.04769
2307 1.04633
2308 1.04528
2309 1.05116
2310 1.04386
2311 1.04902
2312 1.04275
2313 1.04553
2314 1.04669
2315 1.05166
2316 1.04538
2317 1.04909
2318 1.05182
2319 1.04813
2320 1.04878
2321 1.0474
2322 1.04237
2323 1.04554
2324 1.04282
2325 1.04673
2326 1.04709
2327 1.04801
2328 1.05041
2329 1.0481
2330 1.04601
2331 1.04741
2332 1.04672
2333 1.0493
2334 1.04744
2335 1.04642
2336 1.04508
2337 1.04827
2338 1.04807
2339 1.04464
2340 1.04543
2341 1.04935
2342 1.048
2343 1.04772
2344 1.04819
2345 1.04913
2346 1.04633
2347 1.04672
2348 1.04398
2349 1.0477
2350 1.04714
2351 1.04593
2352 1.04794
2353 1.0498
2354 1.04917
2355 1.04911
2356 1.04631
2357 1.0449
2358 1.04354
2359 1.04761
2360 1.05149
2361 1.04985
2362 1.04892
2363 1.04482
2364 1.0496
2365 1.04937
2366 1.04632
2367 1.0482
2368 1.04675
2369 1.0469
2370 1.04742
2371 1.04487
2372 1.04724
2373 1.04721
2374 1.04871
2375 1.04361
2376 1.0459
2377 1.04379
2378 1.05028
2379 1.0464
2380 1.04769
2381 1.04447
2382 1.04577
2383 1.0448
2384 1.04535
2385 1.04189
2386 1.04744
2387 1.0444
2388 1.0432
2389 1.0462
2390 1.0465
2391 1.04736
2392 1.04572
2393 1.04477
2394 1.04991
2395 1.05112
2396 1.0462
2397 1.04764
2398 1.04453
2399 1.0506
2400 1.0475
2401 1.04776
2402 1.05011
2403 1.04234
2404 1.0501
2405 1.04534
2406 1.04291
2407 1.04935
2408 1.04402
2409 1.04882
2410 1.04986
2411 1.04996
2412 1.04562
2413 1.05229
2414 1.04699
2415 1.04406
2416 1.04598
2417 1.04863
2418 1.04713
2419 1.04487
2420 1.04872
2421 1.04412
2422 1.04779
2423 1.0471
2424 1.04797
2425 1.04454
2426 1.04948
2427 1.04907
2428 1.0484
2429 1.0473
2430 1.05085
2431 1.04699
2432 1.04559
2433 1.05031
2434 1.04895
2435 1.04824
2436 1.04534
2437 1.04642
2438 1.04705
2439 1.04681
2440 1.04452
2441 1.04464
2442 1.0487
2443 1.04757
2444 1.04919
2445 1.04567
2446 1.04572
2447 1.04796
2448 1.04441
2449 1.04966
2450 1.04734
2451 1.04617
2452 1.04652
2453 1.04487
2454 1.04783
2455 1.04675
2456 1.05041
2457 1.04913
2458 1.04643
2459 1.04636
2460 1.04688
2461 1.04967
2462 1.04703
2463 1.04487
2464 1.04488
2465 1.04598
2466 1.04912
2467 1.04659
2468 1.04899
2469 1.04921
2470 1.04668
2471 1.04883
2472 1.04508
2473 1.04859
2474 1.04712
2475 1.04355
2476 1.04601
2477 1.04878
2478 1.04975
2479 1.04792
2480 1.04876
2481 1.04693
2482 1.04175
2483 1.04857
2484 1.04545
2485 1.0484
2486 1.04712
2487 1.04584
2488 1.04876
2489 1.04674
2490 1.05105
2491 1.04388
2492 1.05162
2493 1.05082
2494 1.05039
2495 1.04901
2496 1.04428
2497 1.04764
2498 1.04507
2499 1.04446
2500 1.04775
2501 1.04577
2502 1.04513
2503 1.05022
2504 1.05106
2505 1.05017
2506 1.04902
2507 1.04892
2508 1.04666
2509 1.05065
2510 1.05063
2511 1.04938
2512 1.04695
2513 1.05075
2514 1.04713
2515 1.05171
2516 1.04363
2517 1.04655
2518 1.04679
2519 1.047
2520 1.04648
2521 1.04751
2522 1.05115
2523 1.04948
2524 1.04464
2525 1.04849
2526 1.04895
2527 1.05318
2528 1.0529
2529 1.04869
2530 1.04563
2531 1.04671
2532 1.05066
2533 1.04984
2534 1.04738
2535 1.05107
2536 1.04716
2537 1.04353
2538 1.04806
2539 1.04572
2540 1.04678
2541 1.04467
2542 1.045
2543 1.05069
2544 1.04625
2545 1.05164
2546 1.04696
2547 1.04755
2548 1.04319
2549 1.04595
2550 1.05088
2551 1.05246
2552 1.04314
2553 1.04682
2554 1.04903
2555 1.04509
2556 1.04878
2557 1.04675
2558 1.05097
2559 1.04309
2560 1.0502
2561 1.0479
2562 1.04894
2563 1.04559
2564 1.04515
2565 1.05001
2566 1.04818
2567 1.04887
2568 1.045
2569 1.04615
2570 1.04559
2571 1.0479
2572 1.04687
2573 1.04763
2574 1.0449
2575 1.04612
2576 1.04948
2577 1.04475
2578 1.04496
2579 1.04866
2580 1.0458
2581 1.04867
2582 1.04808
2583 1.04584
2584 1.04795
2585 1.04764
2586 1.04494
2587 1.05258
2588 1.04696
2589 1.04159
2590 1.04665
2591 1.04842
2592 1.04734
2593 1.04851
2594 1.05021
2595 1.04827
2596 1.04704
2597 1.04894
2598 1.04902
2599 1.05049
2600 1.04776
2601 1.04655
2602 1.04759
2603 1.04987
2604 1.05147
2605 1.0482
2606 1.04562
2607 1.0463
2608 1.04879
2609 1.04878
2610 1.04871
2611 1.0505
2612 1.04971
2613 1.04978
2614 1.04901
2615 1.04894
2616 1.04807
2617 1.04802
2618 1.04813
2619 1.05009
2620 1.05121
2621 1.04773
2622 1.04861
2623 1.0502
2624 1.04647
2625 1.04675
2626 1.04597
2627 1.05092
2628 1.04473
2629 1.04709
2630 1.04933
2631 1.04801
2632 1.04667
2633 1.04702
2634 1.05219
2635 1.04842
2636 1.04868
2637 1.04734
2638 1.04917
2639 1.04571
2640 1.04648
2641 1.04883
2642 1.04738
2643 1.05138
2644 1.05036
2645 1.04633
2646 1.04738
2647 1.04837
2648 1.04875
2649 1.0514
2650 1.0508
2651 1.04728
2652 1.04803
2653 1.04806
2654 1.05359
2655 1.05207
2656 1.04921
2657 1.04745
2658 1.04848
2659 1.0521
2660 1.04481
2661 1.04963
2662 1.05142
2663 1.05096
2664 1.05043
2665 1.04862
2666 1.04671
2667 1.04925
2668 1.05193
2669 1.04989
2670 1.04684
2671 1.04788
2672 1.05095
2673 1.04897
2674 1.0478
2675 1.05025
2676 1.04789
2677 1.05105
2678 1.04882
2679 1.05027
2680 1.05011
2681 1.04891
2682 1.04817
2683 1.05436
2684 1.04825
2685 1.04962
2686 1.04832
2687 1.0522
2688 1.04917
2689 1.05505
2690 1.04779
2691 1.04501
2692 1.04791
2693 1.04358
2694 1.04979
2695 1.05178
2696 1.04823
2697 1.04971
2698 1.05098
2699 1.04825
2700 1.04909
2701 1.05125
2702 1.04873
2703 1.0444
2704 1.04658
2705 1.04991
2706 1.04931
2707 1.05128
2708 1.04952
2709 1.04925
2710 1.0498
2711 1.05188
2712 1.05172
2713 1.04709
2714 1.05048
2715 1.04822
2716 1.04726
2717 1.04957
2718 1.05125
2719 1.05126
2720 1.05003
2721 1.05231
2722 1.05132
2723 1.05077
2724 1.05179
2725 1.05175
2726 1.05134
2727 1.04965
2728 1.04825
2729 1.04827
2730 1.04978
2731 1.04965
2732 1.05292
2733 1.05007
2734 1.0524
2735 1.04979
2736 1.04901
2737 1.05071
2738 1.04894
2739 1.04904
2740 1.05013
2741 1.0492
2742 1.04845
2743 1.04743
2744 1.04721
2745 1.04684
2746 1.05103
2747 1.04831
2748 1.04686
2749 1.05193
2750 1.04672
2751 1.05102
2752 1.05257
2753 1.04791
2754 1.05226
2755 1.05225
2756 1.04859
2757 1.04575
2758 1.04975
2759 1.05019
2760 1.0499
2761 1.05002
2762 1.04885
2763 1.05083
2764 1.05036
2765 1.05508
2766 1.04592
2767 1.05411
2768 1.05006
2769 1.05133
2770 1.04907
2771 1.04858
2772 1.05293
2773 1.04977
2774 1.04961
2775 1.04782
2776 1.05283
2777 1.0547
2778 1.05012
2779 1.04873
2780 1.04691
2781 1.05062
2782 1.04829
2783 1.04889
2784 1.04657
2785 1.04416
2786 1.05113
2787 1.0479
2788 1.05172
2789 1.05275
2790 1.04977
2791 1.04954
2792 1.0509
2793 1.05271
2794 1.05106
2795 1.04988
2796 1.05048
2797 1.05257
2798 1.05578
2799 1.04638
2800 1.05212
2801 1.04913
2802 1.04824
2803 1.04914
2804 1.05182
2805 1.05062
2806 1.04665
2807 1.05071
2808 1.0489
2809 1.04882
2810 1.04883
2811 1.05225
2812 1.04537
2813 1.04864
2814 1.04729
2815 1.05134
2816 1.05169
2817 1.05079
2818 1.0547
2819 1.05017
2820 1.04935
2821 1.04952
2822 1.04998
2823 1.05173
2824 1.04616
2825 1.04782
2826 1.04904
2827 1.04828
2828 1.05094
2829 1.04673
2830 1.0493
2831 1.04869
2832 1.05126
2833 1.05451
2834 1.05114
2835 1.05055
2836 1.0509
2837 1.05078
2838 1.05166
2839 1.05286
2840 1.0532
2841 1.0511
2842 1.05064
2843 1.04821
2844 1.05127
2845 1.0524
2846 1.04933
2847 1.05268
2848 1.05475
2849 1.04943
2850 1.05186
2851 1.04911
2852 1.05427
2853 1.0499
2854 1.05112
2855 1.04824
2856 1.04863
2857 1.05286
2858 1.05032
2859 1.04841
2860 1.0483
2861 1.04835
2862 1.05306
2863 1.05187
2864 1.04997
2865 1.05291
2866 1.05263
2867 1.05201
2868 1.05122
2869 1.04896
2870 1.04941
2871 1.0504
2872 1.05235
2873 1.04785
2874 1.04888
2875 1.04808
2876 1.05185
2877 1.04808
2878 1.05439
2879 1.05408
2880 1.05243
2881 1.05155
2882 1.049
2883 1.05095
2884 1.05297
2885 1.05635
2886 1.04743
2887 1.05419
2888 1.05152
2889 1.05005
2890 1.05155
2891 1.05221
2892 1.05261
2893 1.05745
2894 1.05349
2895 1.05148
2896 1.04843
2897 1.04702
2898 1.05166
2899 1.05011
2900 1.05008
2901 1.05472
2902 1.05186
2903 1.04925
2904 1.0508
2905 1.05015
2906 1.04947
2907 1.05133
2908 1.04776
2909 1.05427
2910 1.05208
2911 1.04952
2912 1.04983
2913 1.0479
2914 1.05218
2915 1.05057
2916 1.05102
2917 1.04962
2918 1.05161
2919 1.05282
2920 1.05348
2921 1.05123
2922 1.0544
2923 1.05034
2924 1.05383
2925 1.05462
2926 1.0503
2927 1.04682
2928 1.04813
2929 1.0532
2930 1.05139
2931 1.05186
2932 1.05087
2933 1.04869
2934 1.05305
2935 1.05109
2936 1.05157
2937 1.05031
2938 1.05083
2939 1.05337
2940 1.05467
2941 1.05267
2942 1.05205
2943 1.04629
2944 1.05219
2945 1.05324
2946 1.04759
2947 1.0485
2948 1.05468
2949 1.0513
2950 1.04665
2951 1.04824
2952 1.05378
2953 1.05105
2954 1.04808
2955 1.04765
2956 1.04822
2957 1.0536
2958 1.05019
2959 1.04803
2960 1.053
2961 1.05053
2962 1.05128
2963 1.05202
2964 1.05272
2965 1.04929
2966 1.05612
2967 1.05072
2968 1.05517
2969 1.05301
2970 1.05167
2971 1.05049
2972 1.05041
2973 1.05008
2974 1.05064
2975 1.05323
2976 1.05348
2977 1.05261
2978 1.05427
2979 1.0508
2980 1.0521
2981 1.05344
2982 1.04782
2983 1.04886
2984 1.04865
2985 1.04877
2986 1.05383
2987 1.05082
2988 1.05268
2989 1.04668
2990 1.0488
2991 1.05248
2992 1.0528
2993 1.0489
2994 1.05161
2995 1.04987
2996 1.04826
2997 1.04811
2998 1.05211
2999 1.0497
3000 1.05093
3001 1.05143
3002 1.04704
3003 1.05304
3004 1.05035
3005 1.05165
3006 1.04773
3007 1.04802
3008 1.05396
3009 1.04887
3010 1.05008
3011 1.04986
3012 1.04873
3013 1.04653
3014 1.05466
3015 1.04931
3016 1.05108
3017 1.05151
3018 1.04999
3019 1.0471
3020 1.05375
3021 1.05157
3022 1.05195
3023 1.04941
3024 1.05018
3025 1.04845
3026 1.05001
3027 1.05106
3028 1.05294
3029 1.05149
3030 1.05079
3031 1.04889
3032 1.05128
3033 1.05299
3034 1.0514
3035 1.05137
3036 1.04794
3037 1.04819
3038 1.05273
3039 1.05052
3040 1.05122
3041 1.05062
3042 1.05339
3043 1.04678
3044 1.04902
3045 1.0495
3046 1.04953
3047 1.0494
3048 1.05108
3049 1.05113
3050 1.05234
3051 1.04818
3052 1.05162
3053 1.04909
3054 1.051
3055 1.05159
3056 1.05051
3057 1.0484
3058 1.04973
3059 1.04946
3060 1.04832
3061 1.04868
3062 1.05327
3063 1.04597
3064 1.04922
3065 1.05035
3066 1.04801
3067 1.05087
3068 1.04817
3069 1.04827
3070 1.05224
3071 1.05314
3072 1.05569
3073 1.05097
3074 1.04969
3075 1.05037
3076 1.05122
3077 1.04729
3078 1.05188
3079 1.04678
3080 1.05227
3081 1.04979
3082 1.05225
3083 1.04908
3084 1.05054
3085 1.05137
3086 1.05256
3087 1.05001
3088 1.05287
3089 1.04982
3090 1.05276
3091 1.05387
3092 1.04693
3093 1.04955
3094 1.0497
3095 1.04983
3096 1.04949
3097 1.05298
3098 1.04939
3099 1.04835
3100 1.0474
3101 1.04702
3102 1.05099
3103 1.05671
3104 1.05015
3105 1.05056
3106 1.05228
3107 1.04778
3108 1.05286
3109 1.05013
3110 1.05059
3111 1.04937
3112 1.04936
3113 1.04884
3114 1.05065
3115 1.05404
3116 1.04934
3117 1.04996
3118 1.05147
3119 1.05328
3120 1.04932
3121 1.05108
3122 1.05085
3123 1.05178
3124 1.04849
3125 1.04801
3126 1.04928
3127 1.05437
3128 1.05027
3129 1.05139
3130 1.04757
3131 1.0524
3132 1.05203
3133 1.05125
3134 1.05311
3135 1.04892
3136 1.05115
3137 1.04973
3138 1.04836
3139 1.05005
3140 1.04972
3141 1.05295
3142 1.04934
3143 1.04908
3144 1.04831
3145 1.04886
3146 1.04827
3147 1.04775
3148 1.054
3149 1.05188
3150 1.04806
3151 1.04873
3152 1.04901
3153 1.04749
3154 1.04782
3155 1.05041
3156 1.04678
3157 1.04967
3158 1.05025
3159 1.05226
3160 1.05044
3161 1.05102
3162 1.05106
3163 1.05406
3164 1.05033
3165 1.05049
3166 1.05028
3167 1.05112
3168 1.04658
3169 1.05203
3170 1.05004
3171 1.05029
3172 1.05077
3173 1.04921
3174 1.05372
3175 1.04742
3176 1.0506
3177 1.04812
3178 1.05143
3179 1.05037
3180 1.05079
3181 1.0507
3182 1.04843
3183 1.04865
3184 1.04681
3185 1.05273
3186 1.05121
3187 1.0488
3188 1.04765
3189 1.04602
3190 1.04921
3191 1.04839
3192 1.05141
3193 1.04879
3194 1.04947
3195 1.048
3196 1.04939
3197 1.04942
3198 1.04744
3199 1.05526
3200 1.05119
3201 1.04856
3202 1.05011
3203 1.05019
3204 1.04797
3205 1.05137
3206 1.05081
3207 1.05016
3208 1.05542
3209 1.04877
3210 1.04758
3211 1.04819
3212 1.05016
3213 1.04852
3214 1.04949
3215 1.05166
3216 1.05028
3217 1.04637
3218 1.05361
3219 1.04833
3220 1.04962
3221 1.05282
3222 1.05199
3223 1.04839
3224 1.05026
3225 1.04976
3226 1.05162
3227 1.0482
3228 1.04935
3229 1.05056
3230 1.04916
3231 1.04847
3232 1.0474
3233 1.05177
3234 1.04577
3235 1.05185
3236 1.05477
3237 1.04766
3238 1.05186
3239 1.05044
3240 1.04921
3241 1.05164
3242 1.04804
3243 1.0501
3244 1.04474
3245 1.04822
3246 1.04577
3247 1.04955
3248 1.05001
3249 1.04891
3250 1.0481
3251 1.05038
3252 1.04648
3253 1.0479
3254 1.05123
3255 1.04948
3256 1.05238
3257 1.04945
3258 1.0525
3259 1.05067
3260 1.04869
3261 1.04884
3262 1.04607
3263 1.04772
3264 1.05105
3265 1.04989
3266 1.04786
3267 1.05136
3268 1.04866
3269 1.04915
3270 1.04998
3271 1.05309
3272 1.04851
3273 1.04805
3274 1.04709
3275 1.04823
3276 1.0512
3277 1.05024
3278 1.0517
3279 1.05065
3280 1.0486
3281 1.04789
3282 1.04641
3283 1.04785
3284 1.05034
3285 1.04887
3286 1.04423
3287 1.04842
3288 1.04979
3289 1.04589
3290 1.04696
3291 1.04901
3292 1.04921
3293 1.04956
3294 1.04641
3295 1.05279
3296 1.04873
3297 1.04828
3298 1.04503
3299 1.0486
3300 1.05022
3301 1.04694
3302 1.05147
3303 1.04789
3304 1.05106
3305 1.04744
3306 1.04521
3307 1.05305
3308 1.04768
3309 1.04737
3310 1.04668
3311 1.04955
3312 1.04829
3313 1.05042
3314 1.04824
3315 1.05214
3316 1.04612
3317 1.05178
3318 1.04882
3319 1.05288
3320 1.04924
3321 1.049
3322 1.04592
3323 1.04819
3324 1.04627
3325 1.04915
3326 1.04657
3327 1.04959
3328 1.04564
3329 1.05072
3330 1.04834
3331 1.04739
3332 1.05033
3333 1.05057
3334 1.04867
3335 1.04715
3336 1.04999
3337 1.05203
3338 1.04907
3339 1.04684
3340 1.0476
3341 1.05069
3342 1.0469
3343 1.04846
3344 1.05013
3345 1.05017
3346 1.04675
3347 1.04872
3348 1.04862
3349 1.04733
3350 1.04919
3351 1.04968
3352 1.04838
3353 1.04796
3354 1.04613
3355 1.04753
3356 1.04691
3357 1.04832
3358 1.04781
3359 1.04715
3360 1.04843
3361 1.04691
3362 1.04665
3363 1.05174
3364 1.04587
3365 1.0483
3366 1.04785
3367 1.04958
3368 1.04942
3369 1.05148
3370 1.04594
3371 1.04983
3372 1.04751
3373 1.04858
3374 1.04949
3375 1.04891
3376 1.04906
3377 1.04798
3378 1.05028
3379 1.04875
3380 1.04681
3381 1.04746
3382 1.04906
3383 1.0492
3384 1.04792
3385 1.05146
3386 1.04693
3387 1.04581
3388 1.04829
3389 1.04677
3390 1.04977
3391 1.05031
3392 1.04883
3393 1.04737
3394 1.05063
3395 1.04925
3396 1.04909
3397 1.04919
3398 1.04777
3399 1.04523
3400 1.04677
3401 1.04592
3402 1.04838
3403 1.04766
3404 1.04867
3405 1.04705
3406 1.04638
3407 1.04456
3408 1.04722
3409 1.04775
3410 1.04626
3411 1.04521
3412 1.04816
3413 1.05036
3414 1.05067
3415 1.0492
3416 1.0479
3417 1.05035
3418 1.0491
3419 1.0495
3420 1.04626
3421 1.04834
3422 1.04646
3423 1.04839
3424 1.0496
3425 1.04656
3426 1.04791
3427 1.04612
3428 1.04299
3429 1.05134
3430 1.04948
3431 1.04868
3432 1.04891
3433 1.049
3434 1.0441
3435 1.04729
3436 1.04755
3437 1.04515
3438 1.04906
3439 1.0511
3440 1.04761
3441 1.04641
3442 1.04971
3443 1.04846
3444 1.04794
3445 1.04777
3446 1.04486
3447 1.04488
3448 1.04453
3449 1.05005
3450 1.04448
3451 1.04549
3452 1.04635
3453 1.04708
3454 1.04766
3455 1.04509
3456 1.04627
3457 1.04775
3458 1.04972
3459 1.0465
3460 1.0479
3461 1.04664
3462 1.05094
3463 1.04908
3464 1.04743
3465 1.04984
3466 1.04675
3467 1.04748
3468 1.04559
3469 1.04707
3470 1.05252
3471 1.04726
3472 1.04531
3473 1.04725
3474 1.04605
3475 1.048
3476 1.04489
3477 1.04916
3478 1.05198
3479 1.04852
3480 1.04621
3481 1.04575
3482 1.04726
3483 1.05106
3484 1.0483
3485 1.05002
3486 1.04928
3487 1.04861
3488 1.05164
3489 1.04744
3490 1.0506
3491 1.0502
3492 1.04799
3493 1.04819
3494 1.0502
3495 1.04374
3496 1.04883
3497 1.0466
3498 1.0487
3499 1.05003
3500 1.04642
3501 1.04585
3502 1.04629
3503 1.04621
3504 1.04781
3505 1.05002
3506 1.04656
3507 1.04974
3508 1.04788
3509 1.04796
3510 1.04865
3511 1.04793
3512 1.05009
3513 1.05167
3514 1.04775
3515 1.04742
3516 1.04847
3517 1.04346
3518 1.04627
3519 1.0454
3520 1.04604
3521 1.04665
3522 1.05264
3523 1.04581
3524 1.05035
3525 1.04579
3526 1.04636
3527 1.04849
3528 1.0501
3529 1.04404
3530 1.04911
3531 1.0499
3532 1.04767
3533 1.04892
3534 1.04716
3535 1.04567
3536 1.04917
3537 1.04641
3538 1.04529
3539 1.04894
3540 1.05113
3541 1.04527
3542 1.04969
3543 1.04702
3544 1.04699
3545 1.04803
3546 1.04776
3547 1.04641
3548 1.05254
3549 1.04534
3550 1.04742
3551 1.04872
3552 1.04804
3553 1.04573
3554 1.04701
3555 1.04516
3556 1.0473
3557 1.04638
3558 1.04948
3559 1.04791
3560 1.04713
3561 1.04825
3562 1.04578
3563 1.04405
3564 1.04606
3565 1.04694
3566 1.04946
3567 1.04735
3568 1.04442
3569 1.04629
3570 1.04948
3571 1.0465
3572 1.04728
3573 1.04863
3574 1.04821
3575 1.04735
3576 1.04482
3577 1.04583
3578 1.04954
3579 1.046
3580 1.04306
3581 1.04764
3582 1.04715
3583 1.04815
3584 1.0476
3585 1.04669
3586 1.04828
3587 1.04294
3588 1.0483
3589 1.04547
3590 1.0467
3591 1.04479
3592 1.04581
3593 1.04667
3594 1.04613
3595 1.04688
3596 1.04565
3597 1.04394
3598 1.0472
3599 1.05055
3600 1.0482
3601 1.0459
3602 1.04655
3603 1.0472
3604 1.04733
3605 1.04425
3606 1.04867
3607 1.04867
3608 1.0439
3609 1.04808
3610 1.04273
3611 1.04582
3612 1.04478
3613 1.04622
3614 1.04624
3615 1.04675
3616 1.05125
3617 1.04985
3618 1.0489
3619 1.04553
3620 1.04737
3621 1.04609
3622 1.04878
3623 1.05062
3624 1.0463
3625 1.04496
3626 1.04643
3627 1.05226
3628 1.04749
3629 1.04393
3630 1.04417
3631 1.04602
3632 1.04739
3633 1.04492
3634 1.04527
3635 1.04725
3636 1.04594
3637 1.04874
3638 1.04678
3639 1.04816
3640 1.04919
3641 1.04806
3642 1.04651
3643 1.04798
3644 1.04684
3645 1.04816
3646 1.04822
3647 1.04966
3648 1.05095
3649 1.0477
3650 1.04615
3651 1.04885
3652 1.04644
3653 1.04516
3654 1.04457
3655 1.04601
3656 1.0477
3657 1.05112
3658 1.046
3659 1.04768
3660 1.04259
3661 1.05086
3662 1.04644
3663 1.04838
3664 1.04477
3665 1.04822
3666 1.0467
3667 1.04925
3668 1.04921
3669 1.05054
3670 1.04447
3671 1.04662
3672 1.04672
3673 1.04991
3674 1.045
3675 1.04505
3676 1.04586
3677 1.04805
3678 1.0435
3679 1.04717
3680 1.04656
3681 1.04678
3682 1.04442
3683 1.04688
3684 1.0468
3685 1.05088
3686 1.04867
3687 1.04537
3688 1.04501
3689 1.04624
3690 1.046
3691 1.04664
3692 1.0439
3693 1.04518
3694 1.04947
3695 1.04463
3696 1.04348
3697 1.04542
3698 1.04707
3699 1.04788
3700 1.04613
3701 1.04333
3702 1.04594
3703 1.05005
3704 1.04562
3705 1.04602
3706 1.04869
3707 1.04559
3708 1.04572
3709 1.04724
3710 1.04585
3711 1.04633
3712 1.0465
3713 1.04551
3714 1.04852
3715 1.04849
3716 1.04727
3717 1.04439
3718 1.04835
3719 1.04673
3720 1.04742
3721 1.04516
3722 1.047
3723 1.04705
3724 1.04751
3725 1.0457
3726 1.04866
3727 1.04773
3728 1.04631
3729 1.04475
3730 1.04565
3731 1.04581
3732 1.04647
3733 1.04839
3734 1.04893
3735 1.04772
3736 1.04891
3737 1.04751
3738 1.04794
3739 1.04829
3740 1.04519
3741 1.04388
3742 1.04818
3743 1.04733
3744 1.04627
3745 1.04787
3746 1.04754
3747 1.04236
3748 1.04701
3749 1.0484
3750 1.04521
3751 1.04676
3752 1.04328
3753 1.04539
3754 1.04726
3755 1.04583
3756 1.04503
3757 1.04532
3758 1.04626
3759 1.04946
3760 1.04644
3761 1.04331
3762 1.04586
3763 1.0447
3764 1.04873
3765 1.04404
3766 1.049
3767 1.04526
3768 1.04884
3769 1.04411
3770 1.04645
3771 1.04223
3772 1.04321
3773 1.04751
3774 1.0475
3775 1.04831
3776 1.04484
3777 1.04762
3778 1.04618
3779 1.04363
3780 1.04222
3781 1.0445
3782 1.05143
3783 1.04393
3784 1.04786
3785 1.04539
3786 1.04516
3787 1.04647
3788 1.04434
3789 1.0477
3790 1.04409
3791 1.04368
3792 1.04302
3793 1.04902
3794 1.04538
3795 1.04372
3796 1.04978
3797 1.04691
3798 1.04822
3799 1.04658
3800 1.04436
3801 1.04951
3802 1.04597
3803 1.04528
3804 1.04919
3805 1.04765
3806 1.04863
3807 1.04619
3808 1.04621
3809 1.04827
3810 1.04733
3811 1.04522
3812 1.04858
3813 1.04567
3814 1.04522
3815 1.04589
3816 1.04745
3817 1.04631
3818 1.04647
3819 1.04464
3820 1.04697
3821 1.04668
3822 1.05141
3823 1.04816
3824 1.04492
3825 1.04665
3826 1.04505
3827 1.04328
3828 1.04539
3829 1.04788
3830 1.05123
3831 1.047
3832 1.0429
3833 1.04199
3834 1.04649
3835 1.04453
3836 1.04416
3837 1.04856
3838 1.04688
3839 1.0477
3840 1.04721
3841 1.043
3842 1.04372
3843 1.04264
3844 1.04349
3845 1.04753
3846 1.04609
3847 1.04622
3848 1.04835
3849 1.0477
3850 1.04688
3851 1.04609
3852 1.04325
3853 1.04568
3854 1.04662
3855 1.04861
3856 1.04727
3857 1.04723
3858 1.04638
3859 1.04784
3860 1.04812
3861 1.04407
3862 1.04181
3863 1.04647
3864 1.04972
3865 1.04519
3866 1.04712
3867 1.04818
3868 1.04435
3869 1.04785
3870 1.0441
3871 1.04423
3872 1.0482
3873 1.04318
3874 1.04418
3875 1.04626
3876 1.04607
3877 1.04696
3878 1.04771
3879 1.04631
3880 1.0472
3881 1.04819
3882 1.04736
3883 1.04766
3884 1.04606
3885 1.04874
3886 1.04301
3887 1.04723
3888 1.04969
3889 1.04517
3890 1.04629
3891 1.04658
3892 1.04546
3893 1.04738
3894 1.04697
3895 1.04371
3896 1.04901
3897 1.04335
3898 1.04744
3899 1.04708
3900 1.04495
3901 1.04792
3902 1.04843
3903 1.04834
3904 1.04692
3905 1.05054
3906 1.04796
3907 1.04711
3908 1.04851
3909 1.0467
3910 1.04518
3911 1.04556
3912 1.04626
3913 1.04881
3914 1.04747
3915 1.04467
3916 1.04694
3917 1.04575
3918 1.04706
3919 1.04528
3920 1.04738
3921 1.04849
3922 1.04823
3923 1.04878
3924 1.04739
3925 1.04852
3926 1.04642
3927 1.04754
3928 1.0455
3929 1.04893
3930 1.04477
3931 1.04466
3932 1.05007
3933 1.04903
3934 1.04483
3935 1.04499
3936 1.04684
3937 1.04785
3938 1.04473
3939 1.04132
3940 1.04398
3941 1.04683
3942 1.0499
3943 1.04914
3944 1.05165
3945 1.04495
3946 1.04425
3947 1.04703
3948 1.04311
3949 1.04762
3950 1.04815
3951 1.04551
3952 1.04551
3953 1.04978
3954 1.04566
3955 1.04539
3956 1.04672
3957 1.04688
3958 1.04306
3959 1.04182
3960 1.04765
3961 1.04417
3962 1.04917
3963 1.046
3964 1.0492
3965 1.04491
3966 1.04558
3967 1.04538
3968 1.04846
3969 1.04816
3970 1.04624
3971 1.04507
3972 1.0489
3973 1.04497
3974 1.04595
3975 1.04429
3976 1.04872
3977 1.04642
3978 1.04864
3979 1.04689
3980 1.045
3981 1.04388
3982 1.046
3983 1.04604
3984 1.04714
3985 1.04543
3986 1.04591
3987 1.04719
3988 1.0521
3989 1.04462
3990 1.04742
3991 1.04718
3992 1.04729
3993 1.04729
3994 1.04619
3995 1.04628
3996 1.04439
3997 1.04587
3998 1.04641
3999 1.04667
4000 1.04531
4001 1.04541
4002 1.04737
4003 1.0495
4004 1.04759
4005 1.04446
4006 1.04305
4007 1.0443
4008 1.0477
4009 1.04767
4010 1.04859
4011 1.04743
4012 1.04678
4013 1.04476
4014 1.04775
4015 1.05013
4016 1.04483
4017 1.04784
4018 1.04853
4019 1.04523
4020 1.04623
4021 1.04976
4022 1.04679
4023 1.04482
4024 1.04434
4025 1.04785
4026 1.0477
4027 1.04588
4028 1.04672
4029 1.048
4030 1.05074
4031 1.04821
4032 1.04664
4033 1.04757
4034 1.04392
4035 1.04901
4036 1.04684
4037 1.05026
4038 1.04706
4039 1.04956
4040 1.04599
4041 1.04562
4042 1.04681
4043 1.04526
4044 1.04784
4045 1.05102
4046 1.04826
4047 1.04857
4048 1.04608
4049 1.0451
4050 1.04567
4051 1.04694
4052 1.05105
4053 1.0461
4054 1.04816
4055 1.04721
4056 1.04604
4057 1.04699
4058 1.04617
4059 1.04568
4060 1.04797
4061 1.04778
4062 1.04797
4063 1.05075
4064 1.0461
4065 1.04459
4066 1.04734
4067 1.04696
4068 1.04688
4069 1.04499
4070 1.04934
4071 1.04564
4072 1.04816
4073 1.0455
4074 1.04772
4075 1.04825
4076 1.04338
4077 1.0483
4078 1.05037
4079 1.04815
4080 1.04585
4081 1.04893
4082 1.04571
4083 1.04395
4084 1.04868
4085 1.04585
4086 1.04368
4087 1.04847
4088 1.0441
4089 1.04611
4090 1.0455
4091 1.04453
4092 1.04951
4093 1.04722
4094 1.04662
4095 1.04858
4096 1.04835
4097 1.04627
4098 1.0479
4099 1.04549
4100 1.04643
4101 1.05178
4102 1.04383
4103 1.04743
4104 1.05048
4105 1.04802
4106 1.04715
4107 1.04925
4108 1.04628
4109 1.04983
4110 1.04678
4111 1.04869
4112 1.04831
4113 1.04782
4114 1.04747
4115 1.04879
4116 1.04936
4117 1.04553
4118 1.05013
4119 1.05124
4120 1.04545
4121 1.04914
4122 1.0465
4123 1.04931
4124 1.04763
4125 1.05011
4126 1.0505
4127 1.05
4128 1.04827
4129 1.04665
4130 1.04502
4131 1.0471
4132 1.04983
4133 1.04701
4134 1.04715
4135 1.04942
4136 1.04827
4137 1.05171
4138 1.04536
4139 1.04525
4140 1.04475
4141 1.05251
4142 1.04812
4143 1.04688
4144 1.04945
4145 1.04331
4146 1.04273
4147 1.04747
4148 1.048
4149 1.05043
4150 1.04444
4151 1.04846
4152 1.04658
4153 1.04925
4154 1.04731
4155 1.04991
4156 1.05007
4157 1.04783
4158 1.04691
4159 1.04621
4160 1.04786
4161 1.04888
4162 1.04547
4163 1.04688
4164 1.04166
4165 1.04997
4166 1.04693
4167 1.04358
4168 1.04948
4169 1.04963
4170 1.04608
4171 1.04489
4172 1.04973
4173 1.04811
4174 1.04671
4175 1.04736
4176 1.05042
4177 1.0462
4178 1.04884
4179 1.04967
4180 1.04461
4181 1.04705
4182 1.04751
4183 1.04702
4184 1.04948
4185 1.04976
4186 1.05022
4187 1.04722
4188 1.049
4189 1.04926
4190 1.05014
4191 1.04485
4192 1.05131
4193 1.04718
4194 1.04962
4195 1.0451
4196 1.04903
4197 1.04536
4198 1.04845
4199 1.04537
4200 1.04508
4201 1.04677
4202 1.04835
4203 1.04814
4204 1.0503
4205 1.04761
4206 1.04529
4207 1.05088
4208 1.04857
4209 1.04285
4210 1.04733
4211 1.0488
4212 1.04883
4213 1.04967
4214 1.04519
4215 1.04751
4216 1.04279
4217 1.04816
4218 1.04824
4219 1.04425
4220 1.04964
4221 1.0469
4222 1.04662
4223 1.04832
4224 1.04816
4225 1.04677
4226 1.05029
4227 1.04784
4228 1.04542
4229 1.0454
4230 1.04738
4231 1.04891
4232 1.04845
4233 1.0493
4234 1.04965
4235 1.0457
4236 1.04778
4237 1.05087
4238 1.05135
4239 1.04776
4240 1.04215
4241 1.04874
4242 1.05224
4243 1.04464
4244 1.04888
4245 1.05126
4246 1.04819
4247 1.0482
4248 1.04899
4249 1.05022
4250 1.04712
4251 1.04832
4252 1.04412
4253 1.04667
4254 1.04924
4255 1.04518
4256 1.05054
4257 1.04784
4258 1.05001
4259 1.05367
4260 1.04721
4261 1.05314
4262 1.0479
4263 1.0475
4264 1.04679
4265 1.05095
4266 1.04638
4267 1.04857
4268 1.0482
4269 1.04861
4270 1.04662
4271 1.0453
4272 1.05006
4273 1.04674
4274 1.04996
4275 1.04663
4276 1.04632
4277 1.04754
4278 1.04657
4279 1.04718
4280 1.04923
4281 1.05079
4282 1.04567
4283 1.05123
4284 1.04734
4285 1.04853
4286 1.05022
4287 1.04535
4288 1.0509
4289 1.04884
4290 1.04752
4291 1.04847
4292 1.04947
4293 1.04961
4294 1.0486
4295 1.04758
4296 1.0502
4297 1.04652
4298 1.04848
4299 1.05558
4300 1.04846
4301 1.04543
4302 1.0452
4303 1.05283
4304 1.0507
4305 1.05087
4306 1.04879
4307 1.0475
4308 1.05058
4309 1.05112
4310 1.04655
4311 1.04743
4312 1.04883
4313 1.05021
4314 1.05376
4315 1.05069
4316 1.04948
4317 1.04924
4318 1.04712
4319 1.0474
4320 1.04954
4321 1.04877
4322 1.04502
4323 1.05034
4324 1.04714
4325 1.05308
4326 1.04399
4327 1.05301
4328 1.04848
4329 1.04989
4330 1.04894
4331 1.04525
4332 1.04748
4333 1.04678
4334 1.04886
4335 1.04907
4336 1.04866
4337 1.04654
4338 1.04825
4339 1.05114
4340 1.04622
4341 1.0471
4342 1.05154
4343 1.04915
4344 1.04406
4345 1.04838
4346 1.04331
4347 1.04786
4348 1.04887
4349 1.0504
4350 1.04677
4351 1.04462
4352 1.04877
4353 1.05081
4354 1.05114
4355 1.04544
4356 1.05074
4357 1.0493
4358 1.04787
4359 1.04835
4360 1.04461
4361 1.05226
4362 1.05005
4363 1.04726
4364 1.04719
4365 1.04448
4366 1.04683
4367 1.04836
4368 1.05077
4369 1.04926
4370 1.05021
4371 1.0468
4372 1.05017
4373 1.04768
4374 1.04989
4375 1.04934
4376 1.04596
4377 1.05162
4378 1.05077
4379 1.0492
4380 1.05092
4381 1.05049
4382 1.04671
4383 1.04659
4384 1.05294
4385 1.04717
4386 1.05431
4387 1.05086
4388 1.04705
4389 1.05077
4390 1.04679
4391 1.05176
4392 1.04729
4393 1.04837
4394 1.05063
4395 1.04615
4396 1.0482
4397 1.04518
4398 1.04858
4399 1.04905
4400 1.04799
4401 1.0454
4402 1.04672
4403 1.05063
4404 1.04652
4405 1.05053
4406 1.04681
4407 1.05059
4408 1.04738
4409 1.05014
4410 1.04936
4411 1.04834
4412 1.04838
4413 1.04679
4414 1.05029
4415 1.05117
4416 1.05198
4417 1.04577
4418 1.05216
4419 1.05144
4420 1.04913
4421 1.05278
4422 1.05481
4423 1.0509
4424 1.0524
4425 1.04974
4426 1.04996
4427 1.05145
4428 1.04298
4429 1.0479
4430 1.04873
4431 1.0503
4432 1.04687
4433 1.04858
4434 1.05347
4435 1.0475
4436 1.05173
4437 1.05064
4438 1.04985
4439 1.05159
4440 1.04718
4441 1.04729
4442 1.04636
4443 1.0506
4444 1.04938
4445 1.04555
4446 1.04744
4447 1.04769
4448 1.05317
4449 1.04961
4450 1.05112
4451 1.04612
4452 1.05362
4453 1.04873
4454 1.05211
4455 1.05228
4456 1.05172
4457 1.04803
4458 1.05011
4459 1.04948
4460 1.05006
4461 1.04667
4462 1.04598
4463 1.05133
4464 1.04791
4465 1.0476
4466 1.04874
4467 1.0516
4468 1.04577
4469 1.04515
4470 1.05285
4471 1.05362
4472 1.04933
4473 1.04984
4474 1.05458
4475 1.04785
4476 1.04743
4477 1.0467
4478 1.05162
4479 1.05013
4480 1.05121
4481 1.05263
4482 1.05206
4483 1.0525
4484 1.05526
4485 1.04516
4486 1.05295
4487 1.0501
4488 1.04998
4489 1.05123
4490 1.04819
4491 1.04747
4492 1.05052
4493 1.04979
4494 1.04991
4495 1.04704
4496 1.048
4497 1.04909
4498 1.04988
4499 1.04812
4500 1.04876
4501 1.05001
4502 1.05189
4503 1.05353
4504 1.04933
4505 1.04789
4506 1.04878
4507 1.04288
4508 1.04454
4509 1.0465
4510 1.05131
4511 1.05051
4512 1.05197
4513 1.04705
4514 1.04876
4515 1.04936
4516 1.04582
4517 1.05046
4518 1.04917
4519 1.0501
4520 1.05301
4521 1.04961
4522 1.04789
4523 1.05118
4524 1.05097
4525 1.04695
4526 1.05
4527 1.05006
4528 1.0491
4529 1.04854
4530 1.0475
4531 1.04642
4532 1.04843
4533 1.04922
4534 1.04947
4535 1.04684
4536 1.05056
4537 1.0442
4538 1.04909
4539 1.05213
4540 1.05248
4541 1.0516
4542 1.05046
4543 1.05018
4544 1.04911
4545 1.05132
4546 1.04727
4547 1.0508
4548 1.04689
4549 1.04855
4550 1.05043
4551 1.0488
4552 1.05545
4553 1.04695
4554 1.05206
4555 1.05075
4556 1.05126
4557 1.05294
4558 1.04909
4559 1.04677
4560 1.05158
4561 1.05051
4562 1.04859
4563 1.04967
4564 1.0512
4565 1.04936
4566 1.05137
4567 1.0492
4568 1.04877
4569 1.04964
4570 1.04701
4571 1.05059
4572 1.05036
4573 1.04972
4574 1.05004
4575 1.04962
4576 1.05358
4577 1.04977
4578 1.05088
4579 1.04973
4580 1.05197
4581 1.0483
4582 1.0469
4583 1.04891
4584 1.04923
4585 1.05107
4586 1.04781
4587 1.04869
4588 1.05005
4589 1.04753
4590 1.04899
4591 1.04841
4592 1.04882
4593 1.05037
4594 1.05051
4595 1.05318
4596 1.04735
4597 1.05031
4598 1.05381
4599 1.05035
4600 1.0511
4601 1.04847
4602 1.05454
4603 1.04564
4604 1.05343
4605 1.04951
4606 1.05058
4607 1.05218
4608 1.05002
4609 1.04955
4610 1.05223
4611 1.04929
4612 1.04991
4613 1.0522
4614 1.05041
4615 1.04429
4616 1.04828
4617 1.05222
4618 1.05017
4619 1.05204
4620 1.05365
4621 1.05245
4622 1.05489
4623 1.0498
4624 1.04645
4625 1.04902
4626 1.05202
4627 1.05645
4628 1.05229
4629 1.0481
4630 1.05043
4631 1.05004
4632 1.05161
4633 1.04741
4634 1.04934
4635 1.05383
4636 1.05244
4637 1.05264
4638 1.04918
4639 1.0524
4640 1.0518
4641 1.05304
4642 1.05141
4643 1.0532
4644 1.04801
4645 1.05027
4646 1.04924
4647 1.05271
4648 1.04989
4649 1.05087
4650 1.05174
4651 1.05288
4652 1.05058
4653 1.0496
4654 1.05374
4655 1.0471
4656 1.04837
4657 1.05085
4658 1.04973
4659 1.05129
4660 1.04949
4661 1.05123
4662 1.04775
4663 1.04897
4664 1.05203
4665 1.05043
4666 1.04881
4667 1.0475
4668 1.05008
4669 1.05248
4670 1.05077
4671 1.04989
4672 1.05451
4673 1.04864
4674 1.05135
4675 1.04833
4676 1.05266
4677 1.04771
4678 1.05063
4679 1.04791
4680 1.05188
4681 1.05361
4682 1.05198
4683 1.05088
4684 1.05005
4685 1.05137
4686 1.05081
4687 1.04794
4688 1.04962
4689 1.04925
4690 1.04968
4691 1.04907
4692 1.0526
4693 1.05171
4694 1.04678
4695 1.05083
4696 1.0508
4697 1.05174
4698 1.04608
4699 1.05078
4700 1.0492
4701 1.05097
4702 1.0526
4703 1.05073
4704 1.04782
4705 1.05322
4706 1.05092
4707 1.05269
4708 1.05283
4709 1.04826
4710 1.05022
4711 1.05248
4712 1.05134
4713 1.04858
4714 1.04916
4715 1.04963
4716 1.04833
4717 1.04931
4718 1.04732
4719 1.05188
4720 1.04773
4721 1.04722
4722 1.05005
4723 1.05205
4724 1.05311
4725 1.05038
4726 1.0499
4727 1.04556
4728 1.04671
4729 1.05011
4730 1.05525
4731 1.04916
4732 1.05133
4733 1.05134
4734 1.04615
4735 1.05115
4736 1.05297
4737 1.05195
4738 1.05149
4739 1.05222
4740 1.04618
4741 1.05293
4742 1.05539
4743 1.04943
4744 1.04808
4745 1.05196
4746 1.05048
4747 1.05118
4748 1.05241
4749 1.05101
4750 1.04925
4751 1.04925
4752 1.05096
4753 1.05335
4754 1.05063
4755 1.04951
4756 1.05076
4757 1.05066
4758 1.05481
4759 1.04849
4760 1.05107
4761 1.05071
4762 1.05033
4763 1.0483
4764 1.05002
4765 1.04945
4766 1.05113
4767 1.04992
4768 1.04942
4769 1.0497
4770 1.04989
4771 1.05058
4772 1.04878
4773 1.04559
4774 1.04739
4775 1.05192
4776 1.05172
4777 1.04929
4778 1.04896
4779 1.04685
4780 1.04801
4781 1.05175
4782 1.04988
4783 1.04886
4784 1.04994
4785 1.04916
4786 1.05262
4787 1.04461
4788 1.05152
4789 1.04771
4790 1.05002
4791 1.04872
4792 1.04835
4793 1.05389
4794 1.04847
4795 1.05009
4796 1.04988
4797 1.05353
4798 1.0498
4799 1.04865
4800 1.0481
4801 1.04844
4802 1.05146
4803 1.05052
4804 1.04836
4805 1.04938
4806 1.05224
4807 1.04779
4808 1.04919
4809 1.04583
4810 1.04772
4811 1.05514
4812 1.05057
4813 1.05115
4814 1.04976
4815 1.05263
4816 1.05149
4817 1.04706
4818 1.04851
4819 1.05365
4820 1.05317
4821 1.04935
4822 1.04967
4823 1.04897
4824 1.05122
4825 1.04899
4826 1.05412
4827 1.05073
4828 1.0502
4829 1.0478
4830 1.05054
4831 1.04612
4832 1.05045
4833 1.05112
4834 1.04824
4835 1.05144
4836 1.05233
4837 1.04889
4838 1.04806
4839 1.05095
4840 1.05124
4841 1.05054
4842 1.04763
4843 1.04971
4844 1.04928
4845 1.05191
4846 1.04882
4847 1.05283
4848 1.04716
4849 1.05136
4850 1.0496
4851 1.04608
4852 1.05113
4853 1.05265
4854 1.053
4855 1.04837
4856 1.04943
4857 1.05101
4858 1.05122
4859 1.04984
4860 1.05135
4861 1.05106
4862 1.05015
4863 1.0511
4864 1.04985
4865 1.0488
4866 1.04689
4867 1.05179
4868 1.05275
4869 1.05376
4870 1.04908
4871 1.05167
4872 1.04841
4873 1.05132
4874 1.05118
4875 1.05144
4876 1.05077
4877 1.05127
4878 1.04966
4879 1.05009
4880 1.05011
4881 1.04639
4882 1.05071
4883 1.05038
4884 1.04934
4885 1.05084
4886 1.04944
4887 1.05196
4888 1.04689
4889 1.04995
4890 1.05098
4891 1.05033
4892 1.04686
4893 1.05236
4894 1.05248
4895 1.05169
4896 1.05082
4897 1.04911
4898 1.05031
4899 1.04991
4900 1.05373
4901 1.04903
4902 1.04793
4903 1.04803
4904 1.04982
4905 1.04759
4906 1.04791
4907 1.04804
4908 1.05021
4909 1.04694
4910 1.04628
4911 1.05042
4912 1.04764
4913 1.04798
4914 1.05261
4915 1.04777
4916 1.052
4917 1.05193
4918 1.04722
4919 1.05258
4920 1.05174
4921 1.04712
4922 1.04872
4923 1.04942
4924 1.05022
4925 1.04871
4926 1.05146
4927 1.04828
4928 1.05367
4929 1.0446
4930 1.04923
4931 1.05095
4932 1.0512
4933 1.0489
4934 1.04947
4935 1.0491
4936 1.04796
4937 1.05245
4938 1.05085
4939 1.0482
4940 1.05094
4941 1.05059
4942 1.05008
4943 1.04799
4944 1.05185
4945 1.05168
4946 1.04818
4947 1.05122
4948 1.05096
4949 1.05263
4950 1.04686
4951 1.04731
4952 1.05351
4953 1.04889
4954 1.04908
4955 1.05033
4956 1.05032
4957 1.04968
4958 1.05034
4959 1.04982
4960 1.04686
4961 1.05079
4962 1.05213
4963 1.04989
4964 1.04979
4965 1.04888
4966 1.05113
4967 1.0508
4968 1.05481
4969 1.04759
4970 1.05073
4971 1.04728
4972 1.04994
4973 1.05224
4974 1.05038
4975 1.05111
4976 1.05111
4977 1.04739
4978 1.05258
4979 1.04836
4980 1.05208
4981 1.04857
4982 1.04836
4983 1.05115
4984 1.04648
4985 1.04777
4986 1.04814
4987 1.05231
4988 1.049
4989 1.04675
4990 1.05273
4991 1.04899
4992 1.05088
4993 1.05222
4994 1.04843
4995 1.05009
4996 1.04938
4997 1.04878
4998 1.05335
4999 1.04998
