100 1.05661
101 1.06408
102 1.06307
103 1.06503
104 1.06128
105 1.06535
106 1.06128
107 1.05957
108 1.05772
109 1.06239
110 1.05908
111 1.05845
112 1.06079
113 1.05689
114 1.05561
115 1.05945
116 1.05776
117 1.05771
118 1.05473
119 1.05335
120 1.05177
121 1.05582
122 1.05756
123 1.06323
124 1.05968
125 1.06191
126 1.06117
127 1.05716
128 1.05442
129 1.05517
130 1.05558
131 1.05253
132 1.0564
133 1.05331
134 1.05674
135 1.05752
136 1.05794
137 1.05728
138 1.05253
139 1.06112
140 1.05922
141 1.06138
142 1.05882
143 1.05308
144 1.05478
145 1.0615
146 1.05617
147 1.06288
148 1.05008
149 1.05866
150 1.05791
151 1.05407
152 1.05677
153 1.05479
154 1.05912
155 1.05888
156 1.06306
157 1.06372
158 1.05958
159 1.06503
160 1.0622
161 1.06082
162 1.05656
163 1.05924
164 1.05852
165 1.06106
166 1.05997
167 1.0605
168 1.06221
169 1.05787
170 1.06083
171 1.05551
172 1.05923
173 1.05457
174 1.05205
175 1.06349
176 1.05767
177 1.05798
178 1.05916
179 1.0576
180 1.06096
181 1.05647
182 1.05271
183 1.05764
184 1.05597
185 1.05826
186 1.05684
187 1.0559
188 1.05347
189 1.04974
190 1.05443
191 1.05289
192 1.05967
193 1.05441
194 1.05496
195 1.05581
196 1.05939
197 1.0549
198 1.05253
199 1.06246
200 1.05664
201 1.05347
202 1.05727
203 1.05913
204 1.05804
205 1.05194
206 1.05499
207 1.05001
208 1.05947
209 1.05805
210 1.05608
211 1.05993
212 1.0587
213 1.05496
214 1.06054
215 1.05814
216 1.05801
217 1.05569
218 1.05903
219 1.05583
220 1.0513
221 1.06063
222 1.05536
223 1.05359
224 1.05537
225 1.05359
226 1.05713
227 1.05316
228 1.06039
229 1.04836
230 1.05883
231 1.05045
232 1.06341
233 1.05907
234 1.06592
235 1.06236
236 1.05415
237 1.05641
238 1.05875
239 1.05915
240 1.05679
241 1.06183
242 1.05733
243 1.06106
244 1.05424
245 1.06281
246 1.05921
247 1.054
248 1.06136
249 1.05607
250 1.06273
251 1.05659
252 1.05979
253 1.06032
254 1.05405
255 1.0558
256 1.05956
257 1.05582
258 1.05225
259 1.05852
260 1.05519
261 1.05935
262 1.05324
263 1.06129
264 1.0647
265 1.05631
266 1.0608
267 1.05871
268 1.06095
269 1.06194
270 1.05509
271 1.05813
272 1.05373
273 1.05738
274 1.0598
275 1.0543
276 1.06094
277 1.05163
278 1.05559
279 1.05174
280 1.06331
281 1.05498
282 1.05229
283 1.05186
284 1.05611
285 1.05483
286 1.05483
287 1.06017
288 1.05377
289 1.06026
290 1.05731
291 1.05688
292 1.05294
293 1.05181
294 1.05477
295 1.05565
296 1.05555
297 1.0542
298 1.0536
299 1.06243
300 1.0548
301 1.05217
302 1.05717
303 1.0521
304 1.05036
305 1.04985
306 1.05301
307 1.05231
308 1.05355
309 1.05548
310 1.05477
311 1.05652
312 1.04864
313 1.05911
314 1.0557
315 1.06236
316 1.05485
317 1.05822
318 1.05311
319 1.05682
320 1.05826
321 1.05421
322 1.05388
323 1.05351
324 1.05543
325 1.05495
326 1.05438
327 1.05151
328 1.05267
329 1.04997
330 1.05909
331 1.05655
332 1.05802
333 1.05665
334 1.05004
335 1.05276
336 1.05639
337 1.05681
338 1.05799
339 1.05688
340 1.05439
341 1.05252
342 1.05579
343 1.05144
344 1.05257
345 1.05709
346 1.05686
347 1.0534
348 1.05698
349 1.04985
350 1.05381
351 1.05241
352 1.05573
353 1.05861
354 1.05919
355 1.05264
356 1.05205
357 1.05828
358 1.0515
359 1.05328
360 1.05704
361 1.05154
362 1.05838
363 1.05376
364 1.04875
365 1.05203
366 1.05364
367 1.05205
368 1.05202
369 1.05288
370 1.05357
371 1.0575
372 1.04989
373 1.05017
374 1.04994
375 1.05532
376 1.06023
377 1.05261
378 1.05922
379 1.0561
380 1.05625
381 1.05517
382 1.05821
383 1.05274
384 1.0585
385 1.0548
386 1.05867
387 1.05755
388 1.05969
389 1.05601
390 1.05673
391 1.05369
392 1.05444
393 1.05376
394 1.05818
395 1.05607
396 1.06406
397 1.05425
398 1.06062
399 1.05326
400 1.05483
401 1.05826
402 1.05655
403 1.04986
404 1.0614
405 1.05369
406 1.05356
407 1.06243
408 1.05469
409 1.05566
410 1.05393
411 1.05823
412 1.06005
413 1.05327
414 1.05546
415 1.05471
416 1.05948
417 1.05808
418 1.0538
419 1.0614
420 1.0563
421 1.0598
422 1.05626
423 1.05507
424 1.05914
425 1.06191
426 1.05964
427 1.05273
428 1.05827
429 1.05703
430 1.05532
431 1.05538
432 1.05956
433 1.05673
434 1.06064
435 1.05409
436 1.05702
437 1.05535
438 1.05937
439 1.05119
440 1.05462
441 1.05634
442 1.05205
443 1.05927
444 1.0581
445 1.05351
446 1.06026
447 1.05755
448 1.06093
449 1.05553
450 1.05541
451 1.05638
452 1.05856
453 1.06033
454 1.05323
455 1.05532
456 1.05476
457 1.05446
458 1.0587
459 1.05492
460 1.05934
461 1.0569
462 1.05129
463 1.05634
464 1.05827
465 1.06083
466 1.05364
467 1.05931
468 1.0553
469 1.05236
470 1.05356
471 1.05008
472 1.05335
473 1.05626
474 1.0585
475 1.05682
476 1.05254
477 1.05701
478 1.05645
479 1.05193
480 1.05075
481 1.05301
482 1.05716
483 1.05112
484 1.05071
485 1.05472
486 1.05692
487 1.05453
488 1.05103
489 1.05079
490 1.05196
491 1.05388
492 1.05102
493 1.05406
494 1.05753
495 1.05517
496 1.06083
497 1.05618
498 1.05498
499 1.04837
500 1.05616
501 1.05657
502 1.04973
503 1.05497
504 1.05563
505 1.05342
506 1.05313
507 1.05404
508 1.05637
509 1.05237
510 1.05332
511 1.05409
512 1.05286
513 1.04932
514 1.05413
515 1.05727
516 1.04836
517 1.05282
518 1.05439
519 1.05842
520 1.05474
521 1.05372
522 1.05854
523 1.05497
524 1.05563
525 1.05057
526 1.05531
527 1.05355
528 1.05173
529 1.04881
530 1.05034
531 1.05465
532 1.0505
533 1.05503
534 1.05184
535 1.05146
536 1.05258
537 1.05178
538 1.05266
539 1.05382
540 1.05342
541 1.05558
542 1.05243
543 1.0522
544 1.0538
545 1.05526
546 1.05174
547 1.0535
548 1.05007
549 1.05375
550 1.05418
551 1.05142
552 1.05824
553 1.05257
554 1.05354
555 1.05085
556 1.05687
557 1.04788
558 1.04989
559 1.05076
560 1.05411
561 1.04822
562 1.05432
563 1.05202
564 1.05405
565 1.05273
566 1.05937
567 1.04722
568 1.05164
569 1.05387
570 1.04974
571 1.0594
572 1.05298
573 1.05066
574 1.05306
575 1.05729
576 1.05374
577 1.05242
578 1.05083
579 1.0565
580 1.05372
581 1.05296
582 1.05617
583 1.04835
584 1.05258
585 1.04965
586 1.04689
587 1.05168
588 1.05287
589 1.05026
590 1.0535
591 1.05077
592 1.051
593 1.05065
594 1.05521
595 1.05443
596 1.05284
597 1.0541
598 1.05469
599 1.05279
600 1.05379
601 1.05478
602 1.05348
603 1.05581
604 1.05281
605 1.05842
606 1.05276
607 1.05324
608 1.05305
609 1.05919
610 1.05748
611 1.05444
612 1.05223
613 1.05236
614 1.05399
615 1.0591
616 1.05763
617 1.05668
618 1.05347
619 1.05253
620 1.05671
621 1.05157
622 1.05481
623 1.05656
624 1.05054
625 1.05419
626 1.05574
627 1.05414
628 1.04976
629 1.04981
630 1.0575
631 1.05304
632 1.05678
633 1.05066
634 1.05443
635 1.05495
636 1.0534
637 1.05762
638 1.0532
639 1.04955
640 1.05151
641 1.05703
642 1.05251
643 1.05422
644 1.05258
645 1.05548
646 1.05704
647 1.05493
648 1.0527
649 1.04978
650 1.05032
651 1.05592
652 1.05701
653 1.05291
654 1.05515
655 1.05538
656 1.06059
657 1.0543
658 1.05517
659 1.05123
660 1.05528
661 1.05829
662 1.05546
663 1.05926
664 1.05592
665 1.05489
666 1.05392
667 1.05573
668 1.05058
669 1.05568
670 1.05399
671 1.05788
672 1.05669
673 1.05052
674 1.0544
675 1.05472
676 1.057
677 1.05406
678 1.05435
679 1.05558
680 1.05104
681 1.05357
682 1.05736
683 1.05568
684 1.05834
685 1.05432
686 1.05571
687 1.05346
688 1.05384
689 1.05525
690 1.05417
691 1.05478
692 1.05672
693 1.05514
694 1.05359
695 1.05375
696 1.05217
697 1.05677
698 1.05213
699 1.05052
700 1.05617
701 1.05103
702 1.05457
703 1.05348
704 1.05478
705 1.05466
706 1.05541
707 1.05354
708 1.05231
709 1.05379
710 1.05772
711 1.05777
712 1.05301
713 1.05495
714 1.05277
715 1.05628
716 1.05469
717 1.05374
718 1.05313
719 1.0548
720 1.0616
721 1.05839
722 1.05632
723 1.06004
724 1.05212
725 1.05928
726 1.05816
727 1.05572
728 1.05975
729 1.05617
730 1.05648
731 1.05638
732 1.0534
733 1.05492
734 1.05661
735 1.05205
736 1.06091
737 1.05348
738 1.0556
739 1.06048
740 1.05158
741 1.05478
742 1.05824
743 1.05224
744 1.05259
745 1.05067
746 1.0518
747 1.05365
748 1.0513
749 1.049
750 1.05448
751 1.04778
752 1.0543
753 1.05403
754 1.05434
755 1.0574
756 1.05664
757 1.05424
758 1.05492
759 1.05411
760 1.05349
761 1.05521
762 1.05453
763 1.05686
764 1.05411
765 1.0479
766 1.05428
767 1.05296
768 1.05528
769 1.05189
770 1.05279
771 1.05244
772 1.04987
773 1.05205
774 1.05222
775 1.05382
776 1.05562
777 1.05213
778 1.05309
779 1.0542
780 1.05193
781 1.0528
782 1.0555
783 1.05146
784 1.05417
785 1.05544
786 1.05363
787 1.05482
788 1.05304
789 1.05385
790 1.05434
791 1.05668
792 1.05223
793 1.0549
794 1.05996
795 1.05043
796 1.05498
797 1.05171
798 1.05257
799 1.05365
800 1.05157
801 1.05154
802 1.05183
803 1.05312
804 1.05322
805 1.05734
806 1.04766
807 1.05933
808 1.0528
809 1.05237
810 1.05513
811 1.05303
812 1.05014
813 1.0508
814 1.05157
815 1.05456
816 1.04741
817 1.05339
818 1.0557
819 1.05452
820 1.05407
821 1.0545
822 1.04847
823 1.05151
824 1.05334
825 1.04934
826 1.05565
827 1.05075
828 1.05277
829 1.051
830 1.05232
831 1.05199
832 1.05282
833 1.04907
834 1.05362
835 1.05409
836 1.04922
837 1.04881
838 1.05845
839 1.0544
840 1.0499
841 1.05173
842 1.0525
843 1.05314
844 1.04909
845 1.05524
846 1.05189
847 1.05225
848 1.05384
849 1.05421
850 1.05434
851 1.05395
852 1.04735
853 1.05408
854 1.05222
855 1.04921
856 1.05243
857 1.04739
858 1.0555
859 1.05367
860 1.05344
861 1.05548
862 1.05339
863 1.05561
864 1.05117
865 1.04951
866 1.0559
867 1.04913
868 1.05042
869 1.05
870 1.05665
871 1.05131
872 1.05404
873 1.05079
874 1.05328
875 1.05402
876 1.05344
877 1.05226
878 1.04999
879 1.05028
880 1.04903
881 1.05164
882 1.04644
883 1.04887
884 1.05123
885 1.04868
886 1.05466
887 1.05258
888 1.05032
889 1.05043
890 1.05275
891 1.05304
892 1.04727
893 1.05309
894 1.05174
895 1.05049
896 1.05317
897 1.05158
898 1.04658
899 1.0517
900 1.05411
901 1.05403
902 1.05463
903 1.0549
904 1.05125
905 1.05068
906 1.05251
907 1.05427
908 1.0481
909 1.05276
910 1.05113
911 1.0515
912 1.04892
913 1.05194
914 1.05289
915 1.05254
916 1.04969
917 1.0467
918 1.05504
919 1.04629
920 1.0522
921 1.05471
922 1.04402
923 1.05266
924 1.05579
925 1.05261
926 1.05147
927 1.04874
928 1.05592
929 1.05184
930 1.05402
931 1.04769
932 1.05384
933 1.05184
934 1.05174
935 1.05015
936 1.05179
937 1.05585
938 1.05116
939 1.05023
940 1.05113
941 1.05031
942 1.05523
943 1.05302
944 1.04726
945 1.05465
946 1.04885
947 1.05234
948 1.05425
949 1.05529
950 1.05311
951 1.05591
952 1.05187
953 1.05592
954 1.05495
955 1.0529
956 1.05146
957 1.05114
958 1.05248
959 1.05069
960 1.05601
961 1.05463
962 1.05078
963 1.05458
964 1.05366
965 1.05115
966 1.05126
967 1.05363
968 1.05229
969 1.0509
970 1.05146
971 1.05184
972 1.05001
973 1.04929
974 1.05185
975 1.05393
976 1.04849
977 1.04963
978 1.05069
979 1.05808
980 1.0489
981 1.04942
982 1.05437
983 1.05511
984 1.05285
985 1.05161
986 1.05357
987 1.05387
988 1.05119
989 1.05232
990 1.05046
991 1.05427
992 1.05731
993 1.05529
994 1.04912
995 1.05307
996 1.05288
997 1.0524
998 1.05556
999 1.04919
1000 1.05502
1001 1.0557
1002 1.05038
1003 1.0542
1004 1.05219
1005 1.05307
1006 1.06105
1007 1.05188
1008 1.05525
1009 1.05179
1010 1.05136
1011 1.05301
1012 1.0524
1013 1.05425
1014 1.05489
1015 1.05338
1016 1.05549
1017 1.05135
1018 1.05459
1019 1.04948
1020 1.05515
1021 1.05122
1022 1.05411
1023 1.05567
1024 1.05436
1025 1.05388
1026 1.05397
1027 1.05066
1028 1.05266
1029 1.05382
1030 1.04842
1031 1.05642
1032 1.05305
1033 1.05746
1034 1.05338
1035 1.05489
1036 1.04972
1037 1.05523
1038 1.04985
1039 1.05904
1040 1.05566
1041 1.05118
1042 1.05657
1043 1.05337
1044 1.04999
1045 1.05816
1046 1.05065
1047 1.05266
1048 1.0588
1049 1.05613
1050 1.05268
1051 1.0512
1052 1.05523
1053 1.05739
1054 1.0536
1055 1.05526
1056 1.05464
1057 1.05512
1058 1.04942
1059 1.05385
1060 1.05837
1061 1.06025
1062 1.05016
1063 1.05045
1064 1.05815
1065 1.05281
1066 1.05694
1067 1.05627
1068 1.05428
1069 1.05841
1070 1.05279
1071 1.05428
1072 1.05442
1073 1.05773
1074 1.0547
1075 1.05822
1076 1.05913
1077 1.05476
1078 1.05264
1079 1.05766
1080 1.05342
1081 1.05396
1082 1.05897
1083 1.05582
1084 1.05327
1085 1.05498
1086 1.05902
1087 1.05632
1088 1.05441
1089 1.05159
1090 1.05479
1091 1.05338
1092 1.0525
1093 1.05061
1094 1.05437
1095 1.06023
1096 1.0578
1097 1.05544
1098 1.0556
1099 1.05257
1100 1.0493
1101 1.05278
1102 1.05466
1103 1.05446
1104 1.05628
1105 1.05067
1106 1.05129
1107 1.05557
1108 1.05515
1109 1.05257
1110 1.05594
1111 1.05458
1112 1.05278
1113 1.05436
1114 1.05578
1115 1.05516
1116 1.05403
1117 1.05357
1118 1.05627
1119 1.05261
1120 1.05004
1121 1.059
1122 1.05769
1123 1.05349
1124 1.05562
1125 1.05448
1126 1.05316
1127 1.05635
1128 1.05698
1129 1.05252
1130 1.05192
1131 1.05712
1132 1.05818
1133 1.05439
1134 1.05223
1135 1.05195
1136 1.05018
1137 1.05429
1138 1.05169
1139 1.05262
1140 1.05243
1141 1.05232
1142 1.06024
1143 1.05387
1144 1.05662
1145 1.05593
1146 1.05859
1147 1.06121
1148 1.05528
1149 1.05596
1150 1.05719
1151 1.05337
1152 1.05531
1153 1.05272
1154 1.04986
1155 1.05264
1156 1.05573
1157 1.05419
1158 1.05276
1159 1.05352
1160 1.05587
1161 1.0547
1162 1.05399
1163 1.05747
1164 1.05435
1165 1.05055
1166 1.05158
1167 1.05495
1168 1.05379
1169 1.05395
1170 1.05069
1171 1.05689
1172 1.05462
1173 1.05109
1174 1.05445
1175 1.05548
1176 1.0526
1177 1.05361
1178 1.0559
1179 1.05419
1180 1.05876
1181 1.06081
1182 1.05309
1183 1.05342
1184 1.05515
1185 1.05484
1186 1.05552
1187 1.0544
1188 1.05276
1189 1.05601
1190 1.05417
1191 1.05414
1192 1.0548
1193 1.05531
1194 1.05406
1195 1.05256
1196 1.05278
1197 1.05404
1198 1.05435
1199 1.05712
1200 1.05276
1201 1.0576
1202 1.05544
1203 1.05832
1204 1.05539
1205 1.05258
1206 1.05751
1207 1.05213
1208 1.05312
1209 1.05403
1210 1.05157
1211 1.05239
1212 1.05366
1213 1.05401
1214 1.05117
1215 1.05104
1216 1.05521
1217 1.05167
1218 1.0545
1219 1.05467
1220 1.05333
1221 1.05944
1222 1.04931
1223 1.05151
1224 1.05529
1225 1.05372
1226 1.05586
1227 1.05168
1228 1.05368
1229 1.05482
1230 1.0513
1231 1.0593
1232 1.05304
1233 1.05502
1234 1.05527
1235 1.05049
1236 1.05234
1237 1.05289
1238 1.05738
1239 1.0529
1240 1.05086
1241 1.05397
1242 1.05174
1243 1.05067
1244 1.04784
1245 1.05186
1246 1.05812
1247 1.05776
1248 1.05533
1249 1.0541
1250 1.0502
1251 1.05704
1252 1.05383
1253 1.05413
1254 1.0517
1255 1.05209
1256 1.0576
1257 1.05156
1258 1.05276
1259 1.0547
1260 1.05456
1261 1.05017
1262 1.05333
1263 1.05334
1264 1.05087
1265 1.05339
1266 1.05115
1267 1.04928
1268 1.05091
1269 1.04995
1270 1.05573
1271 1.05416
1272 1.05717
1273 1.05456
1274 1.05475
1275 1.05448
1276 1.04952
1277 1.05192
1278 1.05344
1279 1.056
1280 1.05746
1281 1.05426
1282 1.05102
1283 1.05448
1284 1.05435
1285 1.05045
1286 1.05122
1287 1.04825
1288 1.05239
1289 1.04866
1290 1.05131
1291 1.05501
1292 1.05398
1293 1.05458
1294 1.05253
1295 1.05211
1296 1.0489
1297 1.04997
1298 1.05039
1299 1.05094
1300 1.04859
1301 1.05132
1302 1.05369
1303 1.05567
1304 1.05132
1305 1.05383
1306 1.05137
1307 1.05534
1308 1.04868
1309 1.05337
1310 1.05116
1311 1.05547
1312 1.05112
1313 1.04962
1314 1.05268
1315 1.0566
1316 1.05181
1317 1.05125
1318 1.0502
1319 1.0524
1320 1.04925
1321 1.05059
1322 1.04996
1323 1.04897
1324 1.05408
1325 1.05394
1326 1.05304
1327 1.05151
1328 1.04954
1329 1.05133
1330 1.04878
1331 1.05216
1332 1.05264
1333 1.05083
1334 1.05325
1335 1.05243
1336 1.05155
1337 1.05316
1338 1.05058
1339 1.05241
1340 1.04675
1341 1.05596
1342 1.05216
1343 1.05117
1344 1.04846
1345 1.05104
1346 1.04911
1347 1.04954
1348 1.04833
1349 1.05234
1350 1.05257
1351 1.0525
1352 1.05308
1353 1.05253
1354 1.05355
1355 1.05013
1356 1.05251
1357 1.05324
1358 1.0504
1359 1.05082
1360 1.05245
1361 1.04683
1362 1.04755
1363 1.04946
1364 1.05349
1365 1.0513
1366 1.05021
1367 1.05125
1368 1.05309
1369 1.04984
1370 1.04849
1371 1.04729
1372 1.05231
1373 1.05099
1374 1.05211
1375 1.0523
1376 1.05577
1377 1.05224
1378 1.05286
1379 1.05422
1380 1.05121
1381 1.05215
1382 1.0479
1383 1.04973
1384 1.05228
1385 1.05033
1386 1.04805
1387 1.04901
1388 1.05055
1389 1.04702
1390 1.04994
1391 1.05141
1392 1.05214
1393 1.04942
1394 1.05032
1395 1.051
1396 1.05291
1397 1.04998
1398 1.0509
1399 1.05247
1400 1.04836
1401 1.05267
1402 1.05308
1403 1.05128
1404 1.0507
1405 1.05175
1406 1.05087
1407 1.04762
1408 1.04901
1409 1.05055
1410 1.05124
1411 1.04889
1412 1.04848
1413 1.04938
1414 1.04835
1415 1.05171
1416 1.04918
1417 1.04732
1418 1.05097
1419 1.04795
1420 1.04887
1421 1.04721
1422 1.05051
1423 1.05186
1424 1.04894
1425 1.0495
1426 1.04777
1427 1.05175
1428 1.04912
1429 1.05661
1430 1.05191
1431 1.05293
1432 1.04819
1433 1.05221
1434 1.04783
1435 1.05092
1436 1.0467
1437 1.0505
1438 1.05005
1439 1.04975
1440 1.04987
1441 1.05613
1442 1.04967
1443 1.05407
1444 1.04804
1445 1.0472
1446 1.05272
1447 1.05016
1448 1.04307
1449 1.04915
1450 1.05012
1451 1.04933
1452 1.04821
1453 1.0513
1454 1.04895
1455 1.05163
1456 1.04975
1457 1.04831
1458 1.05135
1459 1.05817
1460 1.0481
1461 1.04845
1462 1.05126
1463 1.04532
1464 1.04902
1465 1.05052
1466 1.05361
1467 1.05284
1468 1.05039
1469 1.04845
1470 1.05564
1471 1.04968
1472 1.04699
1473 1.04905
1474 1.04916
1475 1.0493
1476 1.05186
1477 1.05189
1478 1.05346
1479 1.05193
1480 1.04876
1481 1.05093
1482 1.05251
1483 1.05075
1484 1.04989
1485 1.04852
1486 1.05064
1487 1.05394
1488 1.05264
1489 1.04968
1490 1.05201
1491 1.04709
1492 1.04832
1493 1.05289
1494 1.04886
1495 1.05386
1496 1.04997
1497 1.04937
1498 1.0535
1499 1.05304
1500 1.05476
1501 1.04755
1502 1.05004
1503 1.05085
1504 1.05043
1505 1.0523
1506 1.0479
1507 1.0523
1508 1.05038
1509 1.05229
1510 1.05395
1511 1.04868
1512 1.04853
1513 1.04685
1514 1.0505
1515 1.05337
1516 1.047
1517 1.04821
1518 1.05446
1519 1.05453
1520 1.05161
1521 1.04936
1522 1.04629
1523 1.05148
1524 1.04916
1525 1.05089
1526 1.05116
1527 1.0556
1528 1.05425
1529 1.04635
1530 1.05141
1531 1.04782
1532 1.05213
1533 1.05306
1534 1.05096
1535 1.04713
1536 1.05347
1537 1.04975
1538 1.05151
1539 1.04928
1540 1.04885
1541 1.05508
1542 1.05038
1543 1.05405
1544 1.05334
1545 1.05008
1546 1.0519
1547 1.04627
1548 1.05027
1549 1.05038
1550 1.05113
1551 1.0483
1552 1.05245
1553 1.0496
1554 1.05488
1555 1.05165
1556 1.0529
1557 1.05219
1558 1.04853
1559 1.0518
1560 1.05118
1561 1.05031
1562 1.04957
1563 1.05109
1564 1.04828
1565 1.04644
1566 1.05123
1567 1.05491
1568 1.0548
1569 1.0501
1570 1.05237
1571 1.05215
1572 1.05004
1573 1.05316
1574 1.05359
1575 1.05277
1576 1.05079
1577 1.04866
1578 1.04719
1579 1.05405
1580 1.05415
1581 1.05487
1582 1.05218
1583 1.04895
1584 1.0514
1585 1.05297
1586 1.05466
1587 1.05376
1588 1.05271
1589 1.04674
1590 1.05175
1591 1.0561
1592 1.05255
1593 1.05384
1594 1.05283
1595 1.04982
1596 1.04972
1597 1.04812
1598 1.05334
1599 1.05206
1600 1.04888
1601 1.05471
1602 1.05178
1603 1.04989
1604 1.04871
1605 1.04961
1606 1.04878
1607 1.0506
1608 1.04865
1609 1.05154
1610 1.05277
1611 1.04863
1612 1.05378
1613 1.05435
1614 1.05284
1615 1.05069
1616 1.05089
1617 1.05077
1618 1.05597
1619 1.04698
1620 1.05479
1621 1.05452
1622 1.05137
1623 1.05345
1624 1.04812
1625 1.05141
1626 1.05411
1627 1.0569
1628 1.05452
1629 1.04531
1630 1.05256
1631 1.05206
1632 1.05056
1633 1.05196
1634 1.05991
1635 1.0467
1636 1.0556
1637 1.05451
1638 1.05169
1639 1.05057
1640 1.04929
1641 1.05551
1642 1.05226
1643 1.05405
1644 1.05401
1645 1.05055
1646 1.05241
1647 1.04921
1648 1.05164
1649 1.04918
1650 1.04962
1651 1.05376
1652 1.05459
1653 1.05133
1654 1.05204
1655 1.04988
1656 1.05252
1657 1.04918
1658 1.05717
1659 1.0538
1660 1.05281
1661 1.05164
1662 1.05071
1663 1.05682
1664 1.05416
1665 1.05288
1666 1.05701
1667 1.05322
1668 1.04986
1669 1.05087
1670 1.05378
1671 1.05167
1672 1.05276
1673 1.05557
1674 1.05188
1675 1.05273
1676 1.05266
1677 1.04901
1678 1.05627
1679 1.05108
1680 1.05153
1681 1.05588
1682 1.0526
1683 1.05618
1684 1.05349
1685 1.05218
1686 1.05457
1687 1.05093
1688 1.05241
1689 1.05418
1690 1.05493
1691 1.05525
1692 1.05246
1693 1.05074
1694 1.0532
1695 1.05241
1696 1.05551
1697 1.05717
1698 1.05051
1699 1.05757
1700 1.05557
1701 1.05252
1702 1.05262
1703 1.05576
1704 1.0568
1705 1.05061
1706 1.05558
1707 1.05028
1708 1.0523
1709 1.05372
1710 1.05302
1711 1.05435
1712 1.05554
1713 1.05418
1714 1.05098
1715 1.04851
1716 1.05388
1717 1.05683
1718 1.05292
1719 1.05276
1720 1.05196
1721 1.05118
1722 1.05159
1723 1.053
1724 1.04899
1725 1.05347
1726 1.05091
1727 1.04868
1728 1.05228
1729 1.05608
1730 1.05355
1731 1.05416
1732 1.0546
1733 1.05147
1734 1.05166
1735 1.05473
1736 1.05137
1737 1.05725
1738 1.05507
1739 1.05548
1740 1.0522
1741 1.05432
1742 1.05297
1743 1.05183
1744 1.05732
1745 1.05322
1746 1.05128
1747 1.05514
1748 1.05754
1749 1.05199
1750 1.05213
1751 1.05167
1752 1.05371
1753 1.05116
1754 1.05391
1755 1.05147
1756 1.0531
1757 1.05297
1758 1.05294
1759 1.05407
1760 1.05514
1761 1.05778
1762 1.05263
1763 1.05207
1764 1.05413
1765 1.05636
1766 1.04896
1767 1.05641
1768 1.05538
1769 1.0552
1770 1.05394
1771 1.05033
1772 1.0531
1773 1.05559
1774 1.05592
1775 1.0543
1776 1.05481
1777 1.05391
1778 1.05026
1779 1.05019
1780 1.05144
1781 1.05201
1782 1.05019
1783 1.04884
1784 1.05214
1785 1.05486
1786 1.05381
1787 1.05186
1788 1.05164
1789 1.05509
1790 1.05315
1791 1.05024
1792 1.05671
1793 1.05339
1794 1.05857
1795 1.0535
1796 1.05494
1797 1.05344
1798 1.05229
1799 1.05665
1800 1.05417
1801 1.05486
1802 1.05516
1803 1.05261
1804 1.05663
1805 1.05063
1806 1.05609
1807 1.05451
1808 1.05154
1809 1.05058
1810 1.05566
1811 1.05164
1812 1.05301
1813 1.0583
1814 1.05183
1815 1.05329
1816 1.05291
1817 1.05084
1818 1.05709
1819 1.05067
1820 1.05457
1821 1.05582
1822 1.05102
1823 1.05723
1824 1.05089
1825 1.05472
1826 1.05476
1827 1.05845
1828 1.05829
1829 1.05357
1830 1.05572
1831 1.0554
1832 1.05392
1833 1.04902
1834 1.05438
1835 1.0571
1836 1.05207
1837 1.05698
1838 1.05419
1839 1.05401
1840 1.05404
1841 1.05198
1842 1.05346
1843 1.05249
1844 1.05072
1845 1.05312
1846 1.05744
1847 1.05429
1848 1.05179
1849 1.05343
1850 1.05656
1851 1.0537
1852 1.05499
1853 1.05273
1854 1.05173
1855 1.05478
1856 1.05215
1857 1.05539
1858 1.05124
1859 1.04913
1860 1.05277
1861 1.05276
1862 1.05234
1863 1.05612
1864 1.05119
1865 1.05534
1866 1.05562
1867 1.05477
1868 1.05156
1869 1.05651
1870 1.05286
1871 1.04916
1872 1.05037
1873 1.05029
1874 1.05073
1875 1.05274
1876 1.0523
1877 1.05305
1878 1.05633
1879 1.05518
1880 1.05067
1881 1.05484
1882 1.05669
1883 1.05552
1884 1.05066
1885 1.0508
1886 1.05418
1887 1.05474
1888 1.05593
1889 1.05119
1890 1.05629
1891 1.05029
1892 1.0543
1893 1.05196
1894 1.05109
1895 1.04944
1896 1.05529
1897 1.05591
1898 1.05419
1899 1.05609
1900 1.05373
1901 1.0497
1902 1.05423
1903 1.05127
1904 1.0532
1905 1.05435
1906 1.0537
1907 1.05087
1908 1.05601
1909 1.05533
1910 1.05303
1911 1.0562
1912 1.05757
1913 1.05309
1914 1.05163
1915 1.05642
1916 1.05139
1917 1.05132
1918 1.05186
1919 1.05414
1920 1.0527
1921 1.05268
1922 1.05314
1923 1.05347
1924 1.05247
1925 1.05235
1926 1.05284
1927 1.05198
1928 1.04681
1929 1.05468
1930 1.05204
1931 1.05222
1932 1.05435
1933 1.05649
1934 1.05042
1935 1.05327
1936 1.05076
1937 1.05071
1938 1.05204
1939 1.05429
1940 1.04884
1941 1.05173
1942 1.05417
1943 1.05493
1944 1.05348
1945 1.0487
1946 1.05493
1947 1.05729
1948 1.05227
1949 1.05064
1950 1.0526
1951 1.05261
1952 1.05293
1953 1.05163
1954 1.05279
1955 1.05242
1956 1.05425
1957 1.05446
1958 1.05319
1959 1.05246
1960 1.0525
1961 1.05455
1962 1.05068
1963 1.05531
1964 1.05601
1965 1.05388
1966 1.0509
1967 1.05197
1968 1.05166
1969 1.04955
1970 1.05078
1971 1.05635
1972 1.05655
1973 1.05422
1974 1.05419
1975 1.0541
1976 1.05223
1977 1.04743
1978 1.05355
1979 1.05318
1980 1.05618
1981 1.05167
1982 1.0519
1983 1.05226
1984 1.05379
1985 1.05285
1986 1.0479
1987 1.05086
1988 1.04872
1989 1.05234
1990 1.05201
1991 1.05154
1992 1.05299
1993 1.05412
1994 1.05605
1995 1.05077
1996 1.05305
1997 1.05176
1998 1.05163
1999 1.05179
2000 1.05017
2001 1.0542
2002 1.05602
2003 1.05264
2004 1.05037
2005 1.0546
2006 1.0499
2007 1.05193
2008 1.05002
2009 1.05145
2010 1.0528
2011 1.05365
2012 1.05066
2013 1.05067
2014 1.05237
2015 1.05304
2016 1.05219
2017 1.05496
2018 1.05278
2019 1.0539
2020 1.05
2021 1.05474
2022 1.04841
2023 1.05431
2024 1.05543
2025 1.04977
2026 1.05232
2027 1.04953
2028 1.05155
2029 1.05649
2030 1.05394
2031 1.05084
2032 1.04868
2033 1.0513
2034 1.0524
2035 1.05586
2036 1.05176
2037 1.05035
2038 1.05505
2039 1.05202
2040 1.05649
2041 1.057
2042 1.04945
2043 1.05088
2044 1.04887
2045 1.04994
2046 1.04981
2047 1.05383
2048 1.05112
2049 1.05329
2050 1.0514
2051 1.05156
2052 1.0539
2053 1.05105
2054 1.05514
2055 1.05191
2056 1.05397
2057 1.05169
2058 1.05014
2059 1.05326
2060 1.04993
2061 1.04995
2062 1.05378
2063 1.05638
2064 1.0534
2065 1.05136
2066 1.05248
2067 1.05052
2068 1.04842
2069 1.05233
2070 1.05116
2071 1.05431
2072 1.05204
2073 1.05267
2074 1.05168
2075 1.04953
2076 1.05424
2077 1.05054
2078 1.05014
2079 1.05185
2080 1.0548
2081 1.05334
2082 1.04833
2083 1.04893
2084 1.05115
2085 1.0533
2086 1.04883
2087 1.04899
2088 1.05423
2089 1.04891
2090 1.0547
2091 1.05129
2092 1.05012
2093 1.05365
2094 1.05001
2095 1.05025
2096 1.0489
2097 1.04777
2098 1.05102
2099 1.04798
2100 1.05052
2101 1.04819
2102 1.05237
2103 1.05189
2104 1.05027
2105 1.05326
2106 1.05399
2107 1.0484
2108 1.0494
2109 1.05136
2110 1.04852
2111 1.05085
2112 1.05168
2113 1.05424
2114 1.04782
2115 1.05145
2116 1.05226
2117 1.05395
2118 1.04826
2119 1.04841
2120 1.05012
2121 1.05145
2122 1.05071
2123 1.05141
2124 1.05112
2125 1.0495
2126 1.0516
2127 1.05323
2128 1.05269
2129 1.05104
2130 1.05279
2131 1.05081
2132 1.05369
2133 1.05249
2134 1.05058
2135 1.04939
2136 1.05353
2137 1.04695
2138 1.04818
2139 1.05514
2140 1.05244
2141 1.0479
2142 1.05062
2143 1.05295
2144 1.05215
2145 1.05148
2146 1.04627
2147 1.0496
2148 1.05272
2149 1.04958
2150 1.04945
2151 1.05083
2152 1.04876
2153 1.0503
2154 1.0504
2155 1.05216
2156 1.05335
2157 1.05286
2158 1.05357
2159 1.04697
2160 1.05213
2161 1.0516
2162 1.05109
2163 1.05194
2164 1.05232
2165 1.04831
2166 1.05066
2167 1.05086
2168 1.0505
2169 1.04875
2170 1.04975
2171 1.05162
2172 1.05029
2173 1.04935
2174 1.05048
2175 1.05093
2176 1.05299
2177 1.05
2178 1.05203
2179 1.05267
2180 1.05638
2181 1.05136
2182 1.05337
2183 1.04988
2184 1.0519
2185 1.04762
2186 1.04538
2187 1.05383
2188 1.0486
2189 1.05194
2190 1.05254
2191 1.05399
2192 1.05129
2193 1.05343
2194 1.05242
2195 1.05146
2196 1.05201
2197 1.04882
2198 1.0511
2199 1.04754
2200 1.05125
2201 1.05129
2202 1.05216
2203 1.04921
2204 1.05085
2205 1.05234
2206 1.04961
2207 1.04922
2208 1.04846
2209 1.05149
2210 1.0474
2211 1.054
2212 1.05237
2213 1.05132
2214 1.04928
2215 1.05059
2216 1.05044
2217 1.05046
2218 1.05376
2219 1.0476
2220 1.05109
2221 1.05155
2222 1.0517
2223 1.05117
2224 1.04911
2225 1.05127
2226 1.0488
2227 1.05196
2228 1.05345
2229 1.0554
2230 1.04771
2231 1.05081
2232 1.05141
2233 1.05086
2234 1.05018
2235 1.05302
2236 1.05474
2237 1.05272
2238 1.05096
2239 1.04898
2240 1.05
2241 1.05128
2242 1.04645
2243 1.04905
2244 1.05222
2245 1.04737
2246 1.04955
2247 1.05252
2248 1.04947
2249 1.05089
2250 1.04732
2251 1.05022
2252 1.04512
2253 1.04928
2254 1.04639
2255 1.05379
2256 1.05084
2257 1.04763
2258 1.05231
2259 1.05093
2260 1.05572
2261 1.04679
2262 1.05188
2263 1.05257
2264 1.05047
2265 1.04883
2266 1.04922
2267 1.05076
2268 1.05043
2269 1.05095
2270 1.05168
2271 1.04918
2272 1.05116
2273 1.04951
2274 1.05141
2275 1.0478
2276 1.05009
2277 1.05237
2278 1.0491
2279 1.04965
2280 1.05015
2281 1.05163
2282 1.0498
2283 1.05182
2284 1.05079
2285 1.05069
2286 1.05159
2287 1.04786
2288 1.04692
2289 1.04918
2290 1.04646
2291 1.04726
2292 1.05054
2293 1.05221
2294 1.04751
2295 1.04966
2296 1.05437
2297 1.04757
2298 1.05042
2299 1.04897
2300 1.05085
2301 1.04796
2302 1.0526
2303 1.05114
2304 1.0524
2305 1.05567
2306 1.04642
2307 1.04787
2308 1.05214
2309 1.04924
2310 1.05002
2311 1.05082
2312 1.0499
2313 1.04917
2314 1.0511
2315 1.04722
2316 1.05172
2317 1.04839
2318 1.05283
2319 1.05079
2320 1.04809
2321 1.04737
2322 1.05156
2323 1.04986
2324 1.0497
2325 1.04668
2326 1.05446
2327 1.04708
2328 1.05041
2329 1.05086
2330 1.05145
2331 1.04994
2332 1.05171
2333 1.04744
2334 1.05445
2335 1.05084
2336 1.04767
2337 1.05126
2338 1.05318
2339 1.04895
2340 1.04823
2341 1.04352
2342 1.04696
2343 1.05005
2344 1.04798
2345 1.05068
2346 1.05283
2347 1.05166
2348 1.04737
2349 1.05028
2350 1.05118
2351 1.04909
2352 1.05286
2353 1.04828
2354 1.05286
2355 1.04788
2356 1.04544
2357 1.05193
2358 1.05146
2359 1.04725
2360 1.05062
2361 1.05044
2362 1.05045
2363 1.04931
2364 1.04626
2365 1.04764
2366 1.05211
2367 1.05606
2368 1.04986
2369 1.04873
2370 1.04924
2371 1.05264
2372 1.05112
2373 1.04989
2374 1.04936
2375 1.04732
2376 1.04983
2377 1.05088
2378 1.05042
2379 1.04875
2380 1.04856
2381 1.04398
2382 1.05179
2383 1.0478
2384 1.04503
2385 1.04643
2386 1.04995
2387 1.04883
2388 1.05213
2389 1.04933
2390 1.04847
2391 1.04792
2392 1.05312
2393 1.04698
2394 1.04787
2395 1.05264
2396 1.04903
2397 1.05003
2398 1.05513
2399 1.04901
2400 1.05213
2401 1.04916
2402 1.04927
2403 1.04601
2404 1.04852
2405 1.04465
2406 1.04973
2407 1.04886
2408 1.04812
2409 1.04602
2410 1.05278
2411 1.0493
2412 1.05003
2413 1.04985
2414 1.04765
2415 1.04477
2416 1.05106
2417 1.04768
2418 1.04856
2419 1.05234
2420 1.04698
2421 1.05112
2422 1.04638
2423 1.04865
2424 1.04932
2425 1.04771
2426 1.05039
2427 1.04849
2428 1.0488
2429 1.05424
2430 1.05085
2431 1.05218
2432 1.05008
2433 1.04697
2434 1.05201
2435 1.04868
2436 1.04855
2437 1.04946
2438 1.04519
2439 1.05334
2440 1.05279
2441 1.05161
2442 1.05057
2443 1.0515
2444 1.04899
2445 1.05253
2446 1.04628
2447 1.05435
2448 1.04779
2449 1.0496
2450 1.04768
2451 1.05269
2452 1.04745
2453 1.04845
2454 1.05193
2455 1.0481
2456 1.0531
2457 1.05096
2458 1.04914
2459 1.04809
2460 1.05113
2461 1.05339
2462 1.05135
2463 1.04849
2464 1.05396
2465 1.04774
2466 1.05099
2467 1.04968
2468 1.05217
2469 1.04868
2470 1.05089
2471 1.04944
2472 1.05007
2473 1.04701
2474 1.05133
2475 1.05272
2476 1.04915
2477 1.04902
2478 1.05038
2479 1.04614
2480 1.05009
2481 1.04604
2482 1.05126
2483 1.0497
2484 1.04816
2485 1.05194
2486 1.05084
2487 1.05175
2488 1.05317
2489 1.04525
2490 1.04978
2491 1.04995
2492 1.0536
2493 1.04882
2494 1.04822
2495 1.05007
2496 1.05122
2497 1.0547
2498 1.05305
2499 1.04943
2500 1.04933
2501 1.05192
2502 1.05042
2503 1.05213
2504 1.04788
2505 1.05249
2506 1.0484
2507 1.05225
2508 1.05182
2509 1.04767
2510 1.05285
2511 1.04992
2512 1.0475
2513 1.05049
2514 1.0496
2515 1.05451
2516 1.05303
2517 1.05341
2518 1.05016
2519 1.04932
2520 1.0456
2521 1.04956
2522 1.05242
2523 1.05305
2524 1.04708
2525 1.04664
2526 1.05138
2527 1.04893
2528 1.05009
2529 1.04796
2530 1.05063
2531 1.05517
2532 1.05024
2533 1.04881
2534 1.04802
2535 1.05007
2536 1.05049
2537 1.04982
2538 1.04721
2539 1.05356
2540 1.04782
2541 1.04821
2542 1.05016
2543 1.0505
2544 1.04921
2545 1.05048
2546 1.04858
2547 1.05046
2548 1.05111
2549 1.04922
2550 1.04982
2551 1.04797
2552 1.04973
2553 1.05183
2554 1.05145
2555 1.0502
2556 1.04818
2557 1.05077
2558 1.04907
2559 1.05301
2560 1.05362
2561 1.04978
2562 1.05035
2563 1.04789
2564 1.04774
2565 1.05014
2566 1.05061
2567 1.04721
2568 1.0473
2569 1.05015
2570 1.05101
2571 1.04736
2572 1.05012
2573 1.04823
2574 1.05364
2575 1.0505
2576 1.04929
2577 1.05035
2578 1.04983
2579 1.05448
2580 1.05028
2581 1.05142
2582 1.05275
2583 1.05098
2584 1.04736
2585 1.05345
2586 1.04593
2587 1.04688
2588 1.05307
2589 1.04875
2590 1.05362
2591 1.05258
2592 1.05038
2593 1.05124
2594 1.05167
2595 1.04894
2596 1.05071
2597 1.04902
2598 1.04888
2599 1.04915
2600 1.05009
2601 1.04882
2602 1.0547
2603 1.052
2604 1.05346
2605 1.05078
2606 1.05069
2607 1.05041
2608 1.05268
2609 1.05063
2610 1.05117
2611 1.05111
2612 1.04804
2613 1.05523
2614 1.05144
2615 1.05123
2616 1.04978
2617 1.05043
2618 1.05453
2619 1.05219
2620 1.05208
2621 1.04854
2622 1.05161
2623 1.04881
2624 1.0507
2625 1.0521
2626 1.04776
2627 1.04996
2628 1.0502
2629 1.05385
2630 1.05313
2631 1.05344
2632 1.05518
2633 1.05176
2634 1.05289
2635 1.05674
2636 1.05005
2637 1.05311
2638 1.05125
2639 1.05385
2640 1.05315
2641 1.05116
2642 1.04935
2643 1.05141
2644 1.05273
2645 1.05209
2646 1.04917
2647 1.0536
2648 1.04963
2649 1.05259
2650 1.05127
2651 1.05321
2652 1.05219
2653 1.0534
2654 1.05103
2655 1.04952
2656 1.05215
2657 1.05093
2658 1.05045
2659 1.05588
2660 1.04843
2661 1.05264
2662 1.04996
2663 1.052
2664 1.05623
2665 1.04958
2666 1.04943
2667 1.05217
2668 1.05291
2669 1.05222
2670 1.04837
2671 1.05001
2672 1.0508
2673 1.05041
2674 1.05446
2675 1.05463
2676 1.05059
2677 1.05218
2678 1.05401
2679 1.05128
2680 1.05256
2681 1.04916
2682 1.05673
2683 1.04928
2684 1.0567
2685 1.05379
2686 1.05327
2687 1.05525
2688 1.05237
2689 1.05179
2690 1.05254
2691 1.05159
2692 1.05434
2693 1.05195
2694 1.04955
2695 1.05224
2696 1.05081
2697 1.04976
2698 1.05469
2699 1.05014
2700 1.05087
2701 1.05241
2702 1.0489
2703 1.05134
2704 1.04861
2705 1.04845
2706 1.05064
2707 1.0525
2708 1.05413
2709 1.05208
2710 1.04945
2711 1.04922
2712 1.04484
2713 1.04976
2714 1.05198
2715 1.05115
2716 1.05317
2717 1.04946
2718 1.05138
2719 1.05349
2720 1.05104
2721 1.05498
2722 1.05464
2723 1.0497
2724 1.05212
2725 1.05165
2726 1.05128
2727 1.05303
2728 1.05151
2729 1.0519
2730 1.05146
2731 1.05038
2732 1.05372
2733 1.05494
2734 1.05199
2735 1.05172
2736 1.05333
2737 1.05548
2738 1.05331
2739 1.05693
2740 1.05218
2741 1.05345
2742 1.04998
2743 1.05477
2744 1.04808
2745 1.05304
2746 1.05431
2747 1.05139
2748 1.05119
2749 1.04471
2750 1.05451
2751 1.05368
2752 1.0487
2753 1.04812
2754 1.0507
2755 1.05289
2756 1.05162
2757 1.05022
2758 1.05143
2759 1.05344
2760 1.05085
2761 1.05239
2762 1.05551
2763 1.05219
2764 1.04917
2765 1.05231
2766 1.05883
2767 1.05337
2768 1.05142
2769 1.05217
2770 1.05033
2771 1.05126
2772 1.05303
2773 1.05397
2774 1.05229
2775 1.05585
2776 1.0542
2777 1.05567
2778 1.05234
2779 1.0536
2780 1.05324
2781 1.05077
2782 1.05286
2783 1.05379
2784 1.05134
2785 1.05096
2786 1.0537
2787 1.05244
2788 1.05408
2789 1.05227
2790 1.05011
2791 1.05572
2792 1.05109
2793 1.05246
2794 1.05394
2795 1.05312
2796 1.05469
2797 1.05481
2798 1.05156
2799 1.05226
2800 1.05324
2801 1.04707
2802 1.0541
2803 1.05224
2804 1.05503
2805 1.04891
2806 1.04926
2807 1.05152
2808 1.05239
2809 1.05317
2810 1.0515
2811 1.05506
2812 1.05673
2813 1.05373
2814 1.05097
2815 1.05281
2816 1.04985
2817 1.05589
2818 1.05564
2819 1.0517
2820 1.05258
2821 1.05402
2822 1.05331
2823 1.05227
2824 1.05244
2825 1.05351
2826 1.05089
2827 1.05155
2828 1.05172
2829 1.05496
2830 1.05578
2831 1.04702
2832 1.05012
2833 1.05507
2834 1.0566
2835 1.05811
2836 1.05417
2837 1.05145
2838 1.05487
2839 1.05279
2840 1.05197
2841 1.05476
2842 1.04929
2843 1.04791
2844 1.05144
2845 1.0524
2846 1.05425
2847 1.05618
2848 1.05727
2849 1.05357
2850 1.0537
2851 1.05142
2852 1.05308
2853 1.05258
2854 1.0525
2855 1.05168
2856 1.04894
2857 1.05606
2858 1.05675
2859 1.05663
2860 1.05606
2861 1.05075
2862 1.0543
2863 1.05322
2864 1.05644
2865 1.05325
2866 1.05069
2867 1.05302
2868 1.05098
2869 1.05351
2870 1.05612
2871 1.05308
2872 1.05266
2873 1.05261
2874 1.05316
2875 1.05633
2876 1.05412
2877 1.05175
2878 1.05283
2879 1.05389
2880 1.05213
2881 1.0558
2882 1.05272
2883 1.05408
2884 1.05334
2885 1.05575
2886 1.05244
2887 1.05007
2888 1.05192
2889 1.05081
2890 1.05433
2891 1.05053
2892 1.05182
2893 1.05325
2894 1.05433
2895 1.05374
2896 1.05338
2897 1.05183
2898 1.05277
2899 1.05463
2900 1.05468
2901 1.05289
2902 1.05761
2903 1.05364
2904 1.05393
2905 1.05137
2906 1.05586
2907 1.05072
2908 1.05373
2909 1.05061
2910 1.05304
2911 1.05275
2912 1.05202
2913 1.05854
2914 1.0528
2915 1.05863
2916 1.05297
2917 1.05593
2918 1.05568
2919 1.05813
2920 1.05051
2921 1.05236
2922 1.05225
2923 1.05562
2924 1.05388
2925 1.04922
2926 1.0539
2927 1.05481
2928 1.05257
2929 1.05411
2930 1.05314
2931 1.0501
2932 1.0531
2933 1.05384
2934 1.05358
2935 1.05152
2936 1.05344
2937 1.04985
2938 1.05326
2939 1.05529
2940 1.05236
2941 1.05181
2942 1.05239
2943 1.05066
2944 1.05617
2945 1.05426
2946 1.05346
2947 1.05359
2948 1.0533
2949 1.05559
2950 1.05561
2951 1.05267
2952 1.05514
2953 1.05186
2954 1.0534
2955 1.05194
2956 1.05109
2957 1.05323
2958 1.05327
2959 1.05426
2960 1.04909
2961 1.05166
2962 1.05236
2963 1.05531
2964 1.05187
2965 1.05011
2966 1.04818
2967 1.05267
2968 1.05541
2969 1.05335
2970 1.05283
2971 1.05353
2972 1.05174
2973 1.05318
2974 1.05342
2975 1.05395
2976 1.05302
2977 1.05611
2978 1.05195
2979 1.05049
2980 1.05312
2981 1.05031
2982 1.05082
2983 1.05351
2984 1.05235
2985 1.0575
2986 1.05466
2987 1.05085
2988 1.0527
2989 1.05167
2990 1.05275
2991 1.0523
2992 1.05007
2993 1.05158
2994 1.05178
2995 1.05732
2996 1.05318
2997 1.05186
2998 1.0534
2999 1.05305
3000 1.05274
3001 1.05442
3002 1.05192
3003 1.05331
3004 1.0558
3005 1.05221
3006 1.05066
3007 1.05374
3008 1.05528
3009 1.05261
3010 1.05489
3011 1.05854
3012 1.05236
3013 1.05618
3014 1.05583
3015 1.05765
3016 1.05442
3017 1.05156
3018 1.05299
3019 1.05125
3020 1.0556
3021 1.05274
3022 1.05436
3023 1.05348
3024 1.05283
3025 1.0539
3026 1.05453
3027 1.05286
3028 1.05793
3029 1.05634
3030 1.05137
3031 1.05672
3032 1.05412
3033 1.05524
3034 1.05336
3035 1.05263
3036 1.05164
3037 1.05704
3038 1.05591
3039 1.05231
3040 1.05537
3041 1.05654
3042 1.05075
3043 1.05252
3044 1.05518
3045 1.05203
3046 1.05056
3047 1.04977
3048 1.05457
3049 1.05306
3050 1.05235
3051 1.05312
3052 1.05157
3053 1.05209
3054 1.05142
3055 1.05195
3056 1.05478
3057 1.04918
3058 1.05308
3059 1.05315
3060 1.05182
3061 1.05237
3062 1.05031
3063 1.05451
3064 1.05469
3065 1.05332
3066 1.05132
3067 1.05913
3068 1.05519
3069 1.04763
3070 1.0539
3071 1.05398
3072 1.05024
3073 1.04899
3074 1.05262
3075 1.05378
3076 1.05442
3077 1.05131
3078 1.05237
3079 1.05534
3080 1.05042
3081 1.05172
3082 1.05262
3083 1.05343
3084 1.05038
3085 1.05183
3086 1.0521
3087 1.05057
3088 1.053
3089 1.05314
3090 1.0488
3091 1.04808
3092 1.05313
3093 1.05315
3094 1.05707
3095 1.04906
3096 1.05546
3097 1.05173
3098 1.05321
3099 1.05656
3100 1.05272
3101 1.05545
3102 1.04977
3103 1.05142
3104 1.05136
3105 1.0554
3106 1.05068
3107 1.05408
3108 1.05452
3109 1.05107
3110 1.05463
3111 1.05264
3112 1.05386
3113 1.0534
3114 1.05191
3115 1.05047
3116 1.05288
3117 1.05221
3118 1.04997
3119 1.05215
3120 1.05231
3121 1.05249
3122 1.05058
3123 1.05287
3124 1.05006
3125 1.05276
3126 1.05391
3127 1.05166
3128 1.05131
3129 1.04986
3130 1.0514
3131 1.05024
3132 1.04919
3133 1.05356
3134 1.05247
3135 1.0503
3136 1.05095
3137 1.05003
3138 1.05167
3139 1.05382
3140 1.04974
3141 1.05363
3142 1.05285
3143 1.05416
3144 1.053
3145 1.05299
3146 1.0584
3147 1.0535
3148 1.05162
3149 1.05082
3150 1.05115
3151 1.05398
3152 1.05052
3153 1.05076
3154 1.05004
3155 1.04973
3156 1.04905
3157 1.05195
3158 1.05468
3159 1.04974
3160 1.05397
3161 1.04941
3162 1.04985
3163 1.04889
3164 1.0541
3165 1.04978
3166 1.05037
3167 1.05513
3168 1.05685
3169 1.05047
3170 1.05236
3171 1.05196
3172 1.05399
3173 1.05266
3174 1.05091
3175 1.0541
3176 1.05465
3177 1.05537
3178 1.05217
3179 1.05218
3180 1.05056
3181 1.04847
3182 1.05682
3183 1.05205
3184 1.04864
3185 1.05431
3186 1.05507
3187 1.05232
3188 1.054
3189 1.0501
3190 1.05145
3191 1.05496
3192 1.05603
3193 1.05266
3194 1.0544
3195 1.0555
3196 1.04936
3197 1.05314
3198 1.05278
3199 1.05468
3200 1.0482
3201 1.054
3202 1.05217
3203 1.04955
3204 1.05409
3205 1.05291
3206 1.05164
3207 1.05367
3208 1.0539
3209 1.05333
3210 1.05122
3211 1.05148
3212 1.05051
3213 1.05545
3214 1.05239
3215 1.05537
3216 1.05251
3217 1.05167
3218 1.05235
3219 1.05085
3220 1.0509
3221 1.05026
3222 1.05029
3223 1.05032
3224 1.05224
3225 1.05057
3226 1.0501
3227 1.0549
3228 1.04952
3229 1.05149
3230 1.05008
3231 1.055
3232 1.04861
3233 1.05255
3234 1.05057
3235 1.04885
3236 1.05038
3237 1.05224
3238 1.0512
3239 1.05215
3240 1.05157
3241 1.05204
3242 1.05248
3243 1.05044
3244 1.05465
3245 1.05215
3246 1.05222
3247 1.05213
3248 1.05011
3249 1.05222
3250 1.05075
3251 1.05355
3252 1.05174
3253 1.05191
3254 1.04701
3255 1.05689
3256 1.05304
3257 1.05329
3258 1.05101
3259 1.05628
3260 1.05112
3261 1.04985
3262 1.04812
3263 1.05199
3264 1.05438
3265 1.05485
3266 1.04943
3267 1.04895
3268 1.05381
3269 1.05075
3270 1.05423
3271 1.05254
3272 1.051
3273 1.05058
3274 1.05167
3275 1.0518
3276 1.05428
3277 1.05011
3278 1.05016
3279 1.05131
3280 1.05556
3281 1.05103
3282 1.0527
3283 1.05183
3284 1.05198
3285 1.04989
3286 1.05194
3287 1.05048
3288 1.05423
3289 1.05329
3290 1.04864
3291 1.04959
3292 1.05182
3293 1.05382
3294 1.04927
3295 1.05026
3296 1.05096
3297 1.05019
3298 1.04986
3299 1.04894
3300 1.04944
3301 1.04942
3302 1.05162
3303 1.05188
3304 1.05011
3305 1.04996
3306 1.05067
3307 1.05295
3308 1.04952
3309 1.05375
3310 1.04962
3311 1.05145
3312 1.05161
3313 1.049
3314 1.05243
3315 1.05231
3316 1.04664
3317 1.0527
3318 1.04988
3319 1.05275
3320 1.05099
3321 1.05137
3322 1.05061
3323 1.05223
3324 1.05196
3325 1.0507
3326 1.04916
3327 1.04651
3328 1.04995
3329 1.05152
3330 1.04942
3331 1.04973
3332 1.05367
3333 1.05413
3334 1.05094
3335 1.05052
3336 1.05264
3337 1.04772
3338 1.05405
3339 1.05337
3340 1.05413
3341 1.04939
3342 1.05325
3343 1.05161
3344 1.04623
3345 1.05015
3346 1.04944
3347 1.04913
3348 1.05495
3349 1.05338
3350 1.04977
3351 1.04686
3352 1.04968
3353 1.05127
3354 1.05061
3355 1.05047
3356 1.04916
3357 1.05354
3358 1.05085
3359 1.05157
3360 1.05069
3361 1.04886
3362 1.04738
3363 1.05186
3364 1.05206
3365 1.04574
3366 1.0458
3367 1.05101
3368 1.04766
3369 1.04984
3370 1.05092
3371 1.04958
3372 1.05066
3373 1.05064
3374 1.0513
3375 1.05507
3376 1.04951
3377 1.05147
3378 1.05182
3379 1.05127
3380 1.05258
3381 1.04995
3382 1.05079
3383 1.05246
3384 1.0464
3385 1.05062
3386 1.04859
3387 1.05062
3388 1.05277
3389 1.04689
3390 1.049
3391 1.05173
3392 1.05021
3393 1.04588
3394 1.05142
3395 1.05283
3396 1.04948
3397 1.04804
3398 1.05022
3399 1.04902
3400 1.04978
3401 1.05186
3402 1.04947
3403 1.05396
3404 1.04687
3405 1.05448
3406 1.05201
3407 1.04895
3408 1.05489
3409 1.05052
3410 1.05032
3411 1.04996
3412 1.04877
3413 1.05083
3414 1.05241
3415 1.05143
3416 1.0491
3417 1.05083
3418 1.04814
3419 1.05081
3420 1.05223
3421 1.05224
3422 1.05121
3423 1.05097
3424 1.05042
3425 1.04985
3426 1.05124
3427 1.05157
3428 1.04982
3429 1.04953
3430 1.05163
3431 1.05297
3432 1.04918
3433 1.05048
3434 1.05141
3435 1.04989
3436 1.04842
3437 1.05066
3438 1.0483
3439 1.04565
3440 1.04625
3441 1.04967
3442 1.04832
3443 1.05205
3444 1.04648
3445 1.0501
3446 1.04746
3447 1.04925
3448 1.05019
3449 1.04869
3450 1.04852
3451 1.04734
3452 1.05078
3453 1.05019
3454 1.05481
3455 1.04954
3456 1.05313
3457 1.04943
3458 1.0524
3459 1.05003
3460 1.04893
3461 1.05002
3462 1.04907
3463 1.0507
3464 1.05275
3465 1.05244
3466 1.0521
3467 1.04739
3468 1.04945
3469 1.05142
3470 1.05178
3471 1.04817
3472 1.04833
3473 1.0478
3474 1.05173
3475 1.05027
3476 1.048
3477 1.04807
3478 1.04799
3479 1.04927
3480 1.04958
3481 1.05086
3482 1.04976
3483 1.05015
3484 1.05007
3485 1.04827
3486 1.04715
3487 1.05198
3488 1.05074
3489 1.04965
3490 1.05093
3491 1.05102
3492 1.04922
3493 1.0485
3494 1.0501
3495 1.04711
3496 1.05087
3497 1.04983
3498 1.05148
3499 1.04954
3500 1.04778
3501 1.04785
3502 1.05113
3503 1.04801
3504 1.05171
3505 1.04918
3506 1.05114
3507 1.05176
3508 1.04996
3509 1.05152
3510 1.04606
3511 1.05071
3512 1.05052
3513 1.04878
3514 1.04774
3515 1.04879
3516 1.05012
3517 1.05084
3518 1.05009
3519 1.04791
3520 1.05
3521 1.04942
3522 1.05079
3523 1.04847
3524 1.04851
3525 1.0517
3526 1.0507
3527 1.04964
3528 1.05047
3529 1.04858
3530 1.05066
3531 1.04907
3532 1.05355
3533 1.05223
3534 1.04778
3535 1.0509
3536 1.05035
3537 1.04675
3538 1.0514
3539 1.05003
3540 1.04839
3541 1.05171
3542 1.05243
3543 1.04934
3544 1.05047
3545 1.04891
3546 1.05209
3547 1.04678
3548 1.04762
3549 1.04731
3550 1.04863
3551 1.05088
3552 1.04619
3553 1.05149
3554 1.05009
3555 1.04845
3556 1.04744
3557 1.04729
3558 1.04969
3559 1.05039
3560 1.04934
3561 1.0477
3562 1.04477
3563 1.04756
3564 1.04847
3565 1.05154
3566 1.0515
3567 1.04908
3568 1.04758
3569 1.04848
3570 1.04862
3571 1.04913
3572 1.05056
3573 1.04756
3574 1.04905
3575 1.04675
3576 1.04901
3577 1.04986
3578 1.04795
3579 1.04822
3580 1.04883
3581 1.04637
3582 1.05005
3583 1.05031
3584 1.05244
3585 1.05215
3586 1.05058
3587 1.0506
3588 1.04869
3589 1.04756
3590 1.04892
3591 1.05295
3592 1.04694
3593 1.05259
3594 1.0454
3595 1.04892
3596 1.05006
3597 1.04902
3598 1.04749
3599 1.05139
3600 1.04834
3601 1.05294
3602 1.05037
3603 1.05255
3604 1.04756
3605 1.04641
3606 1.04804
3607 1.0461
3608 1.05122
3609 1.04838
3610 1.05056
3611 1.04686
3612 1.04817
3613 1.04985
3614 1.04933
3615 1.04954
3616 1.04791
3617 1.052
3618 1.04821
3619 1.05391
3620 1.05114
3621 1.04854
3622 1.0494
3623 1.04659
3624 1.04884
3625 1.0518
3626 1.05022
3627 1.0493
3628 1.0471
3629 1.04893
3630 1.05136
3631 1.04948
3632 1.0475
3633 1.04969
3634 1.0451
3635 1.05231
3636 1.05096
3637 1.05352
3638 1.05133
3639 1.04949
3640 1.04808
3641 1.04803
3642 1.04919
3643 1.04658
3644 1.04651
3645 1.05097
3646 1.04881
3647 1.04584
3648 1.05216
3649 1.04818
3650 1.04845
3651 1.0524
3652 1.04525
3653 1.05087
3654 1.04965
3655 1.04694
3656 1.05125
3657 1.0525
3658 1.04673
3659 1.05073
3660 1.05213
3661 1.04934
3662 1.0518
3663 1.04937
3664 1.04846
3665 1.04886
3666 1.0493
3667 1.05182
3668 1.05146
3669 1.05045
3670 1.05188
3671 1.05053
3672 1.04954
3673 1.04626
3674 1.05012
3675 1.04874
3676 1.04877
3677 1.04994
3678 1.052
3679 1.0484
3680 1.04791
3681 1.04903
3682 1.05127
3683 1.05136
3684 1.04768
3685 1.04794
3686 1.05077
3687 1.04548
3688 1.05083
3689 1.05008
3690 1.05075
3691 1.04817
3692 1.0481
3693 1.04746
3694 1.04731
3695 1.04896
3696 1.04652
3697 1.0466
3698 1.04981
3699 1.04869
3700 1.05051
3701 1.05064
3702 1.04806
3703 1.04677
3704 1.04521
3705 1.04919
3706 1.05029
3707 1.04938
3708 1.0442
3709 1.04803
3710 1.04714
3711 1.05236
3712 1.0495
3713 1.05045
3714 1.04909
3715 1.04602
3716 1.04587
3717 1.05105
3718 1.04576
3719 1.04919
3720 1.04679
3721 1.04779
3722 1.05061
3723 1.04591
3724 1.05106
3725 1.04813
3726 1.05068
3727 1.04779
3728 1.04897
3729 1.04892
3730 1.05039
3731 1.04797
3732 1.05019
3733 1.04797
3734 1.05125
3735 1.0505
3736 1.04521
3737 1.05087
3738 1.04962
3739 1.04981
3740 1.04826
3741 1.04803
3742 1.0487
3743 1.04761
3744 1.04887
3745 1.04542
3746 1.04813
3747 1.04933
3748 1.04808
3749 1.04273
3750 1.0516
3751 1.04582
3752 1.04568
3753 1.04752
3754 1.04873
3755 1.04937
3756 1.0502
3757 1.04787
3758 1.0497
3759 1.04531
3760 1.04535
3761 1.05028
3762 1.04918
3763 1.04857
3764 1.04944
3765 1.04841
3766 1.0472
3767 1.05283
3768 1.0467
3769 1.04763
3770 1.04805
3771 1.04692
3772 1.04803
3773 1.05034
3774 1.04569
3775 1.05105
3776 1.05596
3777 1.05083
3778 1.04971
3779 1.04666
3780 1.04922
3781 1.04562
3782 1.04642
3783 1.04972
3784 1.04885
3785 1.05037
3786 1.05132
3787 1.04648
3788 1.04764
3789 1.04565
3790 1.04723
3791 1.05006
3792 1.04652
3793 1.04948
3794 1.04735
3795 1.05066
3796 1.05075
3797 1.04608
3798 1.04911
3799 1.0511
3800 1.05048
3801 1.05275
3802 1.04465
3803 1.04913
3804 1.05038
3805 1.0505
3806 1.04877
3807 1.04718
3808 1.05069
3809 1.05086
3810 1.05083
3811 1.0498
3812 1.05115
3813 1.0496
3814 1.0476
3815 1.04804
3816 1.04998
3817 1.04959
3818 1.05165
3819 1.04659
3820 1.0504
3821 1.04787
3822 1.0495
3823 1.04921
3824 1.04611
3825 1.04954
3826 1.0494
3827 1.05013
3828 1.05094
3829 1.05027
3830 1.04645
3831 1.04975
3832 1.04806
3833 1.04695
3834 1.05159
3835 1.0534
3836 1.05001
3837 1.04535
3838 1.04588
3839 1.05004
3840 1.05078
3841 1.04908
3842 1.05008
3843 1.04901
3844 1.04976
3845 1.05043
3846 1.0489
3847 1.04635
3848 1.04643
3849 1.05036
3850 1.05042
3851 1.04941
3852 1.04757
3853 1.05107
3854 1.05077
3855 1.05009
3856 1.04602
3857 1.04867
3858 1.04807
3859 1.05073
3860 1.04585
3861 1.05294
3862 1.04865
3863 1.0503
3864 1.04703
3865 1.04776
3866 1.04472
3867 1.04913
3868 1.05144
3869 1.04971
3870 1.0468
3871 1.04984
3872 1.04781
3873 1.05164
3874 1.04444
3875 1.04569
3876 1.04652
3877 1.04918
3878 1.05068
3879 1.04765
3880 1.05185
3881 1.05237
3882 1.0508
3883 1.04987
3884 1.0512
3885 1.04847
3886 1.04954
3887 1.04856
3888 1.04429
3889 1.04826
3890 1.04738
3891 1.04661
3892 1.04775
3893 1.04989
3894 1.04511
3895 1.04794
3896 1.04651
3897 1.049
3898 1.05028
3899 1.05196
3900 1.04857
3901 1.05319
3902 1.04909
3903 1.04675
3904 1.04926
3905 1.04679
3906 1.05236
3907 1.04703
3908 1.04689
3909 1.04786
3910 1.04797
3911 1.04829
3912 1.04798
3913 1.05171
3914 1.04827
3915 1.04644
3916 1.04853
3917 1.04758
3918 1.04795
3919 1.04804
3920 1.04971
3921 1.04942
3922 1.04802
3923 1.05257
3924 1.05141
3925 1.04954
3926 1.04649
3927 1.05238
3928 1.05237
3929 1.04666
3930 1.04713
3931 1.04941
3932 1.0489
3933 1.04862
3934 1.04538
3935 1.04827
3936 1.04647
3937 1.05002
3938 1.04759
3939 1.04947
3940 1.0506
3941 1.05213
3942 1.0458
3943 1.04978
3944 1.04813
3945 1.05003
3946 1.04721
3947 1.05097
3948 1.0508
3949 1.05026
3950 1.05098
3951 1.04941
3952 1.04605
3953 1.04858
3954 1.0504
3955 1.05105
3956 1.04624
3957 1.05281
3958 1.04826
3959 1.04851
3960 1.05054
3961 1.04808
3962 1.04828
3963 1.04582
3964 1.0481
3965 1.05056
3966 1.0486
3967 1.04719
3968 1.04963
3969 1.05014
3970 1.05016
3971 1.051
3972 1.05067
3973 1.04947
3974 1.05027
3975 1.04643
3976 1.04947
3977 1.04825
3978 1.04803
3979 1.04633
3980 1.05009
3981 1.0505
3982 1.04732
3983 1.04839
3984 1.05239
3985 1.04677
3986 1.04835
3987 1.0504
3988 1.04942
3989 1.04607
3990 1.05039
3991 1.04562
3992 1.04903
3993 1.04932
3994 1.04697
3995 1.04682
3996 1.0517
3997 1.05041
3998 1.04765
3999 1.04996
4000 1.05026
4001 1.05174
4002 1.04925
4003 1.04944
4004 1.05251
4005 1.04985
4006 1.05202
4007 1.05273
4008 1.04957
4009 1.04784
4010 1.04779
4011 1.05092
4012 1.04936
4013 1.05087
4014 1.04967
4015 1.05148
4016 1.04945
4017 1.0517
4018 1.0465
4019 1.04737
4020 1.04868
4021 1.05205
4022 1.04787
4023 1.04729
4024 1.05048
4025 1.05091
4026 1.04635
4027 1.05059
4028 1.04821
4029 1.04811
4030 1.04707
4031 1.0475
4032 1.04994
4033 1.04902
4034 1.04816
4035 1.04916
4036 1.05037
4037 1.05117
4038 1.0503
4039 1.0441
4040 1.0497
4041 1.04949
4042 1.04934
4043 1.04783
4044 1.04775
4045 1.04942
4046 1.0496
4047 1.05043
4048 1.04929
4049 1.05114
4050 1.04791
4051 1.04943
4052 1.05001
4053 1.04895
4054 1.04532
4055 1.0483
4056 1.04882
4057 1.04879
4058 1.04863
4059 1.04584
4060 1.04892
4061 1.04911
4062 1.04784
4063 1.04635
4064 1.04643
4065 1.04664
4066 1.04632
4067 1.04962
4068 1.04903
4069 1.04805
4070 1.0481
4071 1.04894
4072 1.04708
4073 1.0483
4074 1.05084
4075 1.04882
4076 1.05238
4077 1.05043
4078 1.04897
4079 1.04324
4080 1.0478
4081 1.05003
4082 1.04755
4083 1.04564
4084 1.04701
4085 1.04782
4086 1.04823
4087 1.05321
4088 1.05119
4089 1.04831
4090 1.049
4091 1.04862
4092 1.05169
4093 1.04792
4094 1.05586
4095 1.04911
4096 1.05107
4097 1.04897
4098 1.0484
4099 1.0467
4100 1.04645
4101 1.05033
4102 1.05134
4103 1.04771
4104 1.04746
4105 1.04986
4106 1.04607
4107 1.04743
4108 1.04661
4109 1.04668
4110 1.04771
4111 1.04802
4112 1.04852
4113 1.0491
4114 1.05253
4115 1.04894
4116 1.04963
4117 1.05164
4118 1.04783
4119 1.04536
4120 1.04893
4121 1.04902
4122 1.0518
4123 1.04805
4124 1.05193
4125 1.05284
4126 1.05153
4127 1.05173
4128 1.04837
4129 1.05283
4130 1.04946
4131 1.0482
4132 1.0521
4133 1.04947
4134 1.04549
4135 1.04978
4136 1.05062
4137 1.04869
4138 1.04991
4139 1.04796
4140 1.04652
4141 1.05278
4142 1.05218
4143 1.04854
4144 1.0499
4145 1.05147
4146 1.04986
4147 1.0487
4148 1.0479
4149 1.04992
4150 1.04795
4151 1.0486
4152 1.05347
4153 1.04918
4154 1.0528
4155 1.04569
4156 1.04409
4157 1.05019
4158 1.05178
4159 1.04949
4160 1.05213
4161 1.04838
4162 1.05044
4163 1.05191
4164 1.04551
4165 1.04921
4166 1.05293
4167 1.0528
4168 1.04956
4169 1.04802
4170 1.04888
4171 1.04871
4172 1.0507
4173 1.05375
4174 1.05135
4175 1.04953
4176 1.04958
4177 1.0486
4178 1.04889
4179 1.04955
4180 1.04949
4181 1.05014
4182 1.04772
4183 1.05095
4184 1.04615
4185 1.05024
4186 1.04981
4187 1.0467
4188 1.04771
4189 1.04842
4190 1.05146
4191 1.04907
4192 1.04952
4193 1.04992
4194 1.04834
4195 1.05326
4196 1.05147
4197 1.05157
4198 1.05176
4199 1.04992
4200 1.04526
4201 1.04778
4202 1.05213
4203 1.04712
4204 1.04774
4205 1.04965
4206 1.04815
4207 1.04664
4208 1.0508
4209 1.05025
4210 1.04961
4211 1.05397
4212 1.05256
4213 1.0523
4214 1.05041
4215 1.05101
4216 1.05066
4217 1.04926
4218 1.04869
4219 1.04984
4220 1.05053
4221 1.0491
4222 1.04728
4223 1.049
4224 1.04669
4225 1.04827
4226 1.05108
4227 1.0513
4228 1.04835
4229 1.05126
4230 1.04997
4231 1.05346
4232 1.0486
4233 1.05029
4234 1.04915
4235 1.04888
4236 1.05081
4237 1.04816
4238 1.04825
4239 1.0513
4240 1.04858
4241 1.04662
4242 1.04784
4243 1.04959
4244 1.04932
4245 1.04951
4246 1.05138
4247 1.04967
4248 1.04764
4249 1.05323
4250 1.05228
4251 1.04903
4252 1.05578
4253 1.05215
4254 1.05069
4255 1.05028
4256 1.04794
4257 1.05064
4258 1.05145
4259 1.04944
4260 1.04856
4261 1.05611
4262 1.05173
4263 1.04866
4264 1.05087
4265 1.05284
4266 1.04981
4267 1.05082
4268 1.04907
4269 1.04791
4270 1.05206
4271 1.04978
4272 1.05117
4273 1.051
4274 1.04877
4275 1.04976
4276 1.049
4277 1.05613
4278 1.05062
4279 1.04611
4280 1.05126
4281 1.05069
4282 1.04947
4283 1.05686
4284 1.04864
4285 1.05179
4286 1.05182
4287 1.04673
4288 1.04984
4289 1.0508
4290 1.04833
4291 1.05275
4292 1.05136
4293 1.05157
4294 1.04587
4295 1.0521
4296 1.05072
4297 1.05151
4298 1.05117
4299 1.04787
4300 1.04638
4301 1.04904
4302 1.05105
4303 1.0472
4304 1.05017
4305 1.05098
4306 1.04847
4307 1.0507
4308 1.04961
4309 1.05154
4310 1.05147
4311 1.05206
4312 1.04875
4313 1.05234
4314 1.05435
4315 1.05071
4316 1.05136
4317 1.05142
4318 1.05061
4319 1.05119
4320 1.05523
4321 1.04765
4322 1.05101
4323 1.04864
4324 1.04992
4325 1.04912
4326 1.05138
4327 1.05375
4328 1.04642
4329 1.05391
4330 1.05219
4331 1.04781
4332 1.05229
4333 1.05052
4334 1.04944
4335 1.05029
4336 1.05135
4337 1.05269
4338 1.05358
4339 1.04984
4340 1.05293
4341 1.05087
4342 1.05373
4343 1.05123
4344 1.04873
4345 1.05218
4346 1.04955
4347 1.04958
4348 1.0496
4349 1.05058
4350 1.05056
4351 1.05372
4352 1.05197
4353 1.04649
4354 1.05077
4355 1.05253
4356 1.05071
4357 1.05344
4358 1.04568
4359 1.0499
4360 1.04794
4361 1.05038
4362 1.0523
4363 1.0498
4364 1.05202
4365 1.05017
4366 1.05421
4367 1.05172
4368 1.05044
4369 1.05339
4370 1.05011
4371 1.04987
4372 1.05035
4373 1.04916
4374 1.04883
4375 1.05426
4376 1.04969
4377 1.05196
4378 1.05117
4379 1.05297
4380 1.05171
4381 1.05194
4382 1.05269
4383 1.04919
4384 1.05221
4385 1.05072
4386 1.05054
4387 1.0496
4388 1.05083
4389 1.04998
4390 1.04835
4391 1.05237
4392 1.04951
4393 1.0512
4394 1.05002
4395 1.05564
4396 1.04754
4397 1.04634
4398 1.0513
4399 1.04974
4400 1.05378
4401 1.05489
4402 1.05099
4403 1.04917
4404 1.05318
4405 1.05337
4406 1.04758
4407 1.04895
4408 1.05145
4409 1.05043
4410 1.05219
4411 1.04774
4412 1.04936
4413 1.05064
4414 1.0515
4415 1.05102
4416 1.04599
4417 1.05084
4418 1.05169
4419 1.05332
4420 1.05346
4421 1.05189
4422 1.04996
4423 1.05248
4424 1.05452
4425 1.05255
4426 1.05192
4427 1.05133
4428 1.05145
4429 1.04996
4430 1.04793
4431 1.05061
4432 1.04921
4433 1.052
4434 1.05492
4435 1.04957
4436 1.05205
4437 1.04985
4438 1.05248
4439 1.05065
4440 1.05108
4441 1.05267
4442 1.05273
4443 1.05092
4444 1.05058
4445 1.04888
4446 1.05213
4447 1.04598
4448 1.05298
4449 1.05145
4450 1.05228
4451 1.05005
4452 1.05101
4453 1.05185
4454 1.0481
4455 1.05154
4456 1.05404
4457 1.05408
4458 1.04881
4459 1.05037
4460 1.04876
4461 1.05388
4462 1.05393
4463 1.05035
4464 1.04952
4465 1.05117
4466 1.04742
4467 1.05241
4468 1.05046
4469 1.05019
4470 1.04883
4471 1.04872
4472 1.05481
4473 1.04988
4474 1.04823
4475 1.05147
4476 1.04674
4477 1.054
4478 1.05202
4479 1.05199
4480 1.05314
4481 1.05101
4482 1.05064
4483 1.04962
4484 1.0533
4485 1.0507
4486 1.05056
4487 1.05283
4488 1.05164
4489 1.05137
4490 1.05266
4491 1.05308
4492 1.05151
4493 1.04978
4494 1.05098
4495 1.05091
4496 1.04914
4497 1.04896
4498 1.05121
4499 1.05101
4500 1.05328
4501 1.05252
4502 1.04826
4503 1.05263
4504 1.04914
4505 1.04784
4506 1.05003
4507 1.05475
4508 1.05466
4509 1.0493
4510 1.04918
4511 1.05397
4512 1.04967
4513 1.05223
4514 1.05021
4515 1.05379
4516 1.05296
4517 1.04978
4518 1.05515
4519 1.05025
4520 1.05033
4521 1.05676
4522 1.05131
4523 1.05282
4524 1.05548
4525 1.04919
4526 1.0518
4527 1.05087
4528 1.0517
4529 1.05409
4530 1.05383
4531 1.04757
4532 1.05248
4533 1.05204
4534 1.05248
4535 1.05476
4536 1.05357
4537 1.05012
4538 1.0538
4539 1.05122
4540 1.05628
4541 1.05103
4542 1.05073
4543 1.04927
4544 1.05098
4545 1.04938
4546 1.05211
4547 1.05296
4548 1.05345
4549 1.05008
4550 1.05221
4551 1.05503
4552 1.05059
4553 1.05375
4554 1.05107
4555 1.05537
4556 1.05312
4557 1.05414
4558 1.05539
4559 1.05371
4560 1.05288
4561 1.05361
4562 1.05423
4563 1.05411
4564 1.05535
4565 1.05358
4566 1.05265
4567 1.05507
4568 1.05431
4569 1.05809
4570 1.04835
4571 1.05349
4572 1.05611
4573 1.05278
4574 1.0506
4575 1.05205
4576 1.05367
4577 1.05224
4578 1.05418
4579 1.05316
4580 1.05432
4581 1.05336
4582 1.05117
4583 1.05297
4584 1.05324
4585 1.05248
4586 1.05284
4587 1.05379
4588 1.05149
4589 1.05312
4590 1.05393
4591 1.04926
4592 1.05152
4593 1.05316
4594 1.04863
4595 1.05117
4596 1.05462
4597 1.05242
4598 1.04875
4599 1.04723
4600 1.05071
4601 1.05436
4602 1.05168
4603 1.05382
4604 1.05062
4605 1.0495
4606 1.04861
4607 1.04932
4608 1.05531
4609 1.05521
4610 1.05637
4611 1.0556
4612 1.05181
4613 1.05295
4614 1.05498
4615 1.0507
4616 1.05167
4617 1.05386
4618 1.04907
4619 1.05401
4620 1.05236
4621 1.04999
4622 1.05282
4623 1.05117
4624 1.05129
4625 1.05519
4626 1.05388
4627 1.05055
4628 1.05013
4629 1.04948
4630 1.05281
4631 1.05193
4632 1.05283
4633 1.05073
4634 1.04917
4635 1.04963
4636 1.05329
4637 1.05038
4638 1.05065
4639 1.05131
4640 1.05134
4641 1.05589
4642 1.0541
4643 1.05216
4644 1.05121
4645 1.05255
4646 1.05426
4647 1.05274
4648 1.04956
4649 1.05324
4650 1.05619
4651 1.05338
4652 1.05715
4653 1.04964
4654 1.05451
4655 1.05455
4656 1.05128
4657 1.05341
4658 1.0519
4659 1.0571
4660 1.05583
4661 1.0518
4662 1.05307
4663 1.05065
4664 1.04915
4665 1.05563
4666 1.05205
4667 1.05137
4668 1.05529
4669 1.05044
4670 1.05212
4671 1.05063
4672 1.05105
4673 1.04893
4674 1.05245
4675 1.05601
4676 1.05295
4677 1.05344
4678 1.0536
4679 1.05188
4680 1.05774
4681 1.05412
4682 1.0563
4683 1.05549
4684 1.05374
4685 1.05416
4686 1.0505
4687 1.05327
4688 1.05105
4689 1.0523
4690 1.05343
4691 1.0507
4692 1.04963
4693 1.05338
4694 1.05274
4695 1.05388
4696 1.05101
4697 1.05007
4698 1.04921
4699 1.05183
4700 1.05384
4701 1.05064
4702 1.0538
4703 1.05211
4704 1.05372
4705 1.05
4706 1.05088
4707 1.05025
4708 1.05182
4709 1.05306
4710 1.05273
4711 1.05197
4712 1.0504
4713 1.05472
4714 1.0485
4715 1.05002
4716 1.05638
4717 1.05146
4718 1.05343
4719 1.05217
4720 1.05151
4721 1.0531
4722 1.05224
4723 1.04945
4724 1.05658
4725 1.05165
4726 1.05046
4727 1.05213
4728 1.04978
4729 1.05413
4730 1.05327
4731 1.05404
4732 1.0561
4733 1.05508
4734 1.0574
4735 1.0473
4736 1.04814
4737 1.05266
4738 1.05102
4739 1.05155
4740 1.04991
4741 1.0525
4742 1.05307
4743 1.0522
4744 1.06124
4745 1.05183
4746 1.05036
4747 1.05336
4748 1.05101
4749 1.05102
4750 1.05379
4751 1.05153
4752 1.05323
4753 1.05385
4754 1.05002
4755 1.05329
4756 1.05267
4757 1.05718
4758 1.05128
4759 1.04934
4760 1.05016
4761 1.05204
4762 1.05216
4763 1.05121
4764 1.05319
4765 1.05097
4766 1.0518
4767 1.05534
4768 1.05252
4769 1.05281
4770 1.05235
4771 1.05435
4772 1.04912
4773 1.05072
4774 1.05211
4775 1.05557
4776 1.05196
4777 1.05031
4778 1.05309
4779 1.05006
4780 1.05199
4781 1.05332
4782 1.05325
4783 1.0563
4784 1.05367
4785 1.05244
4786 1.05115
4787 1.05322
4788 1.0513
4789 1.05358
4790 1.05587
4791 1.04957
4792 1.05556
4793 1.05672
4794 1.05272
4795 1.05122
4796 1.04917
4797 1.05248
4798 1.04743
4799 1.0525
4800 1.05632
4801 1.05361
4802 1.05189
4803 1.05189
4804 1.05385
4805 1.0517
4806 1.05352
4807 1.04929
4808 1.05509
4809 1.05162
4810 1.05271
4811 1.04997
4812 1.05041
4813 1.05298
4814 1.05205
4815 1.05407
4816 1.05162
4817 1.05623
4818 1.05122
4819 1.05139
4820 1.05451
4821 1.05662
4822 1.05372
4823 1.05055
4824 1.0562
4825 1.05584
4826 1.05234
4827 1.05258
4828 1.05439
4829 1.05291
4830 1.05317
4831 1.05223
4832 1.05175
4833 1.05186
4834 1.05346
4835 1.05327
4836 1.05252
4837 1.05447
4838 1.05138
4839 1.05359
4840 1.05541
4841 1.05278
4842 1.05495
4843 1.05384
4844 1.04879
4845 1.05187
4846 1.05249
4847 1.04841
4848 1.05424
4849 1.05295
4850 1.05345
4851 1.0532
4852 1.0534
4853 1.05188
4854 1.05313
4855 1.05307
4856 1.05042
4857 1.05552
4858 1.05191
4859 1.05166
4860 1.05173
4861 1.05013
4862 1.04523
4863 1.05407
4864 1.05346
4865 1.0506
4866 1.05352
4867 1.04856
4868 1.05126
4869 1.04834
4870 1.05398
4871 1.05057
4872 1.0508
4873 1.0507
4874 1.05162
4875 1.05252
4876 1.0513
4877 1.05382
4878 1.05396
4879 1.05421
4880 1.05227
4881 1.05292
4882 1.04853
4883 1.05181
4884 1.04894
4885 1.05087
4886 1.05366
4887 1.04921
4888 1.0521
4889 1.04972
4890 1.05527
4891 1.0533
4892 1.04699
4893 1.05221
4894 1.05243
4895 1.05456
4896 1.05208
4897 1.05383
4898 1.05082
4899 1.05247
4900 1.04925
4901 1.05451
4902 1.05275
4903 1.05168
4904 1.05201
4905 1.05203
4906 1.05453
4907 1.0518
4908 1.04843
4909 1.05253
4910 1.05447
4911 1.04733
4912 1.05342
4913 1.05482
4914 1.05032
4915 1.05042
4916 1.05305
4917 1.05271
4918 1.05206
4919 1.05318
4920 1.05292
4921 1.05416
4922 1.05062
4923 1.05371
4924 1.05063
4925 1.04864
4926 1.04708
4927 1.05346
4928 1.05253
4929 1.04866
4930 1.04928
4931 1.05253
4932 1.05077
4933 1.05129
4934 1.05175
4935 1.05332
4936 1.05365
4937 1.053
4938 1.05365
4939 1.05184
4940 1.05331
4941 1.04997
4942 1.05485
4943 1.05438
4944 1.05463
4945 1.05309
4946 1.05339
4947 1.05238
4948 1.05105
4949 1.05302
4950 1.05648
4951 1.04942
4952 1.05501
4953 1.05003
4954 1.0544
4955 1.05345
4956 1.05314
4957 1.05035
4958 1.05197
4959 1.05617
4960 1.05322
4961 1.05176
4962 1.05328
4963 1.05218
4964 1.05298
4965 1.05199
4966 1.04801
4967 1.05154
4968 1.05375
4969 1.04891
4970 1.05245
4971 1.0525
4972 1.05434
4973 1.05331
4974 1.04855
4975 1.0551
4976 1.05041
4977 1.05093
4978 1.05016
4979 1.05402
4980 1.05064
4981 1.04789
4982 1.05578
4983 1.05468
4984 1.05153
4985 1.0511
4986 1.05569
4987 1.05276
4988 1.05204
4989 1.0545
4990 1.05164
4991 1.05246
4992 1.0523
4993 1.05414
4994 1.05455
4995 1.05052
4996 1.05157
4997 1.04891
4998 1.05448
4999 1.05152
