100 0.986629
101 0.985881
102 0.986762
103 0.986968
104 0.987337
105 0.98683
106 0.986145
107 0.986959
108 0.987838
109 0.987469
110 0.988359
111 0.986847
112 0.986994
113 0.987622
114 0.987053
115 0.987995
116 0.98744
117 0.987682
118 0.987219
119 0.987688
120 0.988248
121 0.987673
122 0.987123
123 0.988162
124 0.988342
125 0.987186
126 0.987818
127 0.98822
128 0.988142
129 0.987706
130 0.988224
131 0.987785
132 0.988061
133 0.988151
134 0.988094
135 0.988323
136 0.988265
137 0.987961
138 0.988119
139 0.98844
140 0.988295
141 0.988264
142 0.988745
143 0.988036
144 0.988016
145 0.987997
146 0.988265
147 0.988062
148 0.987812
149 0.988657
150 0.988266
151 0.987752
152 0.988068
153 0.987974
154 0.988026
155 0.988111
156 0.98856
157 0.988202
158 0.988464
159 0.987903
160 0.987716
161 0.988177
162 0.987782
163 0.988154
164 0.988131
165 0.987695
166 0.98799
167 0.988228
168 0.988904
169 0.988414
170 0.988019
171 0.987819
172 0.987532
173 0.988044
174 0.987999
175 0.987528
176 0.987561
177 0.987903
178 0.988067
179 0.988551
180 0.988096
181 0.988282
182 0.98876
183 0.988331
184 0.9886
185 0.987788
186 0.987931
187 0.988378
188 0.987944
189 0.987933
190 0.98845
191 0.98849
192 0.987872
193 0.988295
194 0.988478
195 0.988253
196 0.988315
197 0.988134
198 0.988159
199 0.988119
200 0.988501
201 0.987999
202 0.988244
203 0.988284
204 0.988298
205 0.98847
206 0.988492
207 0.988536
208 0.988583
209 0.989151
210 0.988844
211 0.988592
212 0.988386
213 0.988591
214 0.988844
215 0.988476
216 0.989
217 0.988648
218 0.988852
219 0.989316
220 0.988639
221 0.988741
222 0.988759
223 0.988801
224 0.988874
225 0.989368
226 0.988975
227 0.989011
228 0.988661
229 0.989135
230 0.988895
231 0.988851
232 0.989221
233 0.989107
234 0.988732
235 0.989288
236 0.989331
237 0.98912
238 0.989136
239 0.989045
240 0.988987
241 0.989489
242 0.989176
243 0.989426
244 0.989061
245 0.988938
246 0.989389
247 0.989651
248 0.989344
249 0.98965
250 0.989492
251 0.989803
252 0.989561
253 0.989581
254 0.989778
255 0.990052
256 0.989464
257 0.98936
258 0.989643
259 0.989053
260 0.989451
261 0.989476
262 0.989197
263 0.989375
264 0.989522
265 0.989548
266 0.989348
267 0.989505
268 0.989776
269 0.989744
270 0.989508
271 0.989523
272 0.989499
273 0.989686
274 0.98977
275 0.989608
276 0.989552
277 0.98935
278 0.989505
279 0.989265
280 0.989799
281 0.989475
282 0.989614
283 0.98942
284 0.989518
285 0.990029
286 0.989591
287 0.989736
288 0.989451
289 0.989437
290 0.989395
291 0.989381
292 0.98947
293 0.989616
294 0.989703
295 0.989404
296 0.989519
297 0.989479
298 0.989575
299 0.989663
300 0.989919
301 0.989479
302 0.98945
303 0.989606
304 0.989571
305 0.989407
306 0.989575
307 0.989575
308 0.989633
309 0.989771
310 0.989472
311 0.989421
312 0.989355
313 0.989582
314 0.989678
315 0.98962
316 0.989245
317 0.989491
318 0.989389
319 0.989235
320 0.989628
321 0.989545
322 0.989383
323 0.989488
324 0.989419
325 0.989424
326 0.989646
327 0.989553
328 0.989145
329 0.989287
330 0.989199
331 0.989458
332 0.989137
333 0.989265
334 0.989155
335 0.989502
336 0.989111
337 0.989063
338 0.989211
339 0.989537
340 0.98945
341 0.989011
342 0.989184
343 0.989631
344 0.989523
345 0.989219
346 0.989322
347 0.98943
348 0.989138
349 0.989319
350 0.989451
351 0.98926
352 0.989587
353 0.989472
354 0.989552
355 0.989316
356 0.989526
357 0.989237
358 0.989464
359 0.98943
360 0.989502
361 0.989655
362 0.989393
363 0.98926
364 0.989532
365 0.989499
366 0.989008
367 0.989524
368 0.989538
369 0.98945
370 0.98964
371 0.989503
372 0.989475
373 0.989401
374 0.989238
375 0.98973
376 0.989535
377 0.989765
378 0.989527
379 0.989541
380 0.989386
381 0.989595
382 0.989721
383 0.989623
384 0.989327
385 0.989646
386 0.989681
387 0.989356
388 0.989507
389 0.989839
390 0.989349
391 0.989762
392 0.989636
393 0.989844
394 0.989833
395 0.989735
396 0.989437
397 0.989926
398 0.989711
399 0.989622
400 0.989592
401 0.989792
402 0.98943
403 0.989346
404 0.989759
405 0.989559
406 0.989898
407 0.98948
408 0.990059
409 0.989684
410 0.990019
411 0.989813
412 0.989821
413 0.989798
414 0.989735
415 0.990217
416 0.99007
417 0.989811
418 0.989688
419 0.989631
420 0.989804
421 0.98987
422 0.990105
423 0.989946
424 0.990064
425 0.990015
426 0.990093
427 0.99008
428 0.989932
429 0.989953
430 0.990096
431 0.99023
432 0.989935
433 0.989712
434 0.989695
435 0.989707
436 0.989989
437 0.990231
438 0.989707
439 0.990238
440 0.990101
441 0.99006
442 0.990253
443 0.990365
444 0.990116
445 0.990199
446 0.990346
447 0.990281
448 0.989978
449 0.990114
450 0.990021
451 0.990092
452 0.990348
453 0.990243
454 0.9903
455 0.990014
456 0.990428
457 0.989988
458 0.990301
459 0.990404
460 0.99039
461 0.990132
462 0.990349
463 0.990367
464 0.99016
465 0.990395
466 0.990396
467 0.99036
468 0.990172
469 0.990204
470 0.990409
471 0.990265
472 0.990777
473 0.99048
474 0.990725
475 0.990274
476 0.990406
477 0.9906
478 0.990491
479 0.990544
480 0.990355
481 0.990645
482 0.990798
483 0.990409
484 0.990485
485 0.990543
486 0.990672
487 0.990389
488 0.99062
489 0.990598
490 0.990715
491 0.990713
492 0.990692
493 0.990584
494 0.990601
495 0.990517
496 0.990836
497 0.990541
498 0.990656
499 0.990684
500 0.99038
501 0.990631
502 0.990807
503 0.990657
504 0.990617
505 0.990613
506 0.990571
507 0.990705
508 0.990795
509 0.990738
510 0.990615
511 0.990678
512 0.990556
513 0.990741
514 0.990653
515 0.990528
516 0.990572
517 0.990519
518 0.990903
519 0.990868
520 0.990773
521 0.990626
522 0.990605
523 0.990778
524 0.990797
525 0.990857
526 0.990797
527 0.99076
528 0.990799
529 0.990688
530 0.990582
531 0.990783
532 0.990539
533 0.990575
534 0.990742
535 0.990708
536 0.990603
537 0.990808
538 0.990933
539 0.990733
540 0.990666
541 0.990712
542 0.990623
543 0.990738
544 0.990664
545 0.990812
546 0.990617
547 0.990709
548 0.990742
549 0.990745
550 0.990798
551 0.990901
552 0.9909
553 0.990756
554 0.990543
555 0.990828
556 0.990676
557 0.990835
558 0.99069
559 0.990821
560 0.99052
561 0.990621
562 0.990827
563 0.990428
564 0.990909
565 0.990409
566 0.990811
567 0.990933
568 0.990747
569 0.990717
570 0.990707
571 0.990858
572 0.990875
573 0.990997
574 0.990554
575 0.990672
576 0.990706
577 0.990455
578 0.990879
579 0.990792
580 0.990764
581 0.990676
582 0.990686
583 0.990387
584 0.990574
585 0.990743
586 0.990794
587 0.990704
588 0.99057
589 0.990508
590 0.990635
591 0.990691
592 0.990717
593 0.990747
594 0.990728
595 0.990586
596 0.99059
597 0.990523
598 0.990548
599 0.990525
600 0.990609
601 0.990628
602 0.990815
603 0.990687
604 0.990846
605 0.990633
606 0.990675
607 0.990646
608 0.990692
609 0.990641
610 0.99065
611 0.990584
612 0.990706
613 0.990521
614 0.990939
615 0.99048
616 0.990478
617 0.990659
618 0.990777
619 0.990747
620 0.990589
621 0.990463
622 0.990535
623 0.990754
624 0.99052
625 0.990662
626 0.990448
627 0.990665
628 0.990315
629 0.990664
630 0.990653
631 0.990468
632 0.990784
633 0.99065
634 0.990499
635 0.990546
636 0.990659
637 0.99076
638 0.990407
639 0.990473
640 0.990483
641 0.990604
642 0.990394
643 0.990601
644 0.990502
645 0.990641
646 0.990625
647 0.990399
648 0.990415
649 0.990568
650 0.990379
651 0.99027
652 0.990423
653 0.990513
654 0.990531
655 0.990607
656 0.990569
657 0.990353
658 0.990482
659 0.990761
660 0.990458
661 0.990459
662 0.990468
663 0.990621
664 0.990498
665 0.990434
666 0.990536
667 0.990709
668 0.990542
669 0.990233
670 0.990433
671 0.990638
672 0.990778
673 0.990531
674 0.990467
675 0.990255
676 0.990413
677 0.990611
678 0.990406
679 0.990416
680 0.990227
681 0.990338
682 0.990458
683 0.990423
684 0.990465
685 0.99044
686 0.990605
687 0.990497
688 0.99025
689 0.990452
690 0.990424
691 0.990415
692 0.990609
693 0.990414
694 0.990502
695 0.990659
696 0.990357
697 0.990523
698 0.990424
699 0.990483
700 0.990646
701 0.990444
702 0.990405
703 0.990551
704 0.990453
705 0.990566
706 0.99044
707 0.990666
708 0.990597
709 0.990564
710 0.990344
711 0.990352
712 0.990397
713 0.990491
714 0.990637
715 0.990417
716 0.990523
717 0.990287
718 0.990272
719 0.990478
720 0.9904
721 0.990616
722 0.990401
723 0.990343
724 0.990427
725 0.990625
726 0.990443
727 0.990601
728 0.990408
729 0.990555
730 0.990545
731 0.99039
732 0.990536
733 0.990567
734 0.990557
735 0.990266
736 0.99049
737 0.990399
738 0.990651
739 0.990553
740 0.990645
741 0.990387
742 0.990391
743 0.99036
744 0.99044
745 0.990625
746 0.990636
747 0.990332
748 0.990654
749 0.990447
750 0.990458
751 0.990693
752 0.990423
753 0.99067
754 0.990571
755 0.990336
756 0.990461
757 0.990458
758 0.990521
759 0.990541
760 0.990601
761 0.990622
762 0.990628
763 0.990669
764 0.990513
765 0.990541
766 0.990569
767 0.990633
768 0.990471
769 0.990497
770 0.990498
771 0.990449
772 0.99047
773 0.990455
774 0.990599
775 0.990534
776 0.990624
777 0.99051
778 0.990665
779 0.990573
780 0.990663
781 0.990739
782 0.990671
783 0.990727
784 0.990774
785 0.990651
786 0.990547
787 0.990779
788 0.990395
789 0.99066
790 0.990748
791 0.990475
792 0.990775
793 0.990462
794 0.990624
795 0.990784
796 0.990715
797 0.990671
798 0.990788
799 0.990611
800 0.990544
801 0.990757
802 0.990661
803 0.990634
804 0.990749
805 0.990729
806 0.990632
807 0.990813
808 0.990809
809 0.990655
810 0.990682
811 0.990725
812 0.990793
813 0.990745
814 0.990868
815 0.990866
816 0.990712
817 0.990717
818 0.990768
819 0.99068
820 0.990913
821 0.990801
822 0.990836
823 0.990798
824 0.990942
825 0.99104
826 0.990709
827 0.990843
828 0.990783
829 0.991007
830 0.990757
831 0.990732
832 0.990939
833 0.990801
834 0.99087
835 0.990735
836 0.990945
837 0.990853
838 0.990919
839 0.990838
840 0.991023
841 0.990762
842 0.990948
843 0.990944
844 0.990928
845 0.99101
846 0.991167
847 0.991035
848 0.990927
849 0.990903
850 0.990878
851 0.990789
852 0.990927
853 0.99112
854 0.990972
855 0.99093
856 0.991077
857 0.990928
858 0.991114
859 0.990867
860 0.991223
861 0.991139
862 0.991038
863 0.990919
864 0.991088
865 0.991194
866 0.991149
867 0.9909
868 0.991061
869 0.991071
870 0.991091
871 0.990909
872 0.991128
873 0.99119
874 0.991073
875 0.990993
876 0.991159
877 0.990969
878 0.991089
879 0.99107
880 0.99121
881 0.990923
882 0.991
883 0.991324
884 0.991028
885 0.991041
886 0.991119
887 0.991104
888 0.991165
889 0.99117
890 0.990963
891 0.991047
892 0.991024
893 0.991084
894 0.991285
895 0.991073
896 0.991142
897 0.991298
898 0.991191
899 0.990948
900 0.991212
901 0.991244
902 0.991169
903 0.99119
904 0.991038
905 0.991438
906 0.991198
907 0.991368
908 0.991143
909 0.991061
910 0.991255
911 0.991051
912 0.991201
913 0.991205
914 0.99125
915 0.991099
916 0.99135
917 0.99113
918 0.991343
919 0.991288
920 0.99145
921 0.99135
922 0.991083
923 0.991301
924 0.991085
925 0.991072
926 0.991308
927 0.991442
928 0.991199
929 0.991443
930 0.991067
931 0.991412
932 0.991456
933 0.991509
934 0.991265
935 0.991289
936 0.991535
937 0.991354
938 0.991241
939 0.991201
940 0.991385
941 0.991298
942 0.991494
943 0.991223
944 0.991412
945 0.991301
946 0.991428
947 0.991406
948 0.991427
949 0.991293
950 0.991535
951 0.991464
952 0.991374
953 0.991414
954 0.991433
955 0.991359
956 0.991394
957 0.991351
958 0.991378
959 0.991627
960 0.991451
961 0.991574
962 0.991639
963 0.991435
964 0.991485
965 0.991582
966 0.99127
967 0.991594
968 0.991472
969 0.991438
970 0.99147
971 0.991609
972 0.991598
973 0.991532
974 0.991514
975 0.991411
976 0.991415
977 0.991538
978 0.991523
979 0.991553
980 0.991217
981 0.991471
982 0.991624
983 0.991516
984 0.991576
985 0.991619
986 0.991248
987 0.991695
988 0.991462
989 0.991509
990 0.991502
991 0.991598
992 0.991626
993 0.99155
994 0.991564
995 0.991505
996 0.991445
997 0.991647
998 0.991603
999 0.991431
1000 0.991505
1001 0.991497
1002 0.991735
1003 0.991516
1004 0.991675
1005 0.991622
1006 0.991671
1007 0.991564
1008 0.991641
1009 0.99167
1010 0.991648
1011 0.991687
1012 0.991711
1013 0.991648
1014 0.991547
1015 0.991575
1016 0.991568
1017 0.991611
1018 0.991393
1019 0.991548
1020 0.991561
1021 0.991407
1022 0.991656
1023 0.991653
1024 0.991558
1025 0.991566
1026 0.991575
1027 0.991728
1028 0.991623
1029 0.991566
1030 0.991705
1031 0.991557
1032 0.991537
1033 0.991692
1034 0.991477
1035 0.991616
1036 0.991534
1037 0.991553
1038 0.991685
1039 0.991727
1040 0.991648
1041 0.99155
1042 0.991544
1043 0.991554
1044 0.991541
1045 0.991546
1046 0.991722
1047 0.991446
1048 0.991573
1049 0.991653
1050 0.991603
1051 0.991644
1052 0.991806
1053 0.991607
1054 0.991756
1055 0.991626
1056 0.991738
1057 0.991645
1058 0.991521
1059 0.991624
1060 0.991495
1061 0.991661
1062 0.991755
1063 0.991696
1064 0.991776
1065 0.991524
1066 0.991711
1067 0.991714
1068 0.991636
1069 0.991707
1070 0.991728
1071 0.991653
1072 0.991531
1073 0.991752
1074 0.991674
1075 0.991744
1076 0.991567
1077 0.991668
1078 0.991571
1079 0.991569
1080 0.991561
1081 0.991658
1082 0.991545
1083 0.991758
1084 0.991673
1085 0.991746
1086 0.991572
1087 0.991512
1088 0.991605
1089 0.991607
1090 0.991783
1091 0.991569
1092 0.991604
1093 0.991618
1094 0.991761
1095 0.991618
1096 0.991606
1097 0.991516
1098 0.991674
1099 0.991656
1100 0.991648
1101 0.991819
1102 0.99158
1103 0.991644
1104 0.991641
1105 0.991725
1106 0.991759
1107 0.991618
1108 0.991582
1109 0.991597
1110 0.991644
1111 0.99161
1112 0.991678
1113 0.991678
1114 0.99172
1115 0.991604
1116 0.99157
1117 0.991886
1118 0.991566
1119 0.991508
1120 0.991613
1121 0.991769
1122 0.991687
1123 0.991665
1124 0.991631
1125 0.991604
1126 0.991542
1127 0.991411
1128 0.991624
1129 0.99179
1130 0.991547
1131 0.991635
1132 0.991414
1133 0.991542
1134 0.991511
1135 0.991555
1136 0.991681
1137 0.991531
1138 0.991551
1139 0.991604
1140 0.991476
1141 0.99155
1142 0.991703
1143 0.991643
1144 0.991676
1145 0.991514
1146 0.991523
1147 0.991627
1148 0.991704
1149 0.991538
1150 0.991566
1151 0.99156
1152 0.991607
1153 0.991634
1154 0.991553
1155 0.991581
1156 0.991535
1157 0.991619
1158 0.991699
1159 0.991528
1160 0.991522
1161 0.991611
1162 0.991612
1163 0.991566
1164 0.991629
1165 0.991556
1166 0.991509
1167 0.991629
1168 0.991575
1169 0.991523
1170 0.991581
1171 0.991615
1172 0.99144
1173 0.991438
1174 0.991452
1175 0.991657
1176 0.991475
1177 0.991604
1178 0.991544
1179 0.991571
1180 0.991518
1181 0.991453
1182 0.991739
1183 0.991757
1184 0.9915
1185 0.991489
1186 0.991477
1187 0.99151
1188 0.991626
1189 0.991496
1190 0.99169
1191 0.991644
1192 0.991513
1193 0.9915
1194 0.991593
1195 0.991578
1196 0.991606
1197 0.991519
1198 0.99147
1199 0.99154
1200 0.991448
1201 0.991699
1202 0.991373
1203 0.991537
1204 0.991495
1205 0.991627
1206 0.991474
1207 0.991394
1208 0.991433
1209 0.991614
1210 0.991574
1211 0.991448
1212 0.991605
1213 0.99141
1214 0.99137
1215 0.99158
1216 0.991467
1217 0.991611
1218 0.991546
1219 0.991688
1220 0.991493
1221 0.991502
1222 0.991474
1223 0.991701
1224 0.991371
1225 0.991526
1226 0.991539
1227 0.991408
1228 0.991459
1229 0.991595
1230 0.991503
1231 0.991512
1232 0.991483
1233 0.991613
1234 0.991536
1235 0.991355
1236 0.991528
1237 0.991483
1238 0.991586
1239 0.991509
1240 0.991416
1241 0.991511
1242 0.991558
1243 0.991545
1244 0.991512
1245 0.991427
1246 0.991615
1247 0.991491
1248 0.9915
1249 0.991553
1250 0.991542
1251 0.991495
1252 0.991462
1253 0.991544
1254 0.991369
1255 0.99152
1256 0.99152
1257 0.991434
1258 0.991453
1259 0.991337
1260 0.991505
1261 0.99155
1262 0.991568
1263 0.991373
1264 0.991568
1265 0.991508
1266 0.991423
1267 0.991406
1268 0.991491
1269 0.991402
1270 0.991429
1271 0.991411
1272 0.991513
1273 0.99152
1274 0.991438
1275 0.991462
1276 0.991431
1277 0.991291
1278 0.991584
1279 0.991459
1280 0.99135
1281 0.991635
1282 0.991449
1283 0.991457
1284 0.99134
1285 0.99148
1286 0.991477
1287 0.991431
1288 0.991446
1289 0.991393
1290 0.991533
1291 0.991441
1292 0.991598
1293 0.991416
1294 0.991318
1295 0.991429
1296 0.991273
1297 0.991398
1298 0.991449
1299 0.991392
1300 0.99139
1301 0.991489
1302 0.991292
1303 0.991436
1304 0.991322
1305 0.991437
1306 0.991464
1307 0.991356
1308 0.991357
1309 0.991431
1310 0.991423
1311 0.991505
1312 0.991461
1313 0.991426
1314 0.991489
1315 0.991435
1316 0.991544
1317 0.991412
1318 0.991315
1319 0.991324
1320 0.991517
1321 0.991482
1322 0.991523
1323 0.991472
1324 0.991474
1325 0.991308
1326 0.99138
1327 0.991572
1328 0.991476
1329 0.991363
1330 0.991364
1331 0.991327
1332 0.991317
1333 0.99125
1334 0.991435
1335 0.991415
1336 0.99142
1337 0.991442
1338 0.991438
1339 0.991326
1340 0.991353
1341 0.991345
1342 0.991443
1343 0.991381
1344 0.991359
1345 0.991608
1346 0.991248
1347 0.991439
1348 0.991303
1349 0.99131
1350 0.991276
1351 0.991383
1352 0.991294
1353 0.991326
1354 0.991406
1355 0.991235
1356 0.991569
1357 0.991297
1358 0.991472
1359 0.991494
1360 0.991472
1361 0.991422
1362 0.991404
1363 0.99144
1364 0.991305
1365 0.991318
1366 0.991372
1367 0.991393
1368 0.991437
1369 0.991406
1370 0.991372
1371 0.991338
1372 0.991368
1373 0.991374
1374 0.991444
1375 0.991406
1376 0.991439
1377 0.991304
1378 0.99139
1379 0.991482
1380 0.991545
1381 0.991386
1382 0.991213
1383 0.991405
1384 0.991459
1385 0.991425
1386 0.991462
1387 0.991405
1388 0.991268
1389 0.991412
1390 0.991339
1391 0.991349
1392 0.991441
1393 0.991373
1394 0.991395
1395 0.991354
1396 0.991446
1397 0.991324
1398 0.991376
1399 0.991335
1400 0.991287
1401 0.991438
1402 0.991402
1403 0.991458
1404 0.991385
1405 0.991356
1406 0.991468
1407 0.991478
1408 0.991343
1409 0.991397
1410 0.991513
1411 0.991238
1412 0.991471
1413 0.991366
1414 0.991234
1415 0.991384
1416 0.991294
1417 0.991394
1418 0.991327
1419 0.991391
1420 0.991407
1421 0.991456
1422 0.991381
1423 0.991358
1424 0.99145
1425 0.991312
1426 0.99146
1427 0.991484
1428 0.991445
1429 0.991452
1430 0.991271
1431 0.991351
1432 0.991538
1433 0.991382
1434 0.991392
1435 0.991307
1436 0.991534
1437 0.991392
1438 0.991342
1439 0.991387
1440 0.991421
1441 0.991539
1442 0.991301
1443 0.991339
1444 0.99139
1445 0.991338
1446 0.991368
1447 0.991363
1448 0.991497
1449 0.991439
1450 0.991419
1451 0.991454
1452 0.991274
1453 0.991371
1454 0.99141
1455 0.991364
1456 0.991467
1457 0.991414
1458 0.991398
1459 0.991354
1460 0.991495
1461 0.99129
1462 0.991462
1463 0.991404
1464 0.991424
1465 0.991522
1466 0.991337
1467 0.991429
1468 0.991358
1469 0.991585
1470 0.991332
1471 0.991438
1472 0.991466
1473 0.991497
1474 0.991351
1475 0.991563
1476 0.991411
1477 0.991389
1478 0.991413
1479 0.991475
1480 0.991559
1481 0.99139
1482 0.99138
1483 0.991354
1484 0.991523
1485 0.991341
1486 0.991415
1487 0.991464
1488 0.99143
1489 0.991498
1490 0.991431
1491 0.991487
1492 0.991458
1493 0.991318
1494 0.991473
1495 0.991376
1496 0.991432
1497 0.991516
1498 0.991427
1499 0.991472
1500 0.991434
1501 0.991469
1502 0.991313
1503 0.991349
1504 0.991587
1505 0.99145
1506 0.99143
1507 0.991485
1508 0.991502
1509 0.991487
1510 0.99151
1511 0.991414
1512 0.991492
1513 0.991503
1514 0.991513
1515 0.991459
1516 0.991466
1517 0.991448
1518 0.991626
1519 0.99141
1520 0.991542
1521 0.991343
1522 0.991555
1523 0.991462
1524 0.991365
1525 0.99164
1526 0.991518
1527 0.991414
1528 0.991209
1529 0.991521
1530 0.991535
1531 0.991384
1532 0.99133
1533 0.991474
1534 0.991347
1535 0.991471
1536 0.991438
1537 0.991405
1538 0.991602
1539 0.991437
1540 0.991482
1541 0.991434
1542 0.991387
1543 0.991333
1544 0.991538
1545 0.991487
1546 0.991467
1547 0.991545
1548 0.991502
1549 0.991519
1550 0.991514
1551 0.9915
1552 0.991577
1553 0.991491
1554 0.991413
1555 0.991568
1556 0.99152
1557 0.991594
1558 0.991448
1559 0.991484
1560 0.991506
1561 0.991524
1562 0.991552
1563 0.991545
1564 0.99157
1565 0.991455
1566 0.991616
1567 0.991539
1568 0.991499
1569 0.991505
1570 0.991567
1571 0.991448
1572 0.991444
1573 0.991612
1574 0.991506
1575 0.991457
1576 0.991454
1577 0.991573
1578 0.991397
1579 0.991591
1580 0.991566
1581 0.991543
1582 0.99146
1583 0.991524
1584 0.991443
1585 0.991571
1586 0.991489
1587 0.991534
1588 0.991462
1589 0.991635
1590 0.991603
1591 0.991654
1592 0.991482
1593 0.991492
1594 0.991542
1595 0.991703
1596 0.991593
1597 0.991474
1598 0.991558
1599 0.991549
1600 0.991562
1601 0.991668
1602 0.991563
1603 0.991623
1604 0.991641
1605 0.991716
1606 0.991533
1607 0.991663
1608 0.991527
1609 0.9917
1610 0.991557
1611 0.991555
1612 0.991616
1613 0.991634
1614 0.991602
1615 0.99173
1616 0.991724
1617 0.991677
1618 0.991628
1619 0.991638
1620 0.991632
1621 0.991477
1622 0.991604
1623 0.991678
1624 0.991584
1625 0.99175
1626 0.991649
1627 0.991532
1628 0.991509
1629 0.99167
1630 0.991502
1631 0.991651
1632 0.99159
1633 0.991732
1634 0.991819
1635 0.991726
1636 0.991712
1637 0.991612
1638 0.991725
1639 0.991678
1640 0.99181
1641 0.991562
1642 0.991692
1643 0.991691
1644 0.991591
1645 0.991655
1646 0.991692
1647 0.991679
1648 0.991661
1649 0.991717
1650 0.99163
1651 0.991755
1652 0.991714
1653 0.991747
1654 0.991681
1655 0.991556
1656 0.99164
1657 0.991697
1658 0.991734
1659 0.991663
1660 0.991603
1661 0.991746
1662 0.991752
1663 0.991576
1664 0.991757
1665 0.991644
1666 0.991694
1667 0.991854
1668 0.991579
1669 0.991627
1670 0.99175
1671 0.991647
1672 0.991875
1673 0.991681
1674 0.991801
1675 0.991655
1676 0.991832
1677 0.991855
1678 0.991763
1679 0.991822
1680 0.991767
1681 0.991673
1682 0.991854
1683 0.991652
1684 0.991611
1685 0.99169
1686 0.991754
1687 0.991759
1688 0.991739
1689 0.991824
1690 0.99172
1691 0.991805
1692 0.991736
1693 0.99178
1694 0.991701
1695 0.991936
1696 0.991798
1697 0.991707
1698 0.991811
1699 0.991631
1700 0.99175
1701 0.991782
1702 0.991799
1703 0.991831
1704 0.991731
1705 0.99197
1706 0.991722
1707 0.991815
1708 0.991905
1709 0.991829
1710 0.991782
1711 0.991773
1712 0.991787
1713 0.991926
1714 0.991737
1715 0.991932
1716 0.991741
1717 0.991911
1718 0.991776
1719 0.991813
1720 0.991768
1721 0.991868
1722 0.991868
1723 0.991831
1724 0.991897
1725 0.991883
1726 0.991921
1727 0.991846
1728 0.991801
1729 0.991827
1730 0.991963
1731 0.991913
1732 0.991923
1733 0.991882
1734 0.99183
1735 0.991916
1736 0.991952
1737 0.991879
1738 0.991799
1739 0.991847
1740 0.991791
1741 0.991914
1742 0.991855
1743 0.991883
1744 0.992017
1745 0.991878
1746 0.991871
1747 0.991768
1748 0.991926
1749 0.991914
1750 0.991835
1751 0.991833
1752 0.991972
1753 0.991792
1754 0.991848
1755 0.991812
1756 0.991956
1757 0.991975
1758 0.99198
1759 0.991934
1760 0.991774
1761 0.991875
1762 0.99205
1763 0.991859
1764 0.991875
1765 0.991976
1766 0.991962
1767 0.992022
1768 0.992048
1769 0.992018
1770 0.991886
1771 0.99199
1772 0.991959
1773 0.991947
1774 0.991975
1775 0.991858
1776 0.991995
1777 0.991878
1778 0.991973
1779 0.991965
1780 0.991847
1781 0.992039
1782 0.991931
1783 0.99189
1784 0.991973
1785 0.991953
1786 0.992074
1787 0.991953
1788 0.992014
1789 0.991974
1790 0.991911
1791 0.991951
1792 0.991994
1793 0.991871
1794 0.991991
1795 0.991964
1796 0.991952
1797 0.991898
1798 0.991973
1799 0.991987
1800 0.99202
1801 0.992038
1802 0.992097
1803 0.992055
1804 0.992063
1805 0.99216
1806 0.991989
1807 0.991969
1808 0.992096
1809 0.991995
1810 0.992079
1811 0.991997
1812 0.99199
1813 0.991998
1814 0.991999
1815 0.992029
1816 0.99196
1817 0.992078
1818 0.991998
1819 0.99196
1820 0.992063
1821 0.992042
1822 0.992134
1823 0.992005
1824 0.991973
1825 0.992053
1826 0.991975
1827 0.991972
1828 0.992074
1829 0.992073
1830 0.992091
1831 0.992121
1832 0.992158
1833 0.992009
1834 0.992035
1835 0.992166
1836 0.992115
1837 0.992074
1838 0.992101
1839 0.992085
1840 0.991983
1841 0.992158
1842 0.992109
1843 0.992219
1844 0.99205
1845 0.991981
1846 0.992123
1847 0.992215
1848 0.992198
1849 0.992181
1850 0.992164
1851 0.99214
1852 0.992137
1853 0.992197
1854 0.992142
1855 0.992024
1856 0.992162
1857 0.992039
1858 0.992219
1859 0.992057
1860 0.992097
1861 0.992126
1862 0.99211
1863 0.992139
1864 0.992218
1865 0.992044
1866 0.992181
1867 0.992136
1868 0.992152
1869 0.992051
1870 0.992133
1871 0.992143
1872 0.992105
1873 0.992274
1874 0.992244
1875 0.992043
1876 0.992157
1877 0.992092
1878 0.992161
1879 0.992256
1880 0.99215
1881 0.992222
1882 0.992156
1883 0.992162
1884 0.992239
1885 0.992159
1886 0.992217
1887 0.992228
1888 0.992145
1889 0.992167
1890 0.992144
1891 0.992235
1892 0.992111
1893 0.992224
1894 0.992134
1895 0.992189
1896 0.992263
1897 0.992184
1898 0.992304
1899 0.992146
1900 0.992172
1901 0.992212
1902 0.992294
1903 0.992235
1904 0.992146
1905 0.992213
1906 0.992061
1907 0.992153
1908 0.992239
1909 0.992226
1910 0.992228
1911 0.992237
1912 0.992216
1913 0.99223
1914 0.992226
1915 0.992285
1916 0.992248
1917 0.992327
1918 0.992269
1919 0.99235
1920 0.992261
1921 0.992256
1922 0.992165
1923 0.992207
1924 0.992283
1925 0.992325
1926 0.992182
1927 0.992137
1928 0.992178
1929 0.992322
1930 0.992213
1931 0.992261
1932 0.992306
1933 0.992138
1934 0.992277
1935 0.992346
1936 0.992274
1937 0.99231
1938 0.992239
1939 0.99224
1940 0.992193
1941 0.992197
1942 0.992276
1943 0.992175
1944 0.992271
1945 0.99239
1946 0.992213
1947 0.992281
1948 0.992329
1949 0.992276
1950 0.992259
1951 0.992239
1952 0.992323
1953 0.992233
1954 0.992206
1955 0.992204
1956 0.992264
1957 0.992329
1958 0.992256
1959 0.992253
1960 0.992393
1961 0.992353
1962 0.992259
1963 0.992183
1964 0.992352
1965 0.992257
1966 0.992298
1967 0.992333
1968 0.992248
1969 0.992296
1970 0.992316
1971 0.99236
1972 0.992256
1973 0.992183
1974 0.992246
1975 0.992343
1976 0.992336
1977 0.992386
1978 0.992195
1979 0.992303
1980 0.99225
1981 0.992315
1982 0.992326
1983 0.992354
1984 0.992333
1985 0.992383
1986 0.992255
1987 0.992154
1988 0.992355
1989 0.992375
1990 0.992311
1991 0.992292
1992 0.992275
1993 0.992448
1994 0.992423
1995 0.992292
1996 0.992273
1997 0.992264
1998 0.992256
1999 0.992327
2000 0.992419
2001 0.992343
2002 0.992362
2003 0.992459
2004 0.992363
2005 0.992323
2006 0.992332
2007 0.992373
2008 0.992255
2009 0.992377
2010 0.992361
2011 0.992445
2012 0.992309
2013 0.992233
2014 0.992373
2015 0.992322
2016 0.992328
2017 0.99233
2018 0.99236
2019 0.992367
2020 0.992281
2021 0.992375
2022 0.992257
2023 0.992182
2024 0.992307
2025 0.992349
2026 0.992275
2027 0.992431
2028 0.992382
2029 0.992375
2030 0.992245
2031 0.992322
2032 0.992333
2033 0.992291
2034 0.992406
2035 0.992417
2036 0.992297
2037 0.992356
2038 0.992288
2039 0.9923
2040 0.992373
2041 0.992295
2042 0.992368
2043 0.992361
2044 0.992285
2045 0.992381
2046 0.992381
2047 0.992332
2048 0.992376
2049 0.992321
2050 0.992351
2051 0.992346
2052 0.992311
2053 0.992352
2054 0.992363
2055 0.992407
2056 0.99226
2057 0.992404
2058 0.992346
2059 0.992412
2060 0.992419
2061 0.99236
2062 0.992367
2063 0.992486
2064 0.992312
2065 0.992434
2066 0.992476
2067 0.992326
2068 0.99241
2069 0.992435
2070 0.992399
2071 0.992453
2072 0.992433
2073 0.992319
2074 0.992401
2075 0.992385
2076 0.992386
2077 0.992399
2078 0.992385
2079 0.992366
2080 0.992388
2081 0.992426
2082 0.992466
2083 0.992417
2084 0.992264
2085 0.992435
2086 0.99239
2087 0.992323
2088 0.992487
2089 0.992421
2090 0.992297
2091 0.992475
2092 0.992332
2093 0.992448
2094 0.992386
2095 0.992395
2096 0.992458
2097 0.99233
2098 0.992311
2099 0.992419
2100 0.992356
2101 0.992355
2102 0.992417
2103 0.992502
2104 0.992506
2105 0.992439
2106 0.992392
2107 0.992297
2108 0.992311
2109 0.992489
2110 0.992386
2111 0.99235
2112 0.992373
2113 0.992322
2114 0.992436
2115 0.99247
2116 0.992382
2117 0.99234
2118 0.992384
2119 0.99252
2120 0.992421
2121 0.99235
2122 0.992396
2123 0.992463
2124 0.992388
2125 0.992394
2126 0.992388
2127 0.992349
2128 0.992427
2129 0.992369
2130 0.992376
2131 0.992323
2132 0.992352
2133 0.99246
2134 0.992326
2135 0.992357
2136 0.992363
2137 0.992478
2138 0.992278
2139 0.992454
2140 0.992331
2141 0.992437
2142 0.992394
2143 0.992461
2144 0.992378
2145 0.992347
2146 0.992359
2147 0.99239
2148 0.992422
2149 0.992496
2150 0.992461
2151 0.99246
2152 0.992367
2153 0.992347
2154 0.992398
2155 0.992363
2156 0.992449
2157 0.992378
2158 0.992355
2159 0.99243
2160 0.992371
2161 0.992328
2162 0.99247
2163 0.992343
2164 0.992287
2165 0.992321
2166 0.992325
2167 0.992465
2168 0.992464
2169 0.992353
2170 0.992427
2171 0.992451
2172 0.992441
2173 0.992268
2174 0.992374
2175 0.992262
2176 0.992444
2177 0.992499
2178 0.992338
2179 0.992451
2180 0.992428
2181 0.992337
2182 0.992337
2183 0.992408
2184 0.992416
2185 0.992386
2186 0.992341
2187 0.992365
2188 0.992365
2189 0.992345
2190 0.992289
2191 0.992389
2192 0.99238
2193 0.992351
2194 0.99241
2195 0.992441
2196 0.992402
2197 0.992362
2198 0.99243
2199 0.992303
2200 0.992417
2201 0.992375
2202 0.992401
2203 0.992389
2204 0.992468
2205 0.992329
2206 0.992385
2207 0.992417
2208 0.992475
2209 0.992287
2210 0.992418
2211 0.992412
2212 0.992476
2213 0.992461
2214 0.992349
2215 0.992342
2216 0.992417
2217 0.992432
2218 0.992346
2219 0.992407
2220 0.992356
2221 0.992378
2222 0.992391
2223 0.992342
2224 0.992343
2225 0.992445
2226 0.992413
2227 0.992409
2228 0.992413
2229 0.992365
2230 0.99227
2231 0.992336
2232 0.992442
2233 0.992404
2234 0.992382
2235 0.99248
2236 0.992314
2237 0.992384
2238 0.992358
2239 0.992316
2240 0.992435
2241 0.99245
2242 0.992446
2243 0.992367
2244 0.992364
2245 0.992423
2246 0.992319
2247 0.992352
2248 0.992394
2249 0.992357
2250 0.992308
2251 0.992368
2252 0.992413
2253 0.992314
2254 0.992308
2255 0.992357
2256 0.992362
2257 0.992303
2258 0.992311
2259 0.99239
2260 0.992329
2261 0.992359
2262 0.992398
2263 0.992313
2264 0.992221
2265 0.99233
2266 0.992386
2267 0.992368
2268 0.992396
2269 0.992296
2270 0.992412
2271 0.992318
2272 0.992312
2273 0.992305
2274 0.992277
2275 0.992428
2276 0.992314
2277 0.992355
2278 0.992393
2279 0.992359
2280 0.992332
2281 0.992358
2282 0.992338
2283 0.992317
2284 0.992367
2285 0.992344
2286 0.9924
2287 0.992356
2288 0.992297
2289 0.992373
2290 0.992379
2291 0.992285
2292 0.992397
2293 0.992368
2294 0.992289
2295 0.992341
2296 0.992349
2297 0.992299
2298 0.992303
2299 0.992265
2300 0.992438
2301 0.992338
2302 0.992485
2303 0.99231
2304 0.992404
2305 0.992351
2306 0.992371
2307 0.992358
2308 0.992402
2309 0.992382
2310 0.992269
2311 0.992322
2312 0.992362
2313 0.992278
2314 0.992329
2315 0.992362
2316 0.992272
2317 0.992407
2318 0.99239
2319 0.99229
2320 0.992401
2321 0.992303
2322 0.992354
2323 0.992314
2324 0.992273
2325 0.992348
2326 0.992343
2327 0.992294
2328 0.992301
2329 0.992278
2330 0.99241
2331 0.992203
2332 0.992323
2333 0.99243
2334 0.99245
2335 0.992335
2336 0.99228
2337 0.992316
2338 0.992399
2339 0.992296
2340 0.992298
2341 0.99231
2342 0.992256
2343 0.992187
2344 0.992348
2345 0.992266
2346 0.992307
2347 0.992297
2348 0.992383
2349 0.992334
2350 0.992355
2351 0.992338
2352 0.99224
2353 0.992345
2354 0.992263
2355 0.992271
2356 0.992252
2357 0.992398
2358 0.9923
2359 0.992396
2360 0.99226
2361 0.992229
2362 0.99229
2363 0.992306
2364 0.992364
2365 0.992291
2366 0.992319
2367 0.992306
2368 0.99228
2369 0.992412
2370 0.99233
2371 0.992317
2372 0.992397
2373 0.992235
2374 0.992296
2375 0.992304
2376 0.992313
2377 0.992301
2378 0.992343
2379 0.992293
2380 0.992292
2381 0.992287
2382 0.992285
2383 0.992234
2384 0.992315
2385 0.992293
2386 0.99231
2387 0.992332
2388 0.992348
2389 0.992399
2390 0.992284
2391 0.992299
2392 0.992427
2393 0.992283
2394 0.992291
2395 0.9923
2396 0.992386
2397 0.992313
2398 0.992246
2399 0.992286
2400 0.992317
2401 0.992313
2402 0.992325
2403 0.992256
2404 0.992372
2405 0.992284
2406 0.992347
2407 0.99232
2408 0.992296
2409 0.992223
2410 0.992261
2411 0.992337
2412 0.992248
2413 0.992349
2414 0.992241
2415 0.992301
2416 0.992303
2417 0.992262
2418 0.992264
2419 0.992342
2420 0.992366
2421 0.992409
2422 0.992255
2423 0.992284
2424 0.992358
2425 0.992184
2426 0.992317
2427 0.992308
2428 0.992302
2429 0.992175
2430 0.992259
2431 0.992271
2432 0.992211
2433 0.992231
2434 0.992289
2435 0.992202
2436 0.99223
2437 0.992326
2438 0.992373
2439 0.9923
2440 0.992218
2441 0.992295
2442 0.992218
2443 0.992302
2444 0.992302
2445 0.9922
2446 0.99226
2447 0.99223
2448 0.992185
2449 0.992316
2450 0.992284
2451 0.992263
2452 0.992305
2453 0.992236
2454 0.992284
2455 0.992284
2456 0.992327
2457 0.992198
2458 0.992316
2459 0.992324
2460 0.992279
2461 0.992217
2462 0.992248
2463 0.992337
2464 0.992287
2465 0.992237
2466 0.992323
2467 0.992228
2468 0.992333
2469 0.992255
2470 0.992295
2471 0.992231
2472 0.992191
2473 0.992244
2474 0.992306
2475 0.992349
2476 0.992333
2477 0.992236
2478 0.992227
2479 0.992245
2480 0.992181
2481 0.992145
2482 0.992242
2483 0.992196
2484 0.992351
2485 0.99221
2486 0.992252
2487 0.992378
2488 0.992155
2489 0.992222
2490 0.992197
2491 0.992193
2492 0.992205
2493 0.992208
2494 0.992296
2495 0.992284
2496 0.992195
2497 0.992236
2498 0.992224
2499 0.992153
2500 0.992167
2501 0.992215
2502 0.992328
2503 0.992248
2504 0.992278
2505 0.992244
2506 0.992239
2507 0.992265
2508 0.992113
2509 0.99226
2510 0.992253
2511 0.992266
2512 0.992252
2513 0.992159
2514 0.992203
2515 0.992212
2516 0.992295
2517 0.992207
2518 0.99223
2519 0.992272
2520 0.992216
2521 0.992236
2522 0.992203
2523 0.992211
2524 0.992235
2525 0.992153
2526 0.992262
2527 0.992195
2528 0.992266
2529 0.99218
2530 0.992248
2531 0.992215
2532 0.99213
2533 0.992197
2534 0.992212
2535 0.992125
2536 0.992194
2537 0.992196
2538 0.992143
2539 0.992195
2540 0.992171
2541 0.992215
2542 0.992184
2543 0.992198
2544 0.992227
2545 0.992215
2546 0.992159
2547 0.992162
2548 0.992195
2549 0.992203
2550 0.992122
2551 0.992182
2552 0.992248
2553 0.99219
2554 0.992184
2555 0.992172
2556 0.992235
2557 0.992318
2558 0.992223
2559 0.992115
2560 0.992173
2561 0.992254
2562 0.992201
2563 0.992206
2564 0.992162
2565 0.992287
2566 0.992191
2567 0.992166
2568 0.992178
2569 0.992201
2570 0.992195
2571 0.992187
2572 0.992157
2573 0.992192
2574 0.992164
2575 0.992214
2576 0.992228
2577 0.992128
2578 0.992221
2579 0.992245
2580 0.99214
2581 0.992128
2582 0.992217
2583 0.992251
2584 0.992257
2585 0.992162
2586 0.992207
2587 0.992225
2588 0.992176
2589 0.992205
2590 0.992189
2591 0.992195
2592 0.992124
2593 0.992227
2594 0.992236
2595 0.992216
2596 0.992134
2597 0.992184
2598 0.992258
2599 0.992216
2600 0.992253
2601 0.99224
2602 0.992118
2603 0.992126
2604 0.992174
2605 0.992279
2606 0.992193
2607 0.992092
2608 0.992165
2609 0.992166
2610 0.992204
2611 0.992218
2612 0.99226
2613 0.992171
2614 0.99218
2615 0.992147
2616 0.99218
2617 0.992182
2618 0.992143
2619 0.99216
2620 0.992191
2621 0.99214
2622 0.992281
2623 0.992213
2624 0.992163
2625 0.992139
2626 0.992123
2627 0.992218
2628 0.99218
2629 0.992155
2630 0.992169
2631 0.992172
2632 0.992151
2633 0.992189
2634 0.992233
2635 0.992142
2636 0.992204
2637 0.992208
2638 0.992207
2639 0.992211
2640 0.9922
2641 0.992151
2642 0.992197
2643 0.992129
2644 0.99208
2645 0.99215
2646 0.992173
2647 0.99215
2648 0.992222
2649 0.992219
2650 0.992184
2651 0.992187
2652 0.992192
2653 0.992281
2654 0.992086
2655 0.99222
2656 0.992247
2657 0.992232
2658 0.992135
2659 0.992227
2660 0.992233
2661 0.992088
2662 0.992206
2663 0.992124
2664 0.992167
2665 0.992141
2666 0.992105
2667 0.992182
2668 0.992234
2669 0.992155
2670 0.992191
2671 0.992178
2672 0.992248
2673 0.992163
2674 0.992136
2675 0.992189
2676 0.992162
2677 0.992185
2678 0.992208
2679 0.992136
2680 0.992094
2681 0.992134
2682 0.992202
2683 0.992093
2684 0.992195
2685 0.992183
2686 0.992164
2687 0.992144
2688 0.99208
2689 0.992138
2690 0.992101
2691 0.99218
2692 0.992187
2693 0.992138
2694 0.992205
2695 0.992172
2696 0.992077
2697 0.992223
2698 0.992128
2699 0.992194
2700 0.992188
2701 0.99217
2702 0.992248
2703 0.992115
2704 0.99208
2705 0.99219
2706 0.992116
2707 0.99214
2708 0.992125
2709 0.9922
2710 0.992177
2711 0.992129
2712 0.992161
2713 0.992116
2714 0.992105
2715 0.992162
2716 0.992155
2717 0.992209
2718 0.992115
2719 0.992251
2720 0.992119
2721 0.992122
2722 0.992158
2723 0.992153
2724 0.992229
2725 0.992193
2726 0.992132
2727 0.992147
2728 0.992213
2729 0.992201
2730 0.992195
2731 0.992167
2732 0.992135
2733 0.992177
2734 0.992134
2735 0.992241
2736 0.992167
2737 0.992187
2738 0.992197
2739 0.992202
2740 0.992098
2741 0.992058
2742 0.992268
2743 0.992104
2744 0.992184
2745 0.992158
2746 0.992092
2747 0.992124
2748 0.992144
2749 0.992133
2750 0.992117
2751 0.992166
2752 0.992162
2753 0.992135
2754 0.992095
2755 0.992132
2756 0.992094
2757 0.992205
2758 0.992059
2759 0.992186
2760 0.992201
2761 0.99208
2762 0.992124
2763 0.992131
2764 0.992184
2765 0.992174
2766 0.992162
2767 0.992083
2768 0.992144
2769 0.992066
2770 0.992081
2771 0.992181
2772 0.99204
2773 0.992179
2774 0.992183
2775 0.992092
2776 0.992115
2777 0.992077
2778 0.992129
2779 0.992102
2780 0.992166
2781 0.992186
2782 0.992186
2783 0.992107
2784 0.992113
2785 0.992145
2786 0.992175
2787 0.9921
2788 0.992192
2789 0.992187
2790 0.992121
2791 0.992175
2792 0.992141
2793 0.992106
2794 0.992193
2795 0.992164
2796 0.992199
2797 0.992127
2798 0.992038
2799 0.992104
2800 0.992126
2801 0.992135
2802 0.99208
2803 0.992081
2804 0.992139
2805 0.992077
2806 0.992115
2807 0.992202
2808 0.992147
2809 0.992105
2810 0.992149
2811 0.992132
2812 0.992131
2813 0.99208
2814 0.99216
2815 0.992163
2816 0.992033
2817 0.992051
2818 0.992096
2819 0.992106
2820 0.992115
2821 0.992141
2822 0.992112
2823 0.992178
2824 0.992137
2825 0.992134
2826 0.992202
2827 0.992153
2828 0.992117
2829 0.992123
2830 0.992136
2831 0.992241
2832 0.992127
2833 0.992184
2834 0.992158
2835 0.99214
2836 0.992148
2837 0.992088
2838 0.992081
2839 0.992163
2840 0.992077
2841 0.992197
2842 0.992228
2843 0.992135
2844 0.9921
2845 0.992216
2846 0.992146
2847 0.992091
2848 0.992129
2849 0.992004
2850 0.992174
2851 0.992122
2852 0.992144
2853 0.992158
2854 0.992174
2855 0.992101
2856 0.992136
2857 0.992083
2858 0.99221
2859 0.992014
2860 0.992118
2861 0.992161
2862 0.992138
2863 0.992135
2864 0.992199
2865 0.992165
2866 0.992127
2867 0.99219
2868 0.992173
2869 0.992149
2870 0.992144
2871 0.992195
2872 0.99216
2873 0.992163
2874 0.992073
2875 0.992122
2876 0.992141
2877 0.99213
2878 0.99215
2879 0.992198
2880 0.992153
2881 0.992178
2882 0.992171
2883 0.992174
2884 0.992177
2885 0.992202
2886 0.992115
2887 0.992039
2888 0.992108
2889 0.992126
2890 0.992144
2891 0.992104
2892 0.992069
2893 0.992101
2894 0.99221
2895 0.99215
2896 0.992045
2897 0.992111
2898 0.992181
2899 0.992203
2900 0.992126
2901 0.992109
2902 0.992172
2903 0.992198
2904 0.99214
2905 0.992198
2906 0.992097
2907 0.992118
2908 0.992096
2909 0.992131
2910 0.992122
2911 0.992127
2912 0.992099
2913 0.992129
2914 0.992072
2915 0.992104
2916 0.99204
2917 0.992284
2918 0.992231
2919 0.992129
2920 0.99214
2921 0.992111
2922 0.992153
2923 0.992117
2924 0.992108
2925 0.992157
2926 0.992156
2927 0.992194
2928 0.992103
2929 0.992197
2930 0.992159
2931 0.992167
2932 0.992207
2933 0.992161
2934 0.992199
2935 0.992154
2936 0.992319
2937 0.992164
2938 0.992133
2939 0.992145
2940 0.992143
2941 0.992046
2942 0.992122
2943 0.992067
2944 0.992173
2945 0.992184
2946 0.992193
2947 0.992195
2948 0.992143
2949 0.992212
2950 0.992133
2951 0.9922
2952 0.992131
2953 0.992174
2954 0.992234
2955 0.992162
2956 0.992071
2957 0.992208
2958 0.992192
2959 0.992194
2960 0.992192
2961 0.992094
2962 0.992234
2963 0.992218
2964 0.992119
2965 0.992255
2966 0.992182
2967 0.992118
2968 0.992153
2969 0.992137
2970 0.992242
2971 0.992155
2972 0.992174
2973 0.99222
2974 0.992126
2975 0.992184
2976 0.992097
2977 0.992177
2978 0.992157
2979 0.992064
2980 0.992197
2981 0.992243
2982 0.992139
2983 0.992172
2984 0.99221
2985 0.992243
2986 0.992108
2987 0.992121
2988 0.992131
2989 0.992187
2990 0.992232
2991 0.992153
2992 0.992128
2993 0.992146
2994 0.992152
2995 0.992195
2996 0.992157
2997 0.992254
2998 0.992222
2999 0.992233
3000 0.992206
3001 0.992187
3002 0.992123
3003 0.992175
3004 0.992162
3005 0.992106
3006 0.992206
3007 0.992164
3008 0.992151
3009 0.9922
3010 0.992162
3011 0.992206
3012 0.992152
3013 0.992211
3014 0.99217
3015 0.992233
3016 0.992187
3017 0.992172
3018 0.99213
3019 0.992142
3020 0.992196
3021 0.992153
3022 0.992222
3023 0.992161
3024 0.99227
3025 0.992218
3026 0.992185
3027 0.992119
3028 0.992151
3029 0.992166
3030 0.992182
3031 0.992154
3032 0.992195
3033 0.992246
3034 0.992111
3035 0.99217
3036 0.992281
3037 0.992137
3038 0.992135
3039 0.992167
3040 0.992308
3041 0.992214
3042 0.992174
3043 0.992154
3044 0.992191
3045 0.992154
3046 0.992247
3047 0.992126
3048 0.992256
3049 0.99219
3050 0.992111
3051 0.992159
3052 0.992204
3053 0.992146
3054 0.99225
3055 0.992163
3056 0.992185
3057 0.992195
3058 0.992166
3059 0.9922
3060 0.992095
3061 0.99223
3062 0.992172
3063 0.99222
3064 0.992222
3065 0.992164
3066 0.992216
3067 0.992222
3068 0.992203
3069 0.992234
3070 0.99214
3071 0.992207
3072 0.992183
3073 0.992187
3074 0.99224
3075 0.992259
3076 0.992249
3077 0.992261
3078 0.99229
3079 0.992192
3080 0.992235
3081 0.992222
3082 0.992194
3083 0.992227
3084 0.992254
3085 0.992229
3086 0.992313
3087 0.992205
3088 0.992228
3089 0.992205
3090 0.992124
3091 0.992299
3092 0.992255
3093 0.992213
3094 0.992191
3095 0.992271
3096 0.992181
3097 0.992313
3098 0.992187
3099 0.992207
3100 0.992272
3101 0.992123
3102 0.99225
3103 0.992238
3104 0.992283
3105 0.992243
3106 0.992215
3107 0.992127
3108 0.992132
3109 0.992129
3110 0.992231
3111 0.992237
3112 0.992246
3113 0.9922
3114 0.992243
3115 0.992201
3116 0.992198
3117 0.992245
3118 0.992279
3119 0.992274
3120 0.992229
3121 0.992254
3122 0.992305
3123 0.992283
3124 0.992161
3125 0.992259
3126 0.992232
3127 0.992233
3128 0.992169
3129 0.992384
3130 0.992256
3131 0.992251
3132 0.992276
3133 0.992201
3134 0.992272
3135 0.992256
3136 0.992291
3137 0.992211
3138 0.992282
3139 0.992207
3140 0.992192
3141 0.992263
3142 0.992219
3143 0.992303
3144 0.99226
3145 0.992346
3146 0.992201
3147 0.992289
3148 0.992248
3149 0.99224
3150 0.992197
3151 0.992241
3152 0.992187
3153 0.992301
3154 0.992256
3155 0.99223
3156 0.99223
3157 0.992218
3158 0.992265
3159 0.992284
3160 0.992173
3161 0.992257
3162 0.99229
3163 0.992233
3164 0.992225
3165 0.992221
3166 0.992287
3167 0.992178
3168 0.992242
3169 0.99235
3170 0.99233
3171 0.992249
3172 0.992241
3173 0.992281
3174 0.992262
3175 0.992392
3176 0.992349
3177 0.992314
3178 0.992348
3179 0.992265
3180 0.992238
3181 0.992219
3182 0.992336
3183 0.992315
3184 0.992286
3185 0.992233
3186 0.992286
3187 0.992207
3188 0.992281
3189 0.992202
3190 0.992264
3191 0.992263
3192 0.992297
3193 0.992407
3194 0.99224
3195 0.992281
3196 0.992297
3197 0.99231
3198 0.992301
3199 0.992258
3200 0.992187
3201 0.992298
3202 0.992287
3203 0.992365
3204 0.992283
3205 0.99225
3206 0.992352
3207 0.992308
3208 0.992383
3209 0.992278
3210 0.992343
3211 0.992246
3212 0.992295
3213 0.992229
3214 0.992323
3215 0.992335
3216 0.992304
3217 0.992311
3218 0.992323
3219 0.99235
3220 0.992283
3221 0.992245
3222 0.992246
3223 0.99233
3224 0.992299
3225 0.992242
3226 0.992382
3227 0.99226
3228 0.992259
3229 0.992308
3230 0.992248
3231 0.992372
3232 0.992258
3233 0.992318
3234 0.992322
3235 0.992368
3236 0.992309
3237 0.992339
3238 0.992315
3239 0.992372
3240 0.992295
3241 0.992309
3242 0.992331
3243 0.992388
3244 0.992372
3245 0.992352
3246 0.992281
3247 0.992274
3248 0.992315
3249 0.992323
3250 0.992294
3251 0.992403
3252 0.992257
3253 0.992286
3254 0.9924
3255 0.99232
3256 0.992327
3257 0.992403
3258 0.992301
3259 0.992272
3260 0.992419
3261 0.99237
3262 0.992389
3263 0.992321
3264 0.992417
3265 0.992333
3266 0.992351
3267 0.992423
3268 0.992417
3269 0.992361
3270 0.992349
3271 0.992309
3272 0.992397
3273 0.992329
3274 0.992383
3275 0.992276
3276 0.992374
3277 0.992319
3278 0.992349
3279 0.992416
3280 0.992391
3281 0.99241
3282 0.992382
3283 0.992394
3284 0.99239
3285 0.992346
3286 0.992323
3287 0.992364
3288 0.992325
3289 0.992467
3290 0.992424
3291 0.992339
3292 0.99249
3293 0.992406
3294 0.992379
3295 0.992348
3296 0.992349
3297 0.99248
3298 0.992328
3299 0.992444
3300 0.992336
3301 0.992411
3302 0.992357
3303 0.992311
3304 0.992422
3305 0.992332
3306 0.992407
3307 0.992379
3308 0.992455
3309 0.992502
3310 0.99236
3311 0.992397
3312 0.99244
3313 0.992395
3314 0.992412
3315 0.992376
3316 0.99242
3317 0.992377
3318 0.992454
3319 0.992423
3320 0.992441
3321 0.992313
3322 0.992428
3323 0.99248
3324 0.992443
3325 0.992411
3326 0.992383
3327 0.992509
3328 0.992441
3329 0.992445
3330 0.992377
3331 0.992408
3332 0.992382
3333 0.992432
3334 0.992411
3335 0.992444
3336 0.992448
3337 0.992433
3338 0.992431
3339 0.992436
3340 0.992475
3341 0.992467
3342 0.992333
3343 0.992468
3344 0.992403
3345 0.992447
3346 0.992422
3347 0.992352
3348 0.99243
3349 0.992359
3350 0.992475
3351 0.992477
3352 0.992386
3353 0.992356
3354 0.992426
3355 0.992429
3356 0.992413
3357 0.992461
3358 0.992431
3359 0.9924
3360 0.992501
3361 0.992427
3362 0.992448
3363 0.992436
3364 0.992463
3365 0.992429
3366 0.992466
3367 0.992509
3368 0.992486
3369 0.992405
3370 0.992467
3371 0.99244
3372 0.99245
3373 0.992472
3374 0.992486
3375 0.992412
3376 0.992475
3377 0.992475
3378 0.992519
3379 0.992491
3380 0.992475
3381 0.99241
3382 0.992496
3383 0.992469
3384 0.992452
3385 0.992393
3386 0.992487
3387 0.992438
3388 0.992461
3389 0.992496
3390 0.992473
3391 0.992516
3392 0.992479
3393 0.992433
3394 0.992501
3395 0.992437
3396 0.992475
3397 0.992491
3398 0.992461
3399 0.992521
3400 0.992476
3401 0.992512
3402 0.992598
3403 0.992437
3404 0.992435
3405 0.992511
3406 0.992594
3407 0.9925
3408 0.992501
3409 0.99248
3410 0.992504
3411 0.992482
3412 0.992496
3413 0.992466
3414 0.992427
3415 0.992465
3416 0.992552
3417 0.992416
3418 0.992463
3419 0.992521
3420 0.992468
3421 0.992514
3422 0.992517
3423 0.992469
3424 0.992548
3425 0.99252
3426 0.992475
3427 0.992484
3428 0.992379
3429 0.992557
3430 0.99248
3431 0.992504
3432 0.992498
3433 0.992438
3434 0.992508
3435 0.992514
3436 0.992523
3437 0.992531
3438 0.992546
3439 0.992518
3440 0.992583
3441 0.992609
3442 0.992471
3443 0.99247
3444 0.992511
3445 0.992472
3446 0.992476
3447 0.99254
3448 0.992458
3449 0.992563
3450 0.992562
3451 0.992476
3452 0.992542
3453 0.992638
3454 0.992573
3455 0.992467
3456 0.992526
3457 0.99258
3458 0.99251
3459 0.992447
3460 0.992564
3461 0.992481
3462 0.99255
3463 0.992499
3464 0.992528
3465 0.992465
3466 0.992503
3467 0.992473
3468 0.99255
3469 0.992445
3470 0.992563
3471 0.992571
3472 0.992511
3473 0.992611
3474 0.992571
3475 0.992514
3476 0.992524
3477 0.992517
3478 0.992542
3479 0.992529
3480 0.992501
3481 0.992469
3482 0.992593
3483 0.9926
3484 0.992509
3485 0.992573
3486 0.992601
3487 0.992607
3488 0.992534
3489 0.992609
3490 0.992598
3491 0.992584
3492 0.992544
3493 0.992543
3494 0.992448
3495 0.992538
3496 0.992669
3497 0.992544
3498 0.992612
3499 0.992621
3500 0.992632
3501 0.9925
3502 0.9926
3503 0.992619
3504 0.992545
3505 0.992671
3506 0.992596
3507 0.992577
3508 0.992547
3509 0.992631
3510 0.99255
3511 0.992508
3512 0.992539
3513 0.992523
3514 0.992605
3515 0.992599
3516 0.992632
3517 0.992549
3518 0.992552
3519 0.992583
3520 0.992691
3521 0.992567
3522 0.992528
3523 0.992606
3524 0.992567
3525 0.992652
3526 0.992641
3527 0.99264
3528 0.992714
3529 0.992564
3530 0.992594
3531 0.992619
3532 0.992584
3533 0.992605
3534 0.992634
3535 0.992626
3536 0.992695
3537 0.992611
3538 0.992606
3539 0.992571
3540 0.992645
3541 0.992577
3542 0.992633
3543 0.992623
3544 0.992554
3545 0.992602
3546 0.992627
3547 0.992556
3548 0.992641
3549 0.992653
3550 0.992679
3551 0.992627
3552 0.992643
3553 0.992502
3554 0.992696
3555 0.992599
3556 0.992621
3557 0.992696
3558 0.99271
3559 0.992604
3560 0.992549
3561 0.992606
3562 0.992619
3563 0.992709
3564 0.992652
3565 0.992635
3566 0.992715
3567 0.992629
3568 0.992642
3569 0.992655
3570 0.99265
3571 0.99256
3572 0.992538
3573 0.992575
3574 0.992678
3575 0.992604
3576 0.992689
3577 0.992611
3578 0.992638
3579 0.992638
3580 0.992608
3581 0.992606
3582 0.992716
3583 0.99264
3584 0.992586
3585 0.992697
3586 0.992708
3587 0.992723
3588 0.992699
3589 0.992691
3590 0.992631
3591 0.992706
3592 0.992645
3593 0.992721
3594 0.992731
3595 0.992696
3596 0.992629
3597 0.992617
3598 0.992605
3599 0.992622
3600 0.992651
3601 0.992691
3602 0.992742
3603 0.992685
3604 0.992696
3605 0.992759
3606 0.992617
3607 0.992707
3608 0.992674
3609 0.992658
3610 0.992687
3611 0.992697
3612 0.992726
3613 0.992705
3614 0.992702
3615 0.992747
3616 0.992691
3617 0.992716
3618 0.992645
3619 0.99265
3620 0.992625
3621 0.992687
3622 0.992694
3623 0.992677
3624 0.992714
3625 0.992719
3626 0.992719
3627 0.99275
3628 0.992726
3629 0.992694
3630 0.992754
3631 0.992665
3632 0.992728
3633 0.992714
3634 0.992625
3635 0.992755
3636 0.992789
3637 0.992583
3638 0.992688
3639 0.99267
3640 0.992684
3641 0.992774
3642 0.992727
3643 0.992726
3644 0.992707
3645 0.992787
3646 0.992686
3647 0.992705
3648 0.992668
3649 0.992681
3650 0.992669
3651 0.992731
3652 0.992679
3653 0.992757
3654 0.992609
3655 0.992676
3656 0.992768
3657 0.992776
3658 0.992664
3659 0.992711
3660 0.992768
3661 0.992799
3662 0.992763
3663 0.992736
3664 0.992737
3665 0.992703
3666 0.992771
3667 0.992722
3668 0.992776
3669 0.992691
3670 0.992676
3671 0.992757
3672 0.992702
3673 0.992811
3674 0.992728
3675 0.992826
3676 0.992689
3677 0.992771
3678 0.992778
3679 0.992703
3680 0.992731
3681 0.992737
3682 0.992713
3683 0.992818
3684 0.992685
3685 0.992794
3686 0.992764
3687 0.992722
3688 0.992675
3689 0.992731
3690 0.992806
3691 0.992735
3692 0.992697
3693 0.992744
3694 0.992774
3695 0.992764
3696 0.992747
3697 0.992787
3698 0.992801
3699 0.992776
3700 0.992806
3701 0.992714
3702 0.992823
3703 0.992798
3704 0.992778
3705 0.99278
3706 0.992793
3707 0.992699
3708 0.992729
3709 0.992714
3710 0.992828
3711 0.992847
3712 0.992708
3713 0.99274
3714 0.992727
3715 0.992774
3716 0.992835
3717 0.992845
3718 0.992763
3719 0.992761
3720 0.992799
3721 0.992795
3722 0.992822
3723 0.992719
3724 0.992764
3725 0.992814
3726 0.99275
3727 0.992753
3728 0.992876
3729 0.992769
3730 0.992767
3731 0.99281
3732 0.992766
3733 0.992776
3734 0.992763
3735 0.992825
3736 0.992807
3737 0.992767
3738 0.992829
3739 0.992787
3740 0.992827
3741 0.992806
3742 0.992773
3743 0.992761
3744 0.992805
3745 0.99284
3746 0.992746
3747 0.992795
3748 0.992858
3749 0.992819
3750 0.992828
3751 0.992793
3752 0.992752
3753 0.992806
3754 0.992811
3755 0.992814
3756 0.992822
3757 0.992842
3758 0.992844
3759 0.992876
3760 0.992848
3761 0.992877
3762 0.992885
3763 0.992915
3764 0.992794
3765 0.992778
3766 0.992853
3767 0.992889
3768 0.99292
3769 0.992808
3770 0.992772
3771 0.992767
3772 0.992834
3773 0.992793
3774 0.992859
3775 0.99285
3776 0.992801
3777 0.992781
3778 0.992823
3779 0.992798
3780 0.992838
3781 0.992857
3782 0.992788
3783 0.992816
3784 0.992781
3785 0.992855
3786 0.992845
3787 0.99284
3788 0.992888
3789 0.99282
3790 0.992832
3791 0.992787
3792 0.992833
3793 0.992789
3794 0.992894
3795 0.992885
3796 0.992819
3797 0.992852
3798 0.992826
3799 0.992855
3800 0.992874
3801 0.99284
3802 0.992846
3803 0.992837
3804 0.99285
3805 0.992819
3806 0.992835
3807 0.992908
3808 0.992866
3809 0.99277
3810 0.99288
3811 0.992839
3812 0.992884
3813 0.992822
3814 0.992856
3815 0.992839
3816 0.992851
3817 0.992916
3818 0.992872
3819 0.992791
3820 0.992906
3821 0.992888
3822 0.992866
3823 0.992804
3824 0.992874
3825 0.99288
3826 0.992845
3827 0.992876
3828 0.992885
3829 0.992838
3830 0.992939
3831 0.992842
3832 0.992773
3833 0.992856
3834 0.992944
3835 0.992835
3836 0.992899
3837 0.992867
3838 0.992915
3839 0.992871
3840 0.992883
3841 0.992842
3842 0.992958
3843 0.992904
3844 0.992869
3845 0.992873
3846 0.992834
3847 0.992837
3848 0.992862
3849 0.992804
3850 0.992925
3851 0.992836
3852 0.992868
3853 0.992926
3854 0.992875
3855 0.992933
3856 0.992909
3857 0.992914
3858 0.992862
3859 0.992903
3860 0.992841
3861 0.992889
3862 0.992933
3863 0.992889
3864 0.992915
3865 0.992839
3866 0.99283
3867 0.992856
3868 0.992872
3869 0.99291
3870 0.992915
3871 0.992861
3872 0.992864
3873 0.992881
3874 0.992926
3875 0.992959
3876 0.992929
3877 0.99288
3878 0.992931
3879 0.992999
3880 0.992865
3881 0.992854
3882 0.992878
3883 0.99287
3884 0.992974
3885 0.992878
3886 0.992922
3887 0.992904
3888 0.992956
3889 0.992933
3890 0.99295
3891 0.992944
3892 0.992875
3893 0.992891
3894 0.992924
3895 0.992894
3896 0.992895
3897 0.992953
3898 0.992919
3899 0.992896
3900 0.9929
3901 0.992854
3902 0.992862
3903 0.992918
3904 0.992889
3905 0.992919
3906 0.992918
3907 0.993002
3908 0.992916
3909 0.99289
3910 0.992963
3911 0.992946
3912 0.992957
3913 0.992897
3914 0.992917
3915 0.992865
3916 0.992945
3917 0.992993
3918 0.992867
3919 0.99296
3920 0.992995
3921 0.992925
3922 0.992958
3923 0.992933
3924 0.992994
3925 0.992902
3926 0.992924
3927 0.992924
3928 0.992965
3929 0.992917
3930 0.992968
3931 0.992921
3932 0.992888
3933 0.992968
3934 0.992962
3935 0.993017
3936 0.992932
3937 0.992973
3938 0.992986
3939 0.99295
3940 0.992877
3941 0.992978
3942 0.992896
3943 0.992929
3944 0.992922
3945 0.992919
3946 0.992905
3947 0.99293
3948 0.993025
3949 0.992953
3950 0.993002
3951 0.992914
3952 0.992947
3953 0.992934
3954 0.992898
3955 0.992936
3956 0.992944
3957 0.992899
3958 0.992906
3959 0.992997
3960 0.992914
3961 0.992982
3962 0.992914
3963 0.992973
3964 0.99291
3965 0.99291
3966 0.992966
3967 0.992986
3968 0.992971
3969 0.992956
3970 0.992946
3971 0.992991
3972 0.992893
3973 0.99298
3974 0.992933
3975 0.992963
3976 0.992929
3977 0.992983
3978 0.992977
3979 0.992907
3980 0.99298
3981 0.992978
3982 0.992975
3983 0.993036
3984 0.992937
3985 0.992935
3986 0.992905
3987 0.99297
3988 0.992926
3989 0.992943
3990 0.992937
3991 0.992948
3992 0.992988
3993 0.992998
3994 0.992978
3995 0.992984
3996 0.992997
3997 0.993006
3998 0.993019
3999 0.993044
4000 0.992934
4001 0.992953
4002 0.992947
4003 0.992921
4004 0.992979
4005 0.992948
4006 0.992925
4007 0.992962
4008 0.992973
4009 0.992983
4010 0.992922
4011 0.99304
4012 0.992869
4013 0.992917
4014 0.993033
4015 0.992994
4016 0.992981
4017 0.993
4018 0.992962
4019 0.992949
4020 0.992981
4021 0.99301
4022 0.992875
4023 0.992972
4024 0.99292
4025 0.992984
4026 0.992988
4027 0.992978
4028 0.992999
4029 0.992969
4030 0.993004
4031 0.993039
4032 0.993
4033 0.992997
4034 0.992927
4035 0.992993
4036 0.992948
4037 0.992945
4038 0.99297
4039 0.993007
4040 0.992992
4041 0.992978
4042 0.993014
4043 0.992973
4044 0.992976
4045 0.993016
4046 0.992956
4047 0.993009
4048 0.992941
4049 0.992909
4050 0.993008
4051 0.993066
4052 0.992934
4053 0.992987
4054 0.992983
4055 0.99302
4056 0.993009
4057 0.993
4058 0.992985
4059 0.993031
4060 0.993004
4061 0.99299
4062 0.993003
4063 0.993031
4064 0.993032
4065 0.99305
4066 0.992981
4067 0.992984
4068 0.99302
4069 0.992981
4070 0.992937
4071 0.992988
4072 0.99298
4073 0.993009
4074 0.992979
4075 0.992916
4076 0.992939
4077 0.992994
4078 0.992962
4079 0.993048
4080 0.99295
4081 0.99303
4082 0.993068
4083 0.993036
4084 0.992962
4085 0.992973
4086 0.992998
4087 0.992959
4088 0.992998
4089 0.992991
4090 0.992977
4091 0.993007
4092 0.992951
4093 0.992974
4094 0.993039
4095 0.992927
4096 0.992984
4097 0.993015
4098 0.992946
4099 0.993018
4100 0.99306
4101 0.993025
4102 0.993016
4103 0.993043
4104 0.993017
4105 0.993042
4106 0.99302
4107 0.99295
4108 0.992986
4109 0.993013
4110 0.993023
4111 0.993032
4112 0.993025
4113 0.992995
4114 0.992989
4115 0.992983
4116 0.992966
4117 0.993015
4118 0.993008
4119 0.993009
4120 0.993069
4121 0.992941
4122 0.993024
4123 0.992996
4124 0.992964
4125 0.992919
4126 0.993042
4127 0.993015
4128 0.993067
4129 0.993061
4130 0.992983
4131 0.993034
4132 0.992997
4133 0.993105
4134 0.993065
4135 0.993032
4136 0.992988
4137 0.993054
4138 0.99304
4139 0.99297
4140 0.992939
4141 0.993074
4142 0.992982
4143 0.993042
4144 0.992995
4145 0.993016
4146 0.992943
4147 0.993005
4148 0.993024
4149 0.993023
4150 0.992989
4151 0.993031
4152 0.992943
4153 0.992983
4154 0.992987
4155 0.993012
4156 0.993001
4157 0.993022
4158 0.992986
4159 0.99305
4160 0.993003
4161 0.992963
4162 0.993039
4163 0.993013
4164 0.993031
4165 0.993011
4166 0.993064
4167 0.993076
4168 0.993009
4169 0.992991
4170 0.992974
4171 0.993026
4172 0.992968
4173 0.992945
4174 0.993061
4175 0.993002
4176 0.992981
4177 0.992983
4178 0.993003
4179 0.993022
4180 0.993
4181 0.993053
4182 0.992984
4183 0.992972
4184 0.993052
4185 0.993041
4186 0.993005
4187 0.993055
4188 0.993042
4189 0.993024
4190 0.99298
4191 0.992989
4192 0.993023
4193 0.993028
4194 0.992987
4195 0.99295
4196 0.993022
4197 0.993026
4198 0.992988
4199 0.993058
4200 0.993021
4201 0.993034
4202 0.992974
4203 0.993009
4204 0.992964
4205 0.993068
4206 0.992982
4207 0.99302
4208 0.993013
4209 0.993002
4210 0.993037
4211 0.993054
4212 0.992971
4213 0.993064
4214 0.993042
4215 0.993053
4216 0.992996
4217 0.993053
4218 0.993007
4219 0.993049
4220 0.993074
4221 0.993
4222 0.993027
4223 0.99299
4224 0.993
4225 0.993024
4226 0.993075
4227 0.993015
4228 0.993092
4229 0.993029
4230 0.99295
4231 0.993045
4232 0.993141
4233 0.993029
4234 0.993085
4235 0.992959
4236 0.992998
4237 0.99298
4238 0.993024
4239 0.993059
4240 0.99303
4241 0.993034
4242 0.993006
4243 0.993029
4244 0.993011
4245 0.992975
4246 0.992996
4247 0.993027
4248 0.993004
4249 0.993069
4250 0.993072
4251 0.993
4252 0.992976
4253 0.993052
4254 0.993028
4255 0.993014
4256 0.99307
4257 0.993054
4258 0.993013
4259 0.993052
4260 0.99303
4261 0.99298
4262 0.993008
4263 0.993021
4264 0.993011
4265 0.993022
4266 0.99303
4267 0.993027
4268 0.993059
4269 0.993025
4270 0.99306
4271 0.993055
4272 0.993036
4273 0.993001
4274 0.992976
4275 0.993019
4276 0.99306
4277 0.992943
4278 0.993041
4279 0.992997
4280 0.992985
4281 0.993028
4282 0.993033
4283 0.993014
4284 0.993084
4285 0.993049
4286 0.993
4287 0.993069
4288 0.993038
4289 0.993023
4290 0.993025
4291 0.993036
4292 0.993059
4293 0.993095
4294 0.993025
4295 0.993063
4296 0.993032
4297 0.992973
4298 0.992993
4299 0.993057
4300 0.993082
4301 0.993054
4302 0.993018
4303 0.993062
4304 0.992945
4305 0.993013
4306 0.993029
4307 0.993058
4308 0.99303
4309 0.993008
4310 0.993033
4311 0.992976
4312 0.993004
4313 0.992964
4314 0.992999
4315 0.992991
4316 0.993002
4317 0.993057
4318 0.993029
4319 0.993075
4320 0.993027
4321 0.993036
4322 0.99299
4323 0.99304
4324 0.993027
4325 0.992967
4326 0.993087
4327 0.992943
4328 0.993029
4329 0.993024
4330 0.993035
4331 0.993066
4332 0.992973
4333 0.993079
4334 0.993051
4335 0.993067
4336 0.993007
4337 0.993018
4338 0.993059
4339 0.993008
4340 0.993013
4341 0.993018
4342 0.992988
4343 0.992987
4344 0.992994
4345 0.993077
4346 0.992997
4347 0.992965
4348 0.993048
4349 0.993003
4350 0.993056
4351 0.993018
4352 0.993017
4353 0.993013
4354 0.993023
4355 0.993017
4356 0.992998
4357 0.993078
4358 0.993056
4359 0.993011
4360 0.99306
4361 0.992964
4362 0.992976
4363 0.993045
4364 0.992971
4365 0.993026
4366 0.99296
4367 0.993031
4368 0.993046
4369 0.993019
4370 0.99302
4371 0.993032
4372 0.993008
4373 0.993045
4374 0.992959
4375 0.993089
4376 0.992981
4377 0.993006
4378 0.993037
4379 0.993075
4380 0.993034
4381 0.992994
4382 0.993022
4383 0.993079
4384 0.993044
4385 0.993022
4386 0.993011
4387 0.993012
4388 0.993011
4389 0.992976
4390 0.993091
4391 0.993067
4392 0.993004
4393 0.993024
4394 0.992989
4395 0.993014
4396 0.993033
4397 0.992993
4398 0.993011
4399 0.993046
4400 0.992988
4401 0.992987
4402 0.993018
4403 0.993048
4404 0.992944
4405 0.993039
4406 0.99296
4407 0.993036
4408 0.993075
4409 0.992942
4410 0.99297
4411 0.992975
4412 0.992985
4413 0.992995
4414 0.993016
4415 0.993076
4416 0.993004
4417 0.993016
4418 0.993015
4419 0.993016
4420 0.993001
4421 0.99304
4422 0.993023
4423 0.993071
4424 0.993067
4425 0.99295
4426 0.992977
4427 0.993012
4428 0.99301
4429 0.992953
4430 0.993036
4431 0.992985
4432 0.993073
4433 0.993015
4434 0.993026
4435 0.992987
4436 0.992993
4437 0.993004
4438 0.992983
4439 0.992995
4440 0.993033
4441 0.993018
4442 0.993013
4443 0.992979
4444 0.992988
4445 0.993008
4446 0.992972
4447 0.993019
4448 0.992962
4449 0.993038
4450 0.992997
4451 0.992952
4452 0.992994
4453 0.992984
4454 0.992963
4455 0.993038
4456 0.992984
4457 0.993052
4458 0.992978
4459 0.992991
4460 0.99301
4461 0.993016
4462 0.992991
4463 0.993057
4464 0.992917
4465 0.993016
4466 0.992918
4467 0.993054
4468 0.992965
4469 0.993037
4470 0.9929
4471 0.993037
4472 0.99299
4473 0.993025
4474 0.993053
4475 0.992924
4476 0.992969
4477 0.993032
4478 0.992988
4479 0.99301
4480 0.992951
4481 0.993014
4482 0.993068
4483 0.992989
4484 0.992993
4485 0.992974
4486 0.99307
4487 0.993058
4488 0.993033
4489 0.993008
4490 0.993003
4491 0.993039
4492 0.992978
4493 0.993038
4494 0.993022
4495 0.992958
4496 0.992898
4497 0.993033
4498 0.992953
4499 0.993004
4500 0.992977
4501 0.992964
4502 0.993043
4503 0.993
4504 0.992992
4505 0.992969
4506 0.993014
4507 0.993011
4508 0.993005
4509 0.993029
4510 0.992963
4511 0.993035
4512 0.992956
4513 0.992915
4514 0.99298
4515 0.992975
4516 0.992947
4517 0.99299
4518 0.99298
4519 0.993019
4520 0.993032
4521 0.993068
4522 0.992914
4523 0.993
4524 0.992994
4525 0.992986
4526 0.992962
4527 0.993048
4528 0.992993
4529 0.992954
4530 0.993006
4531 0.992994
4532 0.993048
4533 0.992954
4534 0.992978
4535 0.993034
4536 0.992996
4537 0.992932
4538 0.99298
4539 0.993018
4540 0.993023
4541 0.992975
4542 0.993001
4543 0.992992
4544 0.993011
4545 0.993016
4546 0.992989
4547 0.99294
4548 0.992978
4549 0.993001
4550 0.993003
4551 0.99305
4552 0.992976
4553 0.993
4554 0.992972
4555 0.992963
4556 0.993019
4557 0.992944
4558 0.992971
4559 0.99297
4560 0.992982
4561 0.992957
4562 0.992965
4563 0.992975
4564 0.99302
4565 0.992948
4566 0.992995
4567 0.992985
4568 0.9929
4569 0.992955
4570 0.993022
4571 0.993066
4572 0.992942
4573 0.993035
4574 0.992943
4575 0.992964
4576 0.992969
4577 0.993014
4578 0.993
4579 0.992974
4580 0.993048
4581 0.992946
4582 0.992968
4583 0.99297
4584 0.992923
4585 0.992983
4586 0.992985
4587 0.992922
4588 0.993042
4589 0.992987
4590 0.993028
4591 0.993053
4592 0.992936
4593 0.992975
4594 0.992945
4595 0.992994
4596 0.992961
4597 0.99301
4598 0.99302
4599 0.992927
4600 0.992963
4601 0.992978
4602 0.993004
4603 0.993035
4604 0.993025
4605 0.992931
4606 0.992932
4607 0.993005
4608 0.992964
4609 0.992998
4610 0.99298
4611 0.993018
4612 0.993016
4613 0.993026
4614 0.992999
4615 0.992913
4616 0.993016
4617 0.99295
4618 0.99303
4619 0.99294
4620 0.992944
4621 0.992951
4622 0.99299
4623 0.992957
4624 0.993012
4625 0.992956
4626 0.992921
4627 0.992959
4628 0.993032
4629 0.992978
4630 0.992888
4631 0.992945
4632 0.992966
4633 0.992956
4634 0.992904
4635 0.992921
4636 0.99296
4637 0.993013
4638 0.992935
4639 0.992941
4640 0.992931
4641 0.993026
4642 0.992959
4643 0.992952
4644 0.993002
4645 0.99293
4646 0.992975
4647 0.993002
4648 0.992964
4649 0.992968
4650 0.992993
4651 0.992927
4652 0.992912
4653 0.992926
4654 0.992974
4655 0.993
4656 0.992983
4657 0.992948
4658 0.99297
4659 0.992904
4660 0.992999
4661 0.992973
4662 0.992949
4663 0.992973
4664 0.992956
4665 0.992934
4666 0.992931
4667 0.992971
4668 0.992943
4669 0.992974
4670 0.992975
4671 0.992963
4672 0.992934
4673 0.992964
4674 0.992976
4675 0.992986
4676 0.99296
4677 0.992917
4678 0.992969
4679 0.992987
4680 0.992983
4681 0.992965
4682 0.992971
4683 0.992978
4684 0.992953
4685 0.992942
4686 0.992956
4687 0.992978
4688 0.992948
4689 0.99297
4690 0.992957
4691 0.992977
4692 0.992899
4693 0.993003
4694 0.992903
4695 0.992905
4696 0.993026
4697 0.99291
4698 0.992977
4699 0.992929
4700 0.992962
4701 0.992917
4702 0.992947
4703 0.992955
4704 0.992921
4705 0.992975
4706 0.992938
4707 0.992905
4708 0.992982
4709 0.992959
4710 0.992967
4711 0.992949
4712 0.992918
4713 0.992946
4714 0.992945
4715 0.992921
4716 0.992949
4717 0.993006
4718 0.992865
4719 0.992943
4720 0.992983
4721 0.992963
4722 0.992977
4723 0.992949
4724 0.992956
4725 0.992927
4726 0.992964
4727 0.992936
4728 0.992947
4729 0.992915
4730 0.99293
4731 0.992963
4732 0.992962
4733 0.992908
4734 0.992949
4735 0.992913
4736 0.992946
4737 0.992963
4738 0.99294
4739 0.992937
4740 0.992934
4741 0.99294
4742 0.992949
4743 0.992933
4744 0.992958
4745 0.992935
4746 0.992937
4747 0.992973
4748 0.992938
4749 0.992966
4750 0.992935
4751 0.99291
4752 0.992947
4753 0.99292
4754 0.992862
4755 0.992943
4756 0.992955
4757 0.992942
4758 0.992963
4759 0.992992
4760 0.992943
4761 0.992915
4762 0.992931
4763 0.992952
4764 0.992921
4765 0.992963
4766 0.992947
4767 0.992967
4768 0.992921
4769 0.992957
4770 0.99287
4771 0.99298
4772 0.99297
4773 0.992887
4774 0.992977
4775 0.992901
4776 0.992914
4777 0.992953
4778 0.992931
4779 0.992953
4780 0.992925
4781 0.992932
4782 0.992913
4783 0.992956
4784 0.992934
4785 0.992949
4786 0.992934
4787 0.992923
4788 0.992897
4789 0.992989
4790 0.992871
4791 0.992882
4792 0.992921
4793 0.992925
4794 0.992947
4795 0.992913
4796 0.992905
4797 0.992977
4798 0.992991
4799 0.992929
4800 0.992901
4801 0.992938
4802 0.993005
4803 0.992891
4804 0.992935
4805 0.992925
4806 0.992915
4807 0.992889
4808 0.992937
4809 0.992878
4810 0.992915
4811 0.992917
4812 0.992912
4813 0.992899
4814 0.992886
4815 0.992962
4816 0.992846
4817 0.992858
4818 0.992823
4819 0.992942
4820 0.992893
4821 0.992929
4822 0.99293
4823 0.992935
4824 0.992979
4825 0.992929
4826 0.992877
4827 0.992908
4828 0.992895
4829 0.992934
4830 0.992858
4831 0.992865
4832 0.992865
4833 0.9929
4834 0.992884
4835 0.992938
4836 0.992919
4837 0.992932
4838 0.992919
4839 0.992866
4840 0.992876
4841 0.992895
4842 0.992901
4843 0.992858
4844 0.992947
4845 0.992888
4846 0.992911
4847 0.992916
4848 0.992869
4849 0.992935
4850 0.992916
4851 0.992937
4852 0.992918
4853 0.992916
4854 0.992852
4855 0.992838
4856 0.99285
4857 0.992839
4858 0.992884
4859 0.992897
4860 0.992897
4861 0.992924
4862 0.992913
4863 0.992865
4864 0.992925
4865 0.992903
4866 0.992875
4867 0.992921
4868 0.992961
4869 0.99294
4870 0.992919
4871 0.992833
4872 0.992967
4873 0.992923
4874 0.992876
4875 0.992896
4876 0.992916
4877 0.992869
4878 0.992907
4879 0.992938
4880 0.992898
4881 0.992886
4882 0.992885
4883 0.992876
4884 0.99293
4885 0.992912
4886 0.99287
4887 0.992851
4888 0.992855
4889 0.992845
4890 0.992872
4891 0.992909
4892 0.992884
4893 0.992899
4894 0.992885
4895 0.992892
4896 0.992911
4897 0.992868
4898 0.992861
4899 0.992857
4900 0.992914
4901 0.992911
4902 0.992934
4903 0.992893
4904 0.992901
4905 0.992975
4906 0.992855
4907 0.992932
4908 0.992876
4909 0.992888
4910 0.992824
4911 0.992877
4912 0.992932
4913 0.992908
4914 0.99295
4915 0.992927
4916 0.992882
4917 0.992927
4918 0.992859
4919 0.992837
4920 0.992902
4921 0.992892
4922 0.992932
4923 0.992882
4924 0.992838
4925 0.992874
4926 0.992892
4927 0.992937
4928 0.992899
4929 0.992956
4930 0.992893
4931 0.992906
4932 0.992901
4933 0.992918
4934 0.992911
4935 0.992894
4936 0.992874
4937 0.992848
4938 0.99288
4939 0.992849
4940 0.992883
4941 0.992906
4942 0.992851
4943 0.992872
4944 0.992903
4945 0.992928
4946 0.992881
4947 0.992876
4948 0.992936
4949 0.992896
4950 0.992933
4951 0.992873
4952 0.99287
4953 0.992846
4954 0.992838
4955 0.992873
4956 0.992889
4957 0.992882
4958 0.992876
4959 0.992832
4960 0.99292
4961 0.992876
4962 0.992884
4963 0.99292
4964 0.992871
4965 0.992926
4966 0.992848
4967 0.992884
4968 0.992796
4969 0.992873
4970 0.992834
4971 0.992862
4972 0.992889
4973 0.992858
4974 0.992827
4975 0.992867
4976 0.99285
4977 0.992863
4978 0.992878
4979 0.992852
4980 0.992812
4981 0.992878
4982 0.992912
4983 0.992848
4984 0.992835
4985 0.992835
4986 0.992926
4987 0.992899
4988 0.992893
4989 0.992848
4990 0.992812
4991 0.992844
4992 0.992853
4993 0.992872
4994 0.992894
4995 0.992782
4996 0.992914
4997 0.992878
4998 0.992856
4999 0.992835
