100 0.535989
101 0.547973
102 0.548742
103 0.549655
104 0.566667
105 0.558303
106 0.540019
107 0.558515
108 0.567713
109 0.545823
110 0.547673
111 0.556642
112 0.543649
113 0.552017
114 0.557537
115 0.549342
116 0.544658
117 0.566167
118 0.558473
119 0.572528
120 0.550266
121 0.567583
122 0.547329
123 0.566664
124 0.549893
125 0.562047
126 0.562573
127 0.542982
128 0.552342
129 0.558039
130 0.561532
131 0.563943
132 0.555362
133 0.560215
134 0.556306
135 0.564276
136 0.571601
137 0.554899
138 0.55731
139 0.560681
140 0.553602
141 0.580225
142 0.574002
143 0.567272
144 0.555725
145 0.561972
146 0.56022
147 0.571246
148 0.569174
149 0.574766
150 0.572903
151 0.566873
152 0.57612
153 0.560605
154 0.565329
155 0.567633
156 0.576235
157 0.571857
158 0.55675
159 0.57634
160 0.56961
161 0.570932
162 0.584371
163 0.574052
164 0.582859
165 0.56802
166 0.564693
167 0.581362
168 0.582955
169 0.579638
170 0.5885
171 0.577147
172 0.576758
173 0.561464
174 0.581366
175 0.579314
176 0.589492
177 0.589903
178 0.583838
179 0.586973
180 0.57185
181 0.576744
182 0.586914
183 0.58358
184 0.584011
185 0.580103
186 0.591545
187 0.582252
188 0.581135
189 0.583773
190 0.588569
191 0.587972
192 0.580636
193 0.578321
194 0.593957
195 0.581576
196 0.592053
197 0.581101
198 0.597177
199 0.584076
200 0.579943
201 0.58638
202 0.599907
203 0.580666
204 0.594398
205 0.586517
206 0.592415
207 0.594928
208 0.586939
209 0.597917
210 0.598467
211 0.593617
212 0.579979
213 0.592965
214 0.602219
215 0.598695
216 0.596038
217 0.597364
218 0.599116
219 0.600313
220 0.599824
221 0.579963
222 0.600097
223 0.599913
224 0.600565
225 0.592985
226 0.588417
227 0.596472
228 0.584575
229 0.594866
230 0.603611
231 0.604778
232 0.600971
233 0.606158
234 0.598218
235 0.591932
236 0.606579
237 0.604237
238 0.602074
239 0.594252
240 0.61091
241 0.601756
242 0.614229
243 0.593661
244 0.598255
245 0.608029
246 0.609444
247 0.603176
248 0.609604
249 0.611788
250 0.600301
251 0.607778
252 0.61123
253 0.604826
254 0.604709
255 0.600374
256 0.611249
257 0.600679
258 0.604695
259 0.610723
260 0.60373
261 0.618801
262 0.608048
263 0.609444
264 0.616024
265 0.6066
266 0.604487
267 0.612099
268 0.61553
269 0.606984
270 0.617785
271 0.599933
272 0.613501
273 0.599148
274 0.610855
275 0.606439
276 0.609341
277 0.614554
278 0.612797
279 0.612758
280 0.612743
281 0.612251
282 0.605423
283 0.614021
284 0.608267
285 0.614265
286 0.613506
287 0.608591
288 0.60844
289 0.612269
290 0.611913
291 0.606737
292 0.620708
293 0.607745
294 0.613208
295 0.615762
296 0.613884
297 0.607263
298 0.609693
299 0.624571
300 0.616034
301 0.621562
302 0.6207
303 0.614139
304 0.611994
305 0.611498
306 0.618487
307 0.606938
308 0.625648
309 0.618565
310 0.613803
311 0.61673
312 0.627148
313 0.622069
314 0.623993
315 0.614571
316 0.61106
317 0.626204
318 0.614554
319 0.617173
320 0.62817
321 0.614078
322 0.615604
323 0.607904
324 0.61656
325 0.609005
326 0.624882
327 0.611288
328 0.617804
329 0.621931
330 0.623816
331 0.616071
332 0.613368
333 0.621489
334 0.628267
335 0.623772
336 0.619783
337 0.628608
338 0.620765
339 0.622247
340 0.625916
341 0.621451
342 0.624139
343 0.619463
344 0.622827
345 0.621832
346 0.622895
347 0.618986
348 0.623834
349 0.62157
350 0.616479
351 0.621005
352 0.624174
353 0.637084
354 0.622621
355 0.619934
356 0.620704
357 0.616456
358 0.623589
359 0.619387
360 0.616809
361 0.628933
362 0.620968
363 0.639632
364 0.629106
365 0.623093
366 0.627404
367 0.626274
368 0.629656
369 0.621138
370 0.616117
371 0.625419
372 0.622417
373 0.635457
374 0.63111
375 0.627909
376 0.632617
377 0.626624
378 0.626266
379 0.631581
380 0.624723
381 0.624416
382 0.626115
383 0.619967
384 0.626807
385 0.632592
386 0.626824
387 0.619964
388 0.629897
389 0.632751
390 0.635823
391 0.625735
392 0.63576
393 0.628382
394 0.627998
395 0.632818
396 0.638978
397 0.628564
398 0.637928
399 0.63266
400 0.62409
401 0.628581
402 0.629709
403 0.629308
404 0.632503
405 0.631456
406 0.624999
407 0.637509
408 0.633039
409 0.625034
410 0.626764
411 0.627541
412 0.632006
413 0.638437
414 0.635771
415 0.63893
416 0.645666
417 0.635961
418 0.628931
419 0.633385
420 0.632378
421 0.637819
422 0.634473
423 0.63331
424 0.625298
425 0.633089
426 0.633519
427 0.634008
428 0.630513
429 0.642435
430 0.632707
431 0.636908
432 0.644161
433 0.63386
434 0.637626
435 0.640181
436 0.635892
437 0.639073
438 0.643936
439 0.638325
440 0.639859
441 0.643253
442 0.639399
443 0.634254
444 0.636
445 0.642566
446 0.640059
447 0.642495
448 0.640078
449 0.638043
450 0.636235
451 0.648739
452 0.641735
453 0.631753
454 0.642748
455 0.645665
456 0.634233
457 0.642664
458 0.635469
459 0.646774
460 0.634021
461 0.638901
462 0.642715
463 0.640685
464 0.640485
465 0.642629
466 0.647267
467 0.637593
468 0.645962
469 0.642783
470 0.639731
471 0.647272
472 0.637531
473 0.652453
474 0.641729
475 0.634005
476 0.645776
477 0.650977
478 0.643946
479 0.647443
480 0.640657
481 0.641162
482 0.644122
483 0.639233
484 0.642312
485 0.644365
486 0.642954
487 0.651153
488 0.653239
489 0.64559
490 0.641066
491 0.649002
492 0.637934
493 0.645662
494 0.642433
495 0.649778
496 0.653942
497 0.647388
498 0.645262
499 0.646428
500 0.652022
501 0.648029
502 0.647893
503 0.646752
504 0.652566
505 0.647642
506 0.639798
507 0.65021
508 0.641342
509 0.643708
510 0.642678
511 0.651614
512 0.64994
513 0.642027
514 0.649599
515 0.657834
516 0.64325
517 0.652161
518 0.653843
519 0.656878
520 0.650972
521 0.648534
522 0.656945
523 0.658807
524 0.657746
525 0.650148
526 0.641148
527 0.655694
528 0.662378
529 0.648958
530 0.649417
531 0.64986
532 0.658752
533 0.651246
534 0.650888
535 0.65099
536 0.653457
537 0.652396
538 0.657193
539 0.65748
540 0.66199
541 0.656522
542 0.654393
543 0.649728
544 0.654222
545 0.655267
546 0.651227
547 0.652673
548 0.64944
549 0.651582
550 0.665711
551 0.648594
552 0.65146
553 0.655355
554 0.652844
555 0.656285
556 0.657242
557 0.654623
558 0.653488
559 0.648725
560 0.654942
561 0.649008
562 0.653079
563 0.653959
564 0.656521
565 0.653667
566 0.654983
567 0.651611
568 0.655654
569 0.654881
570 0.658431
571 0.657491
572 0.655257
573 0.656953
574 0.654387
575 0.654395
576 0.660128
577 0.651975
578 0.654228
579 0.658222
580 0.656627
581 0.649665
582 0.65572
583 0.654908
584 0.657871
585 0.657657
586 0.661833
587 0.651643
588 0.653403
589 0.652602
590 0.653013
591 0.65312
592 0.66176
593 0.660252
594 0.657682
595 0.65377
596 0.655993
597 0.656718
598 0.657001
599 0.651095
600 0.655065
601 0.662573
602 0.653927
603 0.656636
604 0.654484
605 0.659873
606 0.658685
607 0.655469
608 0.656897
609 0.65489
610 0.656554
611 0.661812
612 0.659299
613 0.660965
614 0.66162
615 0.661152
616 0.659594
617 0.656582
618 0.659913
619 0.660209
620 0.660907
621 0.657256
622 0.651996
623 0.656649
624 0.659188
625 0.660221
626 0.656721
627 0.659629
628 0.656714
629 0.652807
630 0.653493
631 0.657977
632 0.659418
633 0.65712
634 0.658695
635 0.661112
636 0.661349
637 0.65346
638 0.657596
639 0.659121
640 0.657413
641 0.656481
642 0.652375
643 0.658624
644 0.661307
645 0.658437
646 0.655941
647 0.657763
648 0.656128
649 0.660311
650 0.656245
651 0.658418
652 0.66377
653 0.655654
654 0.654033
655 0.658001
656 0.656035
657 0.65992
658 0.658281
659 0.660247
660 0.655084
661 0.660648
662 0.660809
663 0.656103
664 0.658596
665 0.659688
666 0.654162
667 0.655754
668 0.656023
669 0.654726
670 0.659577
671 0.656828
672 0.655989
673 0.655396
674 0.660466
675 0.656319
676 0.655763
677 0.658235
678 0.658248
679 0.659954
680 0.655744
681 0.656539
682 0.661659
683 0.660795
684 0.660553
685 0.658405
686 0.660738
687 0.656298
688 0.656212
689 0.666208
690 0.657884
691 0.663723
692 0.654618
693 0.658282
694 0.655339
695 0.661529
696 0.659084
697 0.656193
698 0.65676
699 0.658202
700 0.653338
701 0.658789
702 0.658195
703 0.657352
704 0.658615
705 0.658419
706 0.654669
707 0.66617
708 0.660948
709 0.657823
710 0.657807
711 0.657196
712 0.658009
713 0.6579
714 0.661308
715 0.654791
716 0.663565
717 0.6593
718 0.659468
719 0.658446
720 0.660201
721 0.6624
722 0.656824
723 0.65564
724 0.653806
725 0.655748
726 0.66085
727 0.660187
728 0.659413
729 0.664837
730 0.656225
731 0.655266
732 0.659963
733 0.656965
734 0.656429
735 0.66019
736 0.661108
737 0.657426
738 0.658387
739 0.657633
740 0.662017
741 0.656211
742 0.663174
743 0.661728
744 0.658516
745 0.66167
746 0.661615
747 0.66091
748 0.658613
749 0.663093
750 0.656992
751 0.658988
752 0.6584
753 0.657744
754 0.662308
755 0.659969
756 0.6635
757 0.660365
758 0.659581
759 0.659552
760 0.665545
761 0.65768
762 0.660376
763 0.660941
764 0.659213
765 0.663897
766 0.655734
767 0.662312
768 0.664195
769 0.658145
770 0.658424
771 0.661739
772 0.660544
773 0.656323
774 0.66535
775 0.663388
776 0.661076
777 0.656988
778 0.666072
779 0.660732
780 0.66545
781 0.659986
782 0.663253
783 0.657425
784 0.65631
785 0.660322
786 0.662635
787 0.657884
788 0.65978
789 0.667935
790 0.656787
791 0.664615
792 0.663519
793 0.666035
794 0.659693
795 0.657793
796 0.653248
797 0.660646
798 0.662678
799 0.659892
800 0.662136
801 0.660636
802 0.65907
803 0.66407
804 0.663112
805 0.658548
806 0.663786
807 0.659362
808 0.663118
809 0.657721
810 0.660845
811 0.659482
812 0.659527
813 0.660675
814 0.664004
815 0.662356
816 0.665859
817 0.660129
818 0.659982
819 0.665475
820 0.661176
821 0.659651
822 0.661677
823 0.66735
824 0.662705
825 0.669715
826 0.668321
827 0.664474
828 0.660688
829 0.663844
830 0.665316
831 0.657016
832 0.66495
833 0.66554
834 0.66304
835 0.660399
836 0.663886
837 0.670683
838 0.664749
839 0.662855
840 0.662064
841 0.666773
842 0.663025
843 0.66354
844 0.669579
845 0.67076
846 0.668231
847 0.660288
848 0.665836
849 0.666273
850 0.66597
851 0.664943
852 0.665744
853 0.670983
854 0.664751
855 0.670466
856 0.667614
857 0.663389
858 0.669242
859 0.668681
860 0.661908
861 0.665104
862 0.674985
863 0.667676
864 0.666529
865 0.667333
866 0.665305
867 0.663321
868 0.662114
869 0.667476
870 0.669243
871 0.664631
872 0.667394
873 0.668115
874 0.666865
875 0.666564
876 0.67266
877 0.670803
878 0.664616
879 0.675065
880 0.671772
881 0.66564
882 0.675331
883 0.668377
884 0.672965
885 0.66658
886 0.677109
887 0.665928
888 0.666035
889 0.669143
890 0.670434
891 0.669691
892 0.668824
893 0.665048
894 0.674863
895 0.669811
896 0.674053
897 0.66717
898 0.674409
899 0.671441
900 0.674061
901 0.670814
902 0.675092
903 0.67326
904 0.673699
905 0.671435
906 0.67223
907 0.67738
908 0.666795
909 0.672862
910 0.672648
911 0.675573
912 0.670183
913 0.674512
914 0.676005
915 0.673128
916 0.66783
917 0.68013
918 0.664666
919 0.67029
920 0.672567
921 0.675109
922 0.679242
923 0.677113
924 0.674451
925 0.673975
926 0.674745
927 0.680849
928 0.672572
929 0.679078
930 0.675254
931 0.677904
932 0.672405
933 0.68382
934 0.663185
935 0.675478
936 0.673298
937 0.677924
938 0.67132
939 0.672396
940 0.672991
941 0.675694
942 0.677591
943 0.682912
944 0.67668
945 0.671756
946 0.675547
947 0.679535
948 0.676916
949 0.674621
950 0.679499
951 0.678888
952 0.676215
953 0.67044
954 0.668818
955 0.679245
956 0.674672
957 0.678763
958 0.677889
959 0.6798
960 0.677675
961 0.6766
962 0.681677
963 0.68059
964 0.682482
965 0.676572
966 0.67315
967 0.678658
968 0.679314
969 0.680972
970 0.682988
971 0.682385
972 0.681043
973 0.681029
974 0.683588
975 0.677649
976 0.681816
977 0.684564
978 0.680492
979 0.682081
980 0.685222
981 0.682614
982 0.6801
983 0.685222
984 0.685601
985 0.687201
986 0.68158
987 0.679741
988 0.688829
989 0.683936
990 0.676012
991 0.682416
992 0.690133
993 0.690696
994 0.685715
995 0.674129
996 0.681789
997 0.683071
998 0.673482
999 0.679358
1000 0.684253
1001 0.685186
1002 0.679414
1003 0.68133
1004 0.688142
1005 0.689257
1006 0.687226
1007 0.683156
1008 0.684498
1009 0.68945
1010 0.688777
1011 0.685444
1012 0.678182
1013 0.683412
1014 0.680555
1015 0.690437
1016 0.684561
1017 0.687486
1018 0.683932
1019 0.69114
1020 0.687263
1021 0.689694
1022 0.690843
1023 0.682408
1024 0.692877
1025 0.689042
1026 0.68741
1027 0.689232
1028 0.688783
1029 0.689406
1030 0.689029
1031 0.683928
1032 0.685878
1033 0.68769
1034 0.690577
1035 0.691574
1036 0.69251
1037 0.688792
1038 0.686281
1039 0.691461
1040 0.691205
1041 0.689739
1042 0.689641
1043 0.688395
1044 0.683689
1045 0.679974
1046 0.696141
1047 0.689773
1048 0.68591
1049 0.682605
1050 0.679267
1051 0.695249
1052 0.693364
1053 0.68475
1054 0.680853
1055 0.680658
1056 0.686521
1057 0.687544
1058 0.686801
1059 0.691674
1060 0.694557
1061 0.687452
1062 0.692339
1063 0.689196
1064 0.686588
1065 0.69108
1066 0.686253
1067 0.688913
1068 0.687642
1069 0.690809
1070 0.693482
1071 0.689725
1072 0.692165
1073 0.693179
1074 0.691615
1075 0.681602
1076 0.687648
1077 0.68942
1078 0.694204
1079 0.689722
1080 0.695861
1081 0.692751
1082 0.690719
1083 0.690961
1084 0.693752
1085 0.68883
1086 0.684742
1087 0.692076
1088 0.688596
1089 0.690842
1090 0.697023
1091 0.690254
1092 0.685229
1093 0.692915
1094 0.69132
1095 0.690001
1096 0.685461
1097 0.691354
1098 0.689922
1099 0.687807
1100 0.68744
1101 0.691452
1102 0.692536
1103 0.696817
1104 0.68887
1105 0.696909
1106 0.693676
1107 0.690256
1108 0.689515
1109 0.691528
1110 0.694866
1111 0.685948
1112 0.696288
1113 0.696243
1114 0.688172
1115 0.68722
1116 0.686729
1117 0.692529
1118 0.692456
1119 0.687044
1120 0.689867
1121 0.695033
1122 0.693198
1123 0.686804
1124 0.686423
1125 0.692601
1126 0.696094
1127 0.691213
1128 0.691917
1129 0.696713
1130 0.692107
1131 0.691219
1132 0.694177
1133 0.692062
1134 0.690265
1135 0.693012
1136 0.699794
1137 0.695834
1138 0.694652
1139 0.691509
1140 0.695836
1141 0.691775
1142 0.693235
1143 0.695086
1144 0.695699
1145 0.694106
1146 0.692004
1147 0.692286
1148 0.694487
1149 0.69227
1150 0.692966
1151 0.689289
1152 0.693887
1153 0.693984
1154 0.697796
1155 0.694258
1156 0.69539
1157 0.694604
1158 0.689099
1159 0.689986
1160 0.691005
1161 0.696134
1162 0.693973
1163 0.693206
1164 0.694876
1165 0.692966
1166 0.688224
1167 0.686169
1168 0.696631
1169 0.693117
1170 0.698933
1171 0.695312
1172 0.696385
1173 0.692336
1174 0.691544
1175 0.696957
1176 0.689434
1177 0.691568
1178 0.695205
1179 0.694089
1180 0.697589
1181 0.691275
1182 0.695309
1183 0.691608
1184 0.691663
1185 0.694219
1186 0.694046
1187 0.693247
1188 0.692842
1189 0.694009
1190 0.695902
1191 0.693738
1192 0.691816
1193 0.690711
1194 0.693812
1195 0.693784
1196 0.692213
1197 0.692547
1198 0.695761
1199 0.691128
1200 0.691756
1201 0.694692
1202 0.696373
1203 0.692665
1204 0.693069
1205 0.692797
1206 0.693419
1207 0.693384
1208 0.692368
1209 0.69087
1210 0.693348
1211 0.695687
1212 0.694023
1213 0.694301
1214 0.692706
1215 0.690925
1216 0.694811
1217 0.694209
1218 0.692806
1219 0.692722
1220 0.69353
1221 0.693149
1222 0.695567
1223 0.695831
1224 0.692946
1225 0.691492
1226 0.693747
1227 0.69239
1228 0.693892
1229 0.692192
1230 0.692956
1231 0.690934
1232 0.696324
1233 0.694308
1234 0.691275
1235 0.692567
1236 0.692663
1237 0.693493
1238 0.69445
1239 0.692871
1240 0.691074
1241 0.693676
1242 0.696118
1243 0.694081
1244 0.690493
1245 0.691578
1246 0.694407
1247 0.693905
1248 0.692439
1249 0.69026
1250 0.689763
1251 0.689928
1252 0.693674
1253 0.692849
1254 0.690976
1255 0.694013
1256 0.692606
1257 0.689064
1258 0.691662
1259 0.691848
1260 0.690977
1261 0.693349
1262 0.690679
1263 0.689784
1264 0.692795
1265 0.689946
1266 0.689836
1267 0.692595
1268 0.689965
1269 0.692485
1270 0.694612
1271 0.689187
1272 0.695485
1273 0.689328
1274 0.693095
1275 0.690678
1276 0.688417
1277 0.691322
1278 0.691302
1279 0.691321
1280 0.691327
1281 0.691208
1282 0.68984
1283 0.691798
1284 0.691344
1285 0.691735
1286 0.692439
1287 0.691629
1288 0.692491
1289 0.692791
1290 0.691887
1291 0.690525
1292 0.689448
1293 0.691387
1294 0.692654
1295 0.691141
1296 0.690432
1297 0.691114
1298 0.691476
1299 0.69036
1300 0.692327
1301 0.691371
1302 0.686371
1303 0.690891
1304 0.692538
1305 0.690518
1306 0.68985
1307 0.6885
1308 0.692631
1309 0.69137
1310 0.689723
1311 0.691827
1312 0.691415
1313 0.690452
1314 0.690861
1315 0.692899
1316 0.691797
1317 0.693079
1318 0.692577
1319 0.689142
1320 0.691184
1321 0.689656
1322 0.690534
1323 0.687977
1324 0.690413
1325 0.690777
1326 0.691313
1327 0.688832
1328 0.688674
1329 0.691755
1330 0.689762
1331 0.690173
1332 0.689074
1333 0.68947
1334 0.688037
1335 0.688894
1336 0.689364
1337 0.688792
1338 0.691653
1339 0.690357
1340 0.689732
1341 0.687673
1342 0.68657
1343 0.687994
1344 0.688876
1345 0.68802
1346 0.689425
1347 0.690718
1348 0.689511
1349 0.691126
1350 0.688286
1351 0.688593
1352 0.689798
1353 0.689983
1354 0.688412
1355 0.68864
1356 0.689263
1357 0.68802
1358 0.691659
1359 0.689041
1360 0.687057
1361 0.688688
1362 0.69289
1363 0.689455
1364 0.68674
1365 0.687851
1366 0.688222
1367 0.687822
1368 0.687544
1369 0.689663
1370 0.688727
1371 0.691909
1372 0.686163
1373 0.690893
1374 0.68785
1375 0.688504
1376 0.689043
1377 0.688811
1378 0.689123
1379 0.68581
1380 0.686785
1381 0.684632
1382 0.688509
1383 0.688795
1384 0.689774
1385 0.689026
1386 0.690242
1387 0.68878
1388 0.689483
1389 0.689231
1390 0.688238
1391 0.689367
1392 0.690848
1393 0.689518
1394 0.688348
1395 0.688526
1396 0.688439
1397 0.687414
1398 0.688537
1399 0.687537
1400 0.686912
1401 0.688515
1402 0.687865
1403 0.687993
1404 0.691597
1405 0.688257
1406 0.685845
1407 0.686643
1408 0.68669
1409 0.690233
1410 0.686763
1411 0.687479
1412 0.68871
1413 0.69145
1414 0.689358
1415 0.686829
1416 0.687818
1417 0.690231
1418 0.687474
1419 0.688301
1420 0.688188
1421 0.688674
1422 0.688004
1423 0.69026
1424 0.688703
1425 0.687307
1426 0.689259
1427 0.688531
1428 0.690159
1429 0.689643
1430 0.687758
1431 0.687282
1432 0.688948
1433 0.68631
1434 0.69064
1435 0.686936
1436 0.688428
1437 0.685878
1438 0.687823
1439 0.686994
1440 0.688093
1441 0.688146
1442 0.69085
1443 0.687078
1444 0.686379
1445 0.6886
1446 0.68766
1447 0.684896
1448 0.687663
1449 0.686926
1450 0.688777
1451 0.688065
1452 0.688686
1453 0.686532
1454 0.687136
1455 0.688934
1456 0.687771
1457 0.687198
1458 0.686246
1459 0.688417
1460 0.685845
1461 0.689204
1462 0.685791
1463 0.686548
1464 0.687274
1465 0.689564
1466 0.687369
1467 0.688123
1468 0.687395
1469 0.68768
1470 0.687403
1471 0.688167
1472 0.686711
1473 0.68804
1474 0.688005
1475 0.686899
1476 0.685819
1477 0.686012
1478 0.688773
1479 0.687515
1480 0.687662
1481 0.687495
1482 0.688342
1483 0.685553
1484 0.685796
1485 0.687194
1486 0.686151
1487 0.686295
1488 0.690417
1489 0.688479
1490 0.687593
1491 0.683778
1492 0.688879
1493 0.686252
1494 0.687285
1495 0.685751
1496 0.685904
1497 0.685805
1498 0.688184
1499 0.689854
1500 0.68694
1501 0.688704
1502 0.686637
1503 0.687535
1504 0.688172
1505 0.685671
1506 0.685242
1507 0.68774
1508 0.688594
1509 0.685861
1510 0.689394
1511 0.686839
1512 0.688863
1513 0.687261
1514 0.687349
1515 0.688483
1516 0.689585
1517 0.687062
1518 0.686534
1519 0.687089
1520 0.688689
1521 0.6878
1522 0.688314
1523 0.68481
1524 0.685832
1525 0.68646
1526 0.687751
1527 0.688214
1528 0.688295
1529 0.686905
1530 0.687421
1531 0.689464
1532 0.688741
1533 0.685316
1534 0.688535
1535 0.691362
1536 0.685537
1537 0.687435
1538 0.688018
1539 0.688569
1540 0.686016
1541 0.687934
1542 0.685945
1543 0.690342
1544 0.68399
1545 0.688371
1546 0.68912
1547 0.686739
1548 0.688573
1549 0.685211
1550 0.687966
1551 0.685961
1552 0.688436
1553 0.687156
1554 0.685897
1555 0.689361
1556 0.68858
1557 0.685967
1558 0.684989
1559 0.688586
1560 0.684998
1561 0.686056
1562 0.68666
1563 0.68807
1564 0.687013
1565 0.689184
1566 0.690007
1567 0.689438
1568 0.688334
1569 0.688084
1570 0.687599
1571 0.686392
1572 0.688375
1573 0.685858
1574 0.688701
1575 0.68653
1576 0.689766
1577 0.684226
1578 0.687403
1579 0.690763
1580 0.68753
1581 0.686286
1582 0.686188
1583 0.686059
1584 0.688045
1585 0.688757
1586 0.690123
1587 0.686494
1588 0.689773
1589 0.682747
1590 0.685641
1591 0.688266
1592 0.688592
1593 0.68696
1594 0.687422
1595 0.690689
1596 0.689354
1597 0.687944
1598 0.690702
1599 0.689135
1600 0.688734
1601 0.685466
1602 0.688741
1603 0.686163
1604 0.689489
1605 0.688675
1606 0.684648
1607 0.683837
1608 0.684739
1609 0.688688
1610 0.688967
1611 0.687278
1612 0.689706
1613 0.68873
1614 0.688135
1615 0.688933
1616 0.683841
1617 0.689664
1618 0.686046
1619 0.685008
1620 0.685004
1621 0.690016
1622 0.687324
1623 0.688014
1624 0.68533
1625 0.691981
1626 0.687461
1627 0.6879
1628 0.694891
1629 0.690103
1630 0.68817
1631 0.688451
1632 0.694793
1633 0.686696
1634 0.687629
1635 0.690271
1636 0.68676
1637 0.691671
1638 0.689386
1639 0.689199
1640 0.686758
1641 0.689991
1642 0.686922
1643 0.691739
1644 0.685524
1645 0.688415
1646 0.689125
1647 0.686893
1648 0.68634
1649 0.690982
1650 0.68924
1651 0.689219
1652 0.689609
1653 0.690527
1654 0.687923
1655 0.687012
1656 0.690363
1657 0.686547
1658 0.690696
1659 0.687216
1660 0.689369
1661 0.687492
1662 0.688263
1663 0.696552
1664 0.691939
1665 0.686854
1666 0.688979
1667 0.689498
1668 0.694057
1669 0.688441
1670 0.690961
1671 0.688879
1672 0.688605
1673 0.688892
1674 0.687201
1675 0.691701
1676 0.690047
1677 0.690883
1678 0.690795
1679 0.695595
1680 0.687036
1681 0.691006
1682 0.689335
1683 0.690572
1684 0.685983
1685 0.689686
1686 0.691989
1687 0.690788
1688 0.693284
1689 0.691966
1690 0.690975
1691 0.688588
1692 0.690233
1693 0.685424
1694 0.68786
1695 0.692247
1696 0.688842
1697 0.693321
1698 0.692234
1699 0.692195
1700 0.690132
1701 0.688875
1702 0.688888
1703 0.691062
1704 0.691282
1705 0.690472
1706 0.692949
1707 0.695854
1708 0.693238
1709 0.691298
1710 0.688525
1711 0.688145
1712 0.688898
1713 0.691123
1714 0.694307
1715 0.68952
1716 0.688929
1717 0.69257
1718 0.696219
1719 0.690031
1720 0.69012
1721 0.694539
1722 0.696106
1723 0.698263
1724 0.690872
1725 0.693526
1726 0.69446
1727 0.689084
1728 0.688489
1729 0.69191
1730 0.690564
1731 0.689339
1732 0.694414
1733 0.692999
1734 0.690752
1735 0.689842
1736 0.693738
1737 0.69019
1738 0.691169
1739 0.694
1740 0.691146
1741 0.697155
1742 0.69334
1743 0.691104
1744 0.689202
1745 0.691644
1746 0.695518
1747 0.694208
1748 0.692321
1749 0.7004
1750 0.693032
1751 0.691924
1752 0.691432
1753 0.692627
1754 0.690913
1755 0.68934
1756 0.690045
1757 0.696489
1758 0.691239
1759 0.694123
1760 0.690522
1761 0.701632
1762 0.698654
1763 0.69248
1764 0.688022
1765 0.698933
1766 0.694574
1767 0.690862
1768 0.693048
1769 0.692989
1770 0.690581
1771 0.697691
1772 0.695964
1773 0.697108
1774 0.693787
1775 0.697858
1776 0.692557
1777 0.698401
1778 0.689854
1779 0.700243
1780 0.69938
1781 0.691033
1782 0.69136
1783 0.694523
1784 0.697221
1785 0.691988
1786 0.696301
1787 0.692382
1788 0.702559
1789 0.693667
1790 0.691735
1791 0.692805
1792 0.693549
1793 0.694735
1794 0.692379
1795 0.694662
1796 0.691281
1797 0.696076
1798 0.69416
1799 0.697542
1800 0.70136
1801 0.695189
1802 0.700966
1803 0.699725
1804 0.694798
1805 0.69692
1806 0.692337
1807 0.70039
1808 0.69335
1809 0.696402
1810 0.704134
1811 0.698869
1812 0.693915
1813 0.70209
1814 0.698198
1815 0.699093
1816 0.69629
1817 0.696663
1818 0.698949
1819 0.696375
1820 0.697599
1821 0.699343
1822 0.700222
1823 0.699716
1824 0.696255
1825 0.704734
1826 0.70027
1827 0.694768
1828 0.700958
1829 0.696405
1830 0.698942
1831 0.699074
1832 0.702344
1833 0.70376
1834 0.695886
1835 0.697961
1836 0.697852
1837 0.695199
1838 0.702702
1839 0.701064
1840 0.697793
1841 0.699643
1842 0.697672
1843 0.704095
1844 0.69845
1845 0.703199
1846 0.705603
1847 0.697725
1848 0.69747
1849 0.706516
1850 0.70396
1851 0.702586
1852 0.697413
1853 0.698878
1854 0.698788
1855 0.699518
1856 0.705746
1857 0.69753
1858 0.701718
1859 0.704864
1860 0.700592
1861 0.710192
1862 0.705251
1863 0.699989
1864 0.700636
1865 0.699893
1866 0.70448
1867 0.706186
1868 0.703862
1869 0.698394
1870 0.699872
1871 0.704573
1872 0.705546
1873 0.710228
1874 0.700983
1875 0.706427
1876 0.707162
1877 0.71077
1878 0.708613
1879 0.709802
1880 0.704087
1881 0.703848
1882 0.702229
1883 0.707213
1884 0.709884
1885 0.702345
1886 0.709292
1887 0.706867
1888 0.702724
1889 0.707117
1890 0.703543
1891 0.708638
1892 0.705455
1893 0.707006
1894 0.709034
1895 0.70481
1896 0.709636
1897 0.705418
1898 0.709702
1899 0.703157
1900 0.703385
1901 0.707989
1902 0.713351
1903 0.700794
1904 0.705745
1905 0.706748
1906 0.704565
1907 0.701705
1908 0.706182
1909 0.705073
1910 0.706556
1911 0.710826
1912 0.702027
1913 0.710061
1914 0.709395
1915 0.705941
1916 0.71093
1917 0.707281
1918 0.703739
1919 0.710699
1920 0.704752
1921 0.707334
1922 0.708625
1923 0.714839
1924 0.711116
1925 0.703762
1926 0.708006
1927 0.708401
1928 0.702369
1929 0.706919
1930 0.711723
1931 0.709455
1932 0.708993
1933 0.706783
1934 0.712668
1935 0.707625
1936 0.712365
1937 0.70458
1938 0.708779
1939 0.705273
1940 0.711157
1941 0.707378
1942 0.713774
1943 0.712258
1944 0.708474
1945 0.70324
1946 0.705833
1947 0.708765
1948 0.713466
1949 0.710515
1950 0.71013
1951 0.708956
1952 0.714284
1953 0.713041
1954 0.701585
1955 0.708293
1956 0.704331
1957 0.708205
1958 0.711487
1959 0.713337
1960 0.70804
1961 0.709048
1962 0.716124
1963 0.705355
1964 0.711271
1965 0.712943
1966 0.714015
1967 0.7137
1968 0.716432
1969 0.710427
1970 0.709474
1971 0.70828
1972 0.70863
1973 0.715342
1974 0.714627
1975 0.71319
1976 0.715795
1977 0.712929
1978 0.711196
1979 0.718187
1980 0.712558
1981 0.715535
1982 0.705702
1983 0.712165
1984 0.711951
1985 0.713322
1986 0.707904
1987 0.712717
1988 0.717043
1989 0.714494
1990 0.712395
1991 0.71224
1992 0.713019
1993 0.712792
1994 0.712763
1995 0.711269
1996 0.713145
1997 0.716592
1998 0.714965
1999 0.713006
2000 0.719942
2001 0.718236
2002 0.713411
2003 0.717825
2004 0.713838
2005 0.71685
2006 0.709048
2007 0.712968
2008 0.714266
2009 0.715474
2010 0.711874
2011 0.719038
2012 0.718646
2013 0.716714
2014 0.709917
2015 0.719041
2016 0.711932
2017 0.714485
2018 0.721142
2019 0.715419
2020 0.71155
2021 0.722332
2022 0.71905
2023 0.718355
2024 0.717314
2025 0.71752
2026 0.717862
2027 0.712691
2028 0.718491
2029 0.718731
2030 0.720868
2031 0.720883
2032 0.713414
2033 0.722589
2034 0.718183
2035 0.712716
2036 0.719105
2037 0.713469
2038 0.719052
2039 0.717114
2040 0.715377
2041 0.715113
2042 0.707119
2043 0.719497
2044 0.725036
2045 0.717988
2046 0.718692
2047 0.718874
2048 0.717804
2049 0.7177
2050 0.725237
2051 0.720695
2052 0.717361
2053 0.719191
2054 0.714406
2055 0.715794
2056 0.716638
2057 0.720115
2058 0.721005
2059 0.71791
2060 0.717118
2061 0.717069
2062 0.720752
2063 0.722161
2064 0.720229
2065 0.722689
2066 0.718471
2067 0.720191
2068 0.713976
2069 0.720002
2070 0.721421
2071 0.722197
2072 0.721185
2073 0.722494
2074 0.717473
2075 0.720341
2076 0.718043
2077 0.718197
2078 0.722487
2079 0.720175
2080 0.721378
2081 0.721333
2082 0.719553
2083 0.716117
2084 0.714395
2085 0.71951
2086 0.719149
2087 0.726636
2088 0.72263
2089 0.719793
2090 0.723672
2091 0.722168
2092 0.71674
2093 0.717245
2094 0.72327
2095 0.723058
2096 0.722014
2097 0.723535
2098 0.714483
2099 0.715497
2100 0.717392
2101 0.719303
2102 0.723772
2103 0.723836
2104 0.720257
2105 0.71985
2106 0.72093
2107 0.724017
2108 0.716697
2109 0.721279
2110 0.725791
2111 0.721839
2112 0.728822
2113 0.716483
2114 0.72679
2115 0.722587
2116 0.724336
2117 0.720207
2118 0.726261
2119 0.724186
2120 0.721167
2121 0.723507
2122 0.723156
2123 0.71736
2124 0.720289
2125 0.722833
2126 0.722591
2127 0.726881
2128 0.728109
2129 0.723427
2130 0.721687
2131 0.718688
2132 0.722634
2133 0.725678
2134 0.72587
2135 0.722872
2136 0.721025
2137 0.725073
2138 0.719834
2139 0.724086
2140 0.723905
2141 0.723158
2142 0.723381
2143 0.724725
2144 0.725069
2145 0.725447
2146 0.724009
2147 0.724296
2148 0.722253
2149 0.724867
2150 0.721969
2151 0.71777
2152 0.724517
2153 0.718172
2154 0.726546
2155 0.724241
2156 0.724061
2157 0.721731
2158 0.726227
2159 0.726544
2160 0.725293
2161 0.725823
2162 0.721653
2163 0.722845
2164 0.721093
2165 0.726338
2166 0.723496
2167 0.727652
2168 0.724738
2169 0.724815
2170 0.72663
2171 0.721795
2172 0.723348
2173 0.719383
2174 0.725147
2175 0.723713
2176 0.727989
2177 0.720885
2178 0.724974
2179 0.725825
2180 0.726268
2181 0.7207
2182 0.724841
2183 0.724941
2184 0.725323
2185 0.721807
2186 0.720842
2187 0.718558
2188 0.728677
2189 0.722961
2190 0.723198
2191 0.723457
2192 0.716412
2193 0.724465
2194 0.723971
2195 0.727157
2196 0.723234
2197 0.718606
2198 0.727717
2199 0.72592
2200 0.723925
2201 0.726297
2202 0.725883
2203 0.718128
2204 0.723856
2205 0.729053
2206 0.724259
2207 0.725418
2208 0.722923
2209 0.725017
2210 0.727785
2211 0.721412
2212 0.723646
2213 0.725274
2214 0.722192
2215 0.722005
2216 0.727772
2217 0.722967
2218 0.72793
2219 0.727328
2220 0.727468
2221 0.728109
2222 0.724502
2223 0.721735
2224 0.725688
2225 0.72453
2226 0.723589
2227 0.727805
2228 0.725937
2229 0.727406
2230 0.72401
2231 0.725042
2232 0.724236
2233 0.728977
2234 0.722117
2235 0.727311
2236 0.724679
2237 0.726303
2238 0.722841
2239 0.7281
2240 0.725538
2241 0.722711
2242 0.725147
2243 0.724123
2244 0.727121
2245 0.723797
2246 0.725866
2247 0.728876
2248 0.72654
2249 0.725722
2250 0.724804
2251 0.725605
2252 0.728009
2253 0.724272
2254 0.72279
2255 0.726602
2256 0.725702
2257 0.725458
2258 0.720302
2259 0.724318
2260 0.723777
2261 0.727662
2262 0.722397
2263 0.722902
2264 0.724989
2265 0.727075
2266 0.724817
2267 0.724914
2268 0.727881
2269 0.72666
2270 0.723689
2271 0.722241
2272 0.725565
2273 0.724446
2274 0.727778
2275 0.723177
2276 0.727256
2277 0.724447
2278 0.727324
2279 0.723798
2280 0.728849
2281 0.727537
2282 0.724212
2283 0.722491
2284 0.724053
2285 0.724656
2286 0.720842
2287 0.722114
2288 0.725201
2289 0.724975
2290 0.722842
2291 0.724039
2292 0.7268
2293 0.722939
2294 0.727202
2295 0.723358
2296 0.726321
2297 0.727259
2298 0.726764
2299 0.726225
2300 0.72389
2301 0.725179
2302 0.725577
2303 0.72466
2304 0.725745
2305 0.725061
2306 0.726284
2307 0.725263
2308 0.726315
2309 0.724254
2310 0.726674
2311 0.720567
2312 0.7251
2313 0.723634
2314 0.721709
2315 0.726082
2316 0.724135
2317 0.72552
2318 0.725437
2319 0.72112
2320 0.722588
2321 0.724807
2322 0.724607
2323 0.718956
2324 0.724419
2325 0.723392
2326 0.722836
2327 0.72167
2328 0.72719
2329 0.719498
2330 0.725019
2331 0.72569
2332 0.7233
2333 0.723276
2334 0.72351
2335 0.724315
2336 0.723062
2337 0.724075
2338 0.724194
2339 0.725377
2340 0.724386
2341 0.725016
2342 0.719901
2343 0.723173
2344 0.7262
2345 0.723847
2346 0.724457
2347 0.72491
2348 0.723954
2349 0.72296
2350 0.724568
2351 0.722552
2352 0.723637
2353 0.724346
2354 0.719517
2355 0.724742
2356 0.723641
2357 0.722414
2358 0.724848
2359 0.724061
2360 0.72163
2361 0.723604
2362 0.723668
2363 0.722731
2364 0.723504
2365 0.721918
2366 0.721595
2367 0.719992
2368 0.724195
2369 0.722681
2370 0.721241
2371 0.722002
2372 0.72249
2373 0.724539
2374 0.723222
2375 0.722714
2376 0.723598
2377 0.721206
2378 0.723432
2379 0.722334
2380 0.721909
2381 0.723478
2382 0.72196
2383 0.722471
2384 0.721862
2385 0.721617
2386 0.724302
2387 0.723486
2388 0.722653
2389 0.723275
2390 0.72313
2391 0.719643
2392 0.725838
2393 0.7233
2394 0.723654
2395 0.722239
2396 0.723933
2397 0.726052
2398 0.72115
2399 0.723361
2400 0.720517
2401 0.721787
2402 0.721087
2403 0.720324
2404 0.720368
2405 0.721347
2406 0.720877
2407 0.722123
2408 0.718026
2409 0.721782
2410 0.720933
2411 0.723824
2412 0.724312
2413 0.719986
2414 0.722512
2415 0.722761
2416 0.722138
2417 0.720431
2418 0.722115
2419 0.720186
2420 0.71911
2421 0.722151
2422 0.719925
2423 0.720053
2424 0.722281
2425 0.719246
2426 0.720669
2427 0.719628
2428 0.720188
2429 0.721387
2430 0.722747
2431 0.721101
2432 0.721675
2433 0.720305
2434 0.721156
2435 0.720788
2436 0.720913
2437 0.72167
2438 0.720312
2439 0.721865
2440 0.719802
2441 0.720827
2442 0.720959
2443 0.722162
2444 0.720807
2445 0.719908
2446 0.721806
2447 0.720522
2448 0.720294
2449 0.719181
2450 0.719985
2451 0.721469
2452 0.722076
2453 0.721729
2454 0.721924
2455 0.719483
2456 0.72181
2457 0.720107
2458 0.718733
2459 0.720321
2460 0.721855
2461 0.722089
2462 0.72033
2463 0.72123
2464 0.721288
2465 0.721055
2466 0.719384
2467 0.720634
2468 0.721476
2469 0.722663
2470 0.721916
2471 0.718531
2472 0.71992
2473 0.7191
2474 0.719634
2475 0.722707
2476 0.721301
2477 0.720301
2478 0.720878
2479 0.717228
2480 0.719434
2481 0.718196
2482 0.720791
2483 0.721611
2484 0.721366
2485 0.71817
2486 0.719257
2487 0.719562
2488 0.719976
2489 0.719576
2490 0.720694
2491 0.718558
2492 0.71842
2493 0.720657
2494 0.720439
2495 0.719572
2496 0.719844
2497 0.717587
2498 0.718613
2499 0.718247
2500 0.718862
2501 0.718943
2502 0.720828
2503 0.718878
2504 0.719515
2505 0.71936
2506 0.719793
2507 0.719313
2508 0.717976
2509 0.71994
2510 0.719014
2511 0.718779
2512 0.719475
2513 0.719704
2514 0.721323
2515 0.718671
2516 0.716362
2517 0.716942
2518 0.719578
2519 0.720332
2520 0.719839
2521 0.720525
2522 0.718553
2523 0.716542
2524 0.71858
2525 0.717665
2526 0.717642
2527 0.718232
2528 0.718581
2529 0.717008
2530 0.719592
2531 0.718042
2532 0.716499
2533 0.719427
2534 0.717404
2535 0.718935
2536 0.718535
2537 0.718948
2538 0.717749
2539 0.718432
2540 0.717564
2541 0.71737
2542 0.718366
2543 0.720168
2544 0.718646
2545 0.717719
2546 0.716664
2547 0.719285
2548 0.717501
2549 0.717679
2550 0.717874
2551 0.718213
2552 0.718226
2553 0.719199
2554 0.717346
2555 0.720216
2556 0.716947
2557 0.715758
2558 0.718749
2559 0.716941
2560 0.716569
2561 0.719765
2562 0.716585
2563 0.716465
2564 0.717685
2565 0.718846
2566 0.718416
2567 0.717284
2568 0.718412
2569 0.716929
2570 0.718421
2571 0.719039
2572 0.718931
2573 0.719533
2574 0.716072
2575 0.716389
2576 0.717006
2577 0.717683
2578 0.71687
2579 0.716113
2580 0.718115
2581 0.717028
2582 0.718946
2583 0.717607
2584 0.71602
2585 0.716912
2586 0.717581
2587 0.717042
2588 0.717012
2589 0.715456
2590 0.716974
2591 0.717245
2592 0.717985
2593 0.71787
2594 0.717137
2595 0.717406
2596 0.714652
2597 0.716925
2598 0.71686
2599 0.716895
2600 0.715695
2601 0.716492
2602 0.716554
2603 0.716419
2604 0.715274
2605 0.715819
2606 0.716657
2607 0.716713
2608 0.716023
2609 0.717178
2610 0.716453
2611 0.716443
2612 0.716776
2613 0.716369
2614 0.717042
2615 0.7156
2616 0.715744
2617 0.716632
2618 0.715525
2619 0.717915
2620 0.716558
2621 0.715537
2622 0.715671
2623 0.71407
2624 0.715319
2625 0.715108
2626 0.716555
2627 0.715863
2628 0.717102
2629 0.715439
2630 0.716463
2631 0.717792
2632 0.716486
2633 0.715602
2634 0.716514
2635 0.715192
2636 0.716362
2637 0.712617
2638 0.714775
2639 0.715046
2640 0.716245
2641 0.715573
2642 0.716597
2643 0.716196
2644 0.715933
2645 0.716545
2646 0.715184
2647 0.716345
2648 0.716546
2649 0.715956
2650 0.715229
2651 0.715859
2652 0.715819
2653 0.715459
2654 0.715012
2655 0.714407
2656 0.714924
2657 0.714919
2658 0.715314
2659 0.715513
2660 0.713625
2661 0.714027
2662 0.716493
2663 0.715995
2664 0.71516
2665 0.71541
2666 0.715389
2667 0.714279
2668 0.71519
2669 0.715184
2670 0.714744
2671 0.715905
2672 0.714771
2673 0.716656
2674 0.716262
2675 0.715109
2676 0.716676
2677 0.716409
2678 0.716974
2679 0.715475
2680 0.714642
2681 0.714894
2682 0.71531
2683 0.716018
2684 0.714905
2685 0.715606
2686 0.716316
2687 0.715395
2688 0.714359
2689 0.714079
2690 0.713322
2691 0.713222
2692 0.715928
2693 0.714901
2694 0.714341
2695 0.713975
2696 0.714798
2697 0.714551
2698 0.715721
2699 0.71393
2700 0.71489
2701 0.714435
2702 0.713926
2703 0.715144
2704 0.713471
2705 0.713847
2706 0.713684
2707 0.714743
2708 0.714877
2709 0.715027
2710 0.713726
2711 0.715507
2712 0.714485
2713 0.714526
2714 0.714761
2715 0.714205
2716 0.714215
2717 0.713663
2718 0.715503
2719 0.714065
2720 0.713819
2721 0.715058
2722 0.714238
2723 0.714957
2724 0.714998
2725 0.714749
2726 0.714399
2727 0.713759
2728 0.71354
2729 0.713523
2730 0.713887
2731 0.713984
2732 0.714287
2733 0.712784
2734 0.713149
2735 0.714047
2736 0.713882
2737 0.715565
2738 0.715395
2739 0.713592
2740 0.714112
2741 0.712225
2742 0.715983
2743 0.714633
2744 0.713069
2745 0.714597
2746 0.71241
2747 0.713894
2748 0.713741
2749 0.713479
2750 0.71345
2751 0.713747
2752 0.713117
2753 0.714079
2754 0.713768
2755 0.7135
2756 0.713951
2757 0.716049
2758 0.714214
2759 0.713518
2760 0.714705
2761 0.713589
2762 0.71355
2763 0.713807
2764 0.712397
2765 0.713036
2766 0.713354
2767 0.713491
2768 0.713098
2769 0.713346
2770 0.710985
2771 0.714253
2772 0.714825
2773 0.713581
2774 0.713227
2775 0.713184
2776 0.711357
2777 0.713217
2778 0.71462
2779 0.714461
2780 0.713099
2781 0.713918
2782 0.712828
2783 0.715059
2784 0.712707
2785 0.714065
2786 0.713881
2787 0.713477
2788 0.7129
2789 0.714729
2790 0.714112
2791 0.713768
2792 0.713885
2793 0.714001
2794 0.714779
2795 0.71326
2796 0.714332
2797 0.710668
2798 0.714542
2799 0.715074
2800 0.712382
2801 0.713212
2802 0.713511
2803 0.713235
2804 0.712302
2805 0.712323
2806 0.713464
2807 0.711391
2808 0.712485
2809 0.714526
2810 0.714152
2811 0.714552
2812 0.711828
2813 0.711533
2814 0.713114
2815 0.71277
2816 0.712809
2817 0.713257
2818 0.713859
2819 0.714148
2820 0.713738
2821 0.712699
2822 0.714588
2823 0.713388
2824 0.711599
2825 0.71487
2826 0.713778
2827 0.712837
2828 0.714839
2829 0.712695
2830 0.712914
2831 0.712157
2832 0.711587
2833 0.71398
2834 0.71356
2835 0.712766
2836 0.71285
2837 0.712749
2838 0.712841
2839 0.712933
2840 0.712835
2841 0.713038
2842 0.712831
2843 0.713346
2844 0.71381
2845 0.712209
2846 0.712877
2847 0.711952
2848 0.712349
2849 0.713529
2850 0.712755
2851 0.714276
2852 0.713372
2853 0.714119
2854 0.711541
2855 0.71333
2856 0.712671
2857 0.71298
2858 0.711713
2859 0.713689
2860 0.712779
2861 0.714575
2862 0.715737
2863 0.712272
2864 0.712144
2865 0.715418
2866 0.714069
2867 0.712407
2868 0.712112
2869 0.711997
2870 0.712713
2871 0.712954
2872 0.713521
2873 0.713244
2874 0.713797
2875 0.713741
2876 0.713944
2877 0.711246
2878 0.711144
2879 0.712086
2880 0.714413
2881 0.713888
2882 0.71452
2883 0.710912
2884 0.713217
2885 0.712874
2886 0.712489
2887 0.712761
2888 0.714688
2889 0.712864
2890 0.712966
2891 0.711543
2892 0.715172
2893 0.712674
2894 0.712488
2895 0.712744
2896 0.713194
2897 0.712974
2898 0.714937
2899 0.713245
2900 0.713408
2901 0.712589
2902 0.712742
2903 0.714577
2904 0.712882
2905 0.71227
2906 0.712661
2907 0.712504
2908 0.713411
2909 0.712873
2910 0.712445
2911 0.714107
2912 0.712573
2913 0.713075
2914 0.715133
2915 0.713266
2916 0.711158
2917 0.712856
2918 0.71179
2919 0.712454
2920 0.711768
2921 0.712321
2922 0.713456
2923 0.71387
2924 0.713072
2925 0.713771
2926 0.713401
2927 0.713968
2928 0.71386
2929 0.712829
2930 0.71301
2931 0.713408
2932 0.713303
2933 0.711971
2934 0.711247
2935 0.713484
2936 0.714716
2937 0.710608
2938 0.711973
2939 0.713036
2940 0.711833
2941 0.713123
2942 0.713771
2943 0.713416
2944 0.714582
2945 0.712918
2946 0.715779
2947 0.712046
2948 0.713669
2949 0.711762
2950 0.713177
2951 0.711929
2952 0.713297
2953 0.712766
2954 0.713565
2955 0.712249
2956 0.71316
2957 0.713164
2958 0.712772
2959 0.711034
2960 0.711711
2961 0.713292
2962 0.713306
2963 0.712876
2964 0.714157
2965 0.71189
2966 0.712075
2967 0.712228
2968 0.713292
2969 0.712858
2970 0.711222
2971 0.713065
2972 0.710387
2973 0.711464
2974 0.711732
2975 0.713697
2976 0.713084
2977 0.711387
2978 0.714307
2979 0.712317
2980 0.713154
2981 0.71305
2982 0.711898
2983 0.713308
2984 0.714807
2985 0.7134
2986 0.711169
2987 0.712395
2988 0.712657
2989 0.713312
2990 0.712019
2991 0.712461
2992 0.71357
2993 0.712369
2994 0.71227
2995 0.712277
2996 0.713223
2997 0.711171
2998 0.711872
2999 0.710805
3000 0.712839
3001 0.712645
3002 0.712363
3003 0.712874
3004 0.714023
3005 0.714298
3006 0.712519
3007 0.714821
3008 0.713463
3009 0.714065
3010 0.712423
3011 0.712724
3012 0.713893
3013 0.712105
3014 0.714224
3015 0.712897
3016 0.714814
3017 0.712516
3018 0.712068
3019 0.712045
3020 0.712368
3021 0.714417
3022 0.712266
3023 0.712009
3024 0.713196
3025 0.713137
3026 0.713837
3027 0.71202
3028 0.712879
3029 0.713896
3030 0.713568
3031 0.713687
3032 0.712384
3033 0.713085
3034 0.712476
3035 0.712518
3036 0.712287
3037 0.713725
3038 0.715204
3039 0.712718
3040 0.711483
3041 0.712242
3042 0.713214
3043 0.713446
3044 0.713081
3045 0.711462
3046 0.713943
3047 0.713287
3048 0.711565
3049 0.712535
3050 0.713234
3051 0.712015
3052 0.713366
3053 0.713508
3054 0.711914
3055 0.712637
3056 0.713692
3057 0.713518
3058 0.713255
3059 0.713864
3060 0.711484
3061 0.712142
3062 0.711515
3063 0.711466
3064 0.713092
3065 0.713111
3066 0.71182
3067 0.712444
3068 0.712866
3069 0.711337
3070 0.712893
3071 0.712329
3072 0.712357
3073 0.712192
3074 0.711362
3075 0.713565
3076 0.71116
3077 0.713495
3078 0.712425
3079 0.711855
3080 0.71277
3081 0.712447
3082 0.711646
3083 0.712157
3084 0.711982
3085 0.712437
3086 0.712757
3087 0.712488
3088 0.712643
3089 0.712356
3090 0.712337
3091 0.712824
3092 0.712405
3093 0.712634
3094 0.712883
3095 0.711523
3096 0.71282
3097 0.713961
3098 0.712312
3099 0.713588
3100 0.712404
3101 0.712312
3102 0.714283
3103 0.71225
3104 0.713006
3105 0.714217
3106 0.712798
3107 0.713471
3108 0.7121
3109 0.711848
3110 0.712298
3111 0.713261
3112 0.712614
3113 0.713491
3114 0.71142
3115 0.714372
3116 0.712587
3117 0.7133
3118 0.713228
3119 0.715796
3120 0.71236
3121 0.711686
3122 0.711404
3123 0.712289
3124 0.714088
3125 0.713033
3126 0.712246
3127 0.712851
3128 0.711346
3129 0.712573
3130 0.711723
3131 0.713968
3132 0.711943
3133 0.711613
3134 0.71183
3135 0.711086
3136 0.713273
3137 0.712278
3138 0.713971
3139 0.712839
3140 0.711139
3141 0.713348
3142 0.713679
3143 0.711275
3144 0.711582
3145 0.713372
3146 0.712057
3147 0.713119
3148 0.713679
3149 0.713385
3150 0.710749
3151 0.714069
3152 0.712056
3153 0.711794
3154 0.713174
3155 0.712596
3156 0.712115
3157 0.713547
3158 0.711846
3159 0.711976
3160 0.712099
3161 0.712255
3162 0.711718
3163 0.714178
3164 0.713456
3165 0.711904
3166 0.711647
3167 0.712421
3168 0.711719
3169 0.711648
3170 0.711543
3171 0.710935
3172 0.711452
3173 0.712051
3174 0.711816
3175 0.711731
3176 0.711344
3177 0.711746
3178 0.712144
3179 0.711484
3180 0.712944
3181 0.711803
3182 0.712766
3183 0.712373
3184 0.712193
3185 0.713143
3186 0.714598
3187 0.712823
3188 0.711656
3189 0.713416
3190 0.712924
3191 0.711519
3192 0.714298
3193 0.713244
3194 0.713126
3195 0.71273
3196 0.713322
3197 0.712225
3198 0.712367
3199 0.712825
3200 0.713165
3201 0.712683
3202 0.713212
3203 0.711106
3204 0.711526
3205 0.711598
3206 0.712853
3207 0.713394
3208 0.713354
3209 0.712734
3210 0.712577
3211 0.714119
3212 0.712639
3213 0.711572
3214 0.711645
3215 0.712458
3216 0.712167
3217 0.713576
3218 0.712469
3219 0.710151
3220 0.71349
3221 0.712683
3222 0.711979
3223 0.713413
3224 0.710744
3225 0.711724
3226 0.711962
3227 0.713035
3228 0.714306
3229 0.712053
3230 0.71194
3231 0.71257
3232 0.711969
3233 0.71232
3234 0.713793
3235 0.712503
3236 0.712908
3237 0.713353
3238 0.712553
3239 0.713718
3240 0.712155
3241 0.711497
3242 0.710633
3243 0.71182
3244 0.71147
3245 0.71115
3246 0.711155
3247 0.711001
3248 0.711812
3249 0.71059
3250 0.712974
3251 0.713182
3252 0.714122
3253 0.712948
3254 0.713308
3255 0.715845
3256 0.712718
3257 0.713054
3258 0.711581
3259 0.713231
3260 0.712456
3261 0.711979
3262 0.710836
3263 0.71194
3264 0.712694
3265 0.711361
3266 0.712683
3267 0.710981
3268 0.711945
3269 0.713217
3270 0.712155
3271 0.712861
3272 0.711717
3273 0.712047
3274 0.711959
3275 0.71272
3276 0.71232
3277 0.712877
3278 0.710808
3279 0.713301
3280 0.712807
3281 0.714776
3282 0.711994
3283 0.710634
3284 0.710821
3285 0.712275
3286 0.714944
3287 0.712342
3288 0.710768
3289 0.711852
3290 0.712303
3291 0.712607
3292 0.71255
3293 0.713558
3294 0.712825
3295 0.713669
3296 0.712802
3297 0.712099
3298 0.711365
3299 0.711071
3300 0.710972
3301 0.713492
3302 0.71213
3303 0.711097
3304 0.713574
3305 0.713511
3306 0.71143
3307 0.711639
3308 0.712886
3309 0.712427
3310 0.711327
3311 0.713284
3312 0.711052
3313 0.711935
3314 0.714042
3315 0.71151
3316 0.712838
3317 0.711854
3318 0.712762
3319 0.71152
3320 0.713709
3321 0.711039
3322 0.712547
3323 0.714828
3324 0.713258
3325 0.711387
3326 0.712348
3327 0.711165
3328 0.712023
3329 0.712532
3330 0.712462
3331 0.716373
3332 0.711625
3333 0.714864
3334 0.710607
3335 0.711434
3336 0.710708
3337 0.71176
3338 0.712934
3339 0.71342
3340 0.713302
3341 0.711352
3342 0.713998
3343 0.711211
3344 0.712822
3345 0.710718
3346 0.712342
3347 0.71275
3348 0.713666
3349 0.713585
3350 0.712913
3351 0.714293
3352 0.712411
3353 0.711318
3354 0.711357
3355 0.710688
3356 0.712915
3357 0.710574
3358 0.710296
3359 0.713231
3360 0.711047
3361 0.711818
3362 0.711835
3363 0.714109
3364 0.712848
3365 0.712884
3366 0.711245
3367 0.712533
3368 0.713487
3369 0.710377
3370 0.71368
3371 0.712344
3372 0.714061
3373 0.712591
3374 0.713592
3375 0.711216
3376 0.713751
3377 0.71449
3378 0.711957
3379 0.713715
3380 0.713029
3381 0.714097
3382 0.713181
3383 0.711242
3384 0.71367
3385 0.714254
3386 0.713022
3387 0.711939
3388 0.711619
3389 0.712882
3390 0.711438
3391 0.713384
3392 0.713198
3393 0.710825
3394 0.71305
3395 0.711964
3396 0.715362
3397 0.712564
3398 0.711872
3399 0.713012
3400 0.710234
3401 0.711751
3402 0.712529
3403 0.712995
3404 0.712308
3405 0.712799
3406 0.715039
3407 0.714093
3408 0.711461
3409 0.716037
3410 0.715461
3411 0.711773
3412 0.70966
3413 0.711362
3414 0.715618
3415 0.712161
3416 0.713704
3417 0.715519
3418 0.711522
3419 0.71554
3420 0.710503
3421 0.711627
3422 0.710466
3423 0.712066
3424 0.716136
3425 0.714342
3426 0.715685
3427 0.713113
3428 0.711663
3429 0.717063
3430 0.712495
3431 0.710718
3432 0.712725
3433 0.713538
3434 0.712965
3435 0.714025
3436 0.715988
3437 0.710871
3438 0.714963
3439 0.717648
3440 0.711304
3441 0.712519
3442 0.713722
3443 0.713822
3444 0.710091
3445 0.713335
3446 0.709869
3447 0.71418
3448 0.708432
3449 0.713158
3450 0.711889
3451 0.717032
3452 0.713747
3453 0.714338
3454 0.713813
3455 0.712224
3456 0.714661
3457 0.710336
3458 0.714043
3459 0.713737
3460 0.714577
3461 0.711971
3462 0.714029
3463 0.711371
3464 0.716303
3465 0.714398
3466 0.714469
3467 0.711149
3468 0.711882
3469 0.716924
3470 0.71211
3471 0.715255
3472 0.712488
3473 0.714822
3474 0.715842
3475 0.714308
3476 0.714861
3477 0.71785
3478 0.713296
3479 0.714162
3480 0.715001
3481 0.711213
3482 0.715807
3483 0.715491
3484 0.714555
3485 0.71432
3486 0.715507
3487 0.71602
3488 0.716438
3489 0.710977
3490 0.713741
3491 0.715891
3492 0.718242
3493 0.712728
3494 0.714649
3495 0.71392
3496 0.711576
3497 0.713407
3498 0.713937
3499 0.715931
3500 0.717035
3501 0.711535
3502 0.715926
3503 0.714768
3504 0.711393
3505 0.717145
3506 0.71573
3507 0.712678
3508 0.710687
3509 0.716642
3510 0.714057
3511 0.71652
3512 0.717619
3513 0.710676
3514 0.713929
3515 0.712553
3516 0.712904
3517 0.712853
3518 0.714033
3519 0.718663
3520 0.714751
3521 0.712472
3522 0.719309
3523 0.715909
3524 0.71889
3525 0.711759
3526 0.714568
3527 0.715153
3528 0.715123
3529 0.715147
3530 0.711493
3531 0.714932
3532 0.713832
3533 0.714824
3534 0.712893
3535 0.720258
3536 0.712374
3537 0.714984
3538 0.714876
3539 0.711933
3540 0.713619
3541 0.717055
3542 0.714954
3543 0.718419
3544 0.716542
3545 0.714788
3546 0.716036
3547 0.713042
3548 0.715859
3549 0.720884
3550 0.716243
3551 0.713527
3552 0.716478
3553 0.715722
3554 0.714446
3555 0.714921
3556 0.717378
3557 0.71791
3558 0.716101
3559 0.716643
3560 0.710766
3561 0.721763
3562 0.719549
3563 0.715069
3564 0.716208
3565 0.713586
3566 0.715661
3567 0.7132
3568 0.717522
3569 0.719433
3570 0.717525
3571 0.716739
3572 0.718405
3573 0.720667
3574 0.716202
3575 0.718738
3576 0.721647
3577 0.715706
3578 0.715512
3579 0.721212
3580 0.71599
3581 0.714876
3582 0.714959
3583 0.721659
3584 0.713833
3585 0.721141
3586 0.719273
3587 0.714149
3588 0.717288
3589 0.715944
3590 0.718632
3591 0.722368
3592 0.718222
3593 0.716153
3594 0.718011
3595 0.718762
3596 0.719616
3597 0.718775
3598 0.716849
3599 0.71644
3600 0.715033
3601 0.7194
3602 0.7128
3603 0.720284
3604 0.720062
3605 0.719339
3606 0.716574
3607 0.720891
3608 0.715708
3609 0.717544
3610 0.716682
3611 0.722298
3612 0.718047
3613 0.713218
3614 0.718803
3615 0.715097
3616 0.718899
3617 0.71644
3618 0.718886
3619 0.72139
3620 0.717615
3621 0.721044
3622 0.723646
3623 0.71455
3624 0.719805
3625 0.718515
3626 0.719992
3627 0.722325
3628 0.71685
3629 0.716166
3630 0.719304
3631 0.717332
3632 0.715247
3633 0.717536
3634 0.725521
3635 0.717774
3636 0.718522
3637 0.714336
3638 0.716721
3639 0.71869
3640 0.718686
3641 0.721718
3642 0.721079
3643 0.721405
3644 0.71793
3645 0.717326
3646 0.719192
3647 0.718969
3648 0.723154
3649 0.721718
3650 0.72153
3651 0.720117
3652 0.722057
3653 0.721246
3654 0.717635
3655 0.717156
3656 0.718509
3657 0.719802
3658 0.721235
3659 0.718152
3660 0.71889
3661 0.716768
3662 0.722577
3663 0.722304
3664 0.719781
3665 0.72079
3666 0.722489
3667 0.723602
3668 0.720631
3669 0.718937
3670 0.719445
3671 0.718639
3672 0.729612
3673 0.717723
3674 0.722293
3675 0.71774
3676 0.723238
3677 0.723901
3678 0.72363
3679 0.718477
3680 0.719364
3681 0.720143
3682 0.724151
3683 0.71813
3684 0.714261
3685 0.719039
3686 0.718621
3687 0.717897
3688 0.720409
3689 0.720797
3690 0.72194
3691 0.721047
3692 0.722328
3693 0.722083
3694 0.722988
3695 0.721389
3696 0.719663
3697 0.722706
3698 0.725562
3699 0.717124
3700 0.723437
3701 0.719579
3702 0.72342
3703 0.723013
3704 0.714117
3705 0.725891
3706 0.723719
3707 0.726852
3708 0.724103
3709 0.724491
3710 0.718608
3711 0.726536
3712 0.724448
3713 0.722261
3714 0.721806
3715 0.718779
3716 0.720354
3717 0.721722
3718 0.72283
3719 0.727433
3720 0.722582
3721 0.720657
3722 0.7221
3723 0.725077
3724 0.721428
3725 0.720065
3726 0.72061
3727 0.724277
3728 0.722831
3729 0.72115
3730 0.723343
3731 0.721256
3732 0.724985
3733 0.722809
3734 0.721399
3735 0.720431
3736 0.727728
3737 0.72627
3738 0.722677
3739 0.721313
3740 0.726176
3741 0.730282
3742 0.722321
3743 0.729381
3744 0.728462
3745 0.724327
3746 0.729691
3747 0.724343
3748 0.7253
3749 0.725448
3750 0.72367
3751 0.721275
3752 0.722898
3753 0.726521
3754 0.726467
3755 0.724079
3756 0.725648
3757 0.728855
3758 0.723775
3759 0.726285
3760 0.729989
3761 0.730905
3762 0.720424
3763 0.722884
3764 0.724253
3765 0.729218
3766 0.724498
3767 0.729893
3768 0.724183
3769 0.726135
3770 0.723959
3771 0.724133
3772 0.728789
3773 0.72617
3774 0.732525
3775 0.728762
3776 0.723505
3777 0.723755
3778 0.723191
3779 0.728064
3780 0.724689
3781 0.719151
3782 0.727508
3783 0.73031
3784 0.735033
3785 0.73003
3786 0.733076
3787 0.723212
3788 0.732172
3789 0.722368
3790 0.726387
3791 0.72485
3792 0.729093
3793 0.725027
3794 0.724161
3795 0.728891
3796 0.72953
3797 0.727114
3798 0.725352
3799 0.729359
3800 0.729758
3801 0.73025
3802 0.734806
3803 0.727708
3804 0.7265
3805 0.732179
3806 0.726308
3807 0.72186
3808 0.730512
3809 0.726789
3810 0.725339
3811 0.728172
3812 0.729899
3813 0.72636
3814 0.728501
3815 0.729166
3816 0.729209
3817 0.726529
3818 0.724194
3819 0.734699
3820 0.730828
3821 0.726064
3822 0.728417
3823 0.730319
3824 0.728317
3825 0.738096
3826 0.733219
3827 0.729436
3828 0.730376
3829 0.730122
3830 0.735911
3831 0.723301
3832 0.732158
3833 0.726932
3834 0.727783
3835 0.729098
3836 0.731981
3837 0.725416
3838 0.731413
3839 0.73073
3840 0.736745
3841 0.731773
3842 0.729325
3843 0.731335
3844 0.729952
3845 0.733173
3846 0.729999
3847 0.733186
3848 0.725835
3849 0.731668
3850 0.731182
3851 0.734332
3852 0.736924
3853 0.730959
3854 0.727933
3855 0.73065
3856 0.733723
3857 0.732632
3858 0.732376
3859 0.730682
3860 0.72884
3861 0.732891
3862 0.730984
3863 0.736705
3864 0.728308
3865 0.730201
3866 0.731781
3867 0.733309
3868 0.73472
3869 0.735515
3870 0.732702
3871 0.73325
3872 0.731705
3873 0.72748
3874 0.738017
3875 0.728522
3876 0.73188
3877 0.733166
3878 0.732667
3879 0.736047
3880 0.734604
3881 0.736586
3882 0.736364
3883 0.733229
3884 0.732221
3885 0.733549
3886 0.739638
3887 0.735591
3888 0.731918
3889 0.738335
3890 0.736082
3891 0.739222
3892 0.735686
3893 0.737994
3894 0.732698
3895 0.72909
3896 0.73865
3897 0.73586
3898 0.739534
3899 0.734838
3900 0.733467
3901 0.738337
3902 0.737741
3903 0.735042
3904 0.740492
3905 0.734588
3906 0.733668
3907 0.736581
3908 0.728896
3909 0.733292
3910 0.735492
3911 0.737037
3912 0.73503
3913 0.739626
3914 0.735397
3915 0.736856
3916 0.738389
3917 0.740997
3918 0.74335
3919 0.732901
3920 0.742017
3921 0.739046
3922 0.735357
3923 0.736594
3924 0.733211
3925 0.739794
3926 0.732431
3927 0.737861
3928 0.736647
3929 0.737244
3930 0.74171
3931 0.733786
3932 0.736462
3933 0.735374
3934 0.742702
3935 0.737349
3936 0.73362
3937 0.738029
3938 0.74372
3939 0.743865
3940 0.743943
3941 0.738147
3942 0.735596
3943 0.738261
3944 0.739645
3945 0.739889
3946 0.735297
3947 0.743028
3948 0.73667
3949 0.7385
3950 0.737561
3951 0.741925
3952 0.734398
3953 0.736495
3954 0.740352
3955 0.736125
3956 0.737416
3957 0.731811
3958 0.741971
3959 0.736768
3960 0.736446
3961 0.742212
3962 0.73596
3963 0.738417
3964 0.732874
3965 0.732201
3966 0.73494
3967 0.738347
3968 0.737458
3969 0.744225
3970 0.731723
3971 0.739108
3972 0.745559
3973 0.735448
3974 0.7458
3975 0.742803
3976 0.740274
3977 0.743435
3978 0.745746
3979 0.742558
3980 0.741718
3981 0.734404
3982 0.74684
3983 0.744017
3984 0.745235
3985 0.739323
3986 0.745289
3987 0.741773
3988 0.734594
3989 0.742212
3990 0.741031
3991 0.74363
3992 0.741771
3993 0.739453
3994 0.740821
3995 0.743228
3996 0.739936
3997 0.744851
3998 0.741686
3999 0.74585
4000 0.736092
4001 0.741166
4002 0.745554
4003 0.742975
4004 0.737321
4005 0.747497
4006 0.743844
4007 0.736231
4008 0.740758
4009 0.741974
4010 0.743742
4011 0.741004
4012 0.740039
4013 0.740652
4014 0.740779
4015 0.746069
4016 0.743338
4017 0.741262
4018 0.74332
4019 0.744788
4020 0.743048
4021 0.744449
4022 0.742347
4023 0.745411
4024 0.743641
4025 0.748315
4026 0.743956
4027 0.745326
4028 0.738292
4029 0.739848
4030 0.745108
4031 0.745341
4032 0.750727
4033 0.746581
4034 0.743232
4035 0.746646
4036 0.747104
4037 0.736452
4038 0.74735
4039 0.738176
4040 0.746542
4041 0.745336
4042 0.747449
4043 0.742374
4044 0.743721
4045 0.747549
4046 0.741632
4047 0.745863
4048 0.740131
4049 0.745788
4050 0.741603
4051 0.746936
4052 0.741008
4053 0.743183
4054 0.745938
4055 0.7396
4056 0.746556
4057 0.742647
4058 0.74429
4059 0.743325
4060 0.740045
4061 0.744617
4062 0.742521
4063 0.746313
4064 0.748425
4065 0.746916
4066 0.747072
4067 0.748606
4068 0.749331
4069 0.741645
4070 0.745309
4071 0.750688
4072 0.742684
4073 0.741953
4074 0.743813
4075 0.743181
4076 0.74749
4077 0.747386
4078 0.749272
4079 0.747453
4080 0.748597
4081 0.747597
4082 0.753029
4083 0.743718
4084 0.740897
4085 0.741718
4086 0.751157
4087 0.746648
4088 0.751147
4089 0.741652
4090 0.75068
4091 0.744945
4092 0.749217
4093 0.742393
4094 0.747001
4095 0.745093
4096 0.745943
4097 0.74664
4098 0.745092
4099 0.750378
4100 0.74947
4101 0.743852
4102 0.743958
4103 0.747937
4104 0.742438
4105 0.745776
4106 0.748806
4107 0.748135
4108 0.751498
4109 0.75338
4110 0.742192
4111 0.750192
4112 0.741714
4113 0.757819
4114 0.747636
4115 0.746861
4116 0.749092
4117 0.746955
4118 0.747025
4119 0.750626
4120 0.750862
4121 0.747742
4122 0.745892
4123 0.745988
4124 0.748832
4125 0.746315
4126 0.751122
4127 0.747716
4128 0.743024
4129 0.745789
4130 0.751264
4131 0.746499
4132 0.752014
4133 0.749716
4134 0.744938
4135 0.750517
4136 0.743973
4137 0.743379
4138 0.751913
4139 0.750124
4140 0.750713
4141 0.747779
4142 0.742892
4143 0.750939
4144 0.748619
4145 0.749209
4146 0.750684
4147 0.749885
4148 0.754205
4149 0.75644
4150 0.747594
4151 0.747292
4152 0.747082
4153 0.747016
4154 0.747324
4155 0.75109
4156 0.746048
4157 0.745891
4158 0.744803
4159 0.749813
4160 0.749007
4161 0.75127
4162 0.753858
4163 0.74999
4164 0.75165
4165 0.746729
4166 0.752454
4167 0.748777
4168 0.749949
4169 0.7555
4170 0.747871
4171 0.746993
4172 0.746981
4173 0.749821
4174 0.754465
4175 0.750477
4176 0.752857
4177 0.753257
4178 0.746495
4179 0.749976
4180 0.749419
4181 0.748628
4182 0.748419
4183 0.752828
4184 0.746452
4185 0.746425
4186 0.747705
4187 0.75204
4188 0.748853
4189 0.752775
4190 0.752768
4191 0.750036
4192 0.75057
4193 0.753825
4194 0.746339
4195 0.754193
4196 0.750274
4197 0.749369
4198 0.751419
4199 0.752977
4200 0.746947
4201 0.74774
4202 0.751329
4203 0.755386
4204 0.746939
4205 0.749288
4206 0.752643
4207 0.75126
4208 0.751506
4209 0.750504
4210 0.748913
4211 0.751761
4212 0.752138
4213 0.750185
4214 0.747054
4215 0.749933
4216 0.751143
4217 0.750082
4218 0.751239
4219 0.74703
4220 0.749379
4221 0.750397
4222 0.74796
4223 0.752503
4224 0.749988
4225 0.747551
4226 0.749077
4227 0.748147
4228 0.752238
4229 0.751247
4230 0.745101
4231 0.751335
4232 0.748332
4233 0.754855
4234 0.749024
4235 0.754198
4236 0.749521
4237 0.753398
4238 0.75376
4239 0.752659
4240 0.753234
4241 0.751711
4242 0.752408
4243 0.751577
4244 0.751651
4245 0.753252
4246 0.75032
4247 0.751346
4248 0.744998
4249 0.752157
4250 0.750811
4251 0.750027
4252 0.751205
4253 0.75444
4254 0.748517
4255 0.747245
4256 0.751665
4257 0.749403
4258 0.749165
4259 0.753673
4260 0.747807
4261 0.757171
4262 0.748547
4263 0.750952
4264 0.751668
4265 0.75378
4266 0.75303
4267 0.750498
4268 0.754978
4269 0.749936
4270 0.7531
4271 0.753414
4272 0.748506
4273 0.75029
4274 0.753288
4275 0.75257
4276 0.752159
4277 0.755426
4278 0.74832
4279 0.753879
4280 0.754262
4281 0.752113
4282 0.751217
4283 0.75504
4284 0.750838
4285 0.75144
4286 0.755392
4287 0.752664
4288 0.752187
4289 0.749804
4290 0.754016
4291 0.753857
4292 0.7538
4293 0.751521
4294 0.751467
4295 0.752647
4296 0.752106
4297 0.751025
4298 0.749179
4299 0.755065
4300 0.750112
4301 0.750342
4302 0.753189
4303 0.752417
4304 0.747243
4305 0.751015
4306 0.749876
4307 0.750291
4308 0.750551
4309 0.754737
4310 0.752994
4311 0.75277
4312 0.747849
4313 0.754089
4314 0.755966
4315 0.751006
4316 0.750557
4317 0.753058
4318 0.750846
4319 0.747573
4320 0.753541
4321 0.751503
4322 0.752271
4323 0.755513
4324 0.75061
4325 0.750577
4326 0.752777
4327 0.754797
4328 0.752446
4329 0.752155
4330 0.751355
4331 0.750997
4332 0.751981
4333 0.750427
4334 0.757198
4335 0.751262
4336 0.752804
4337 0.750772
4338 0.754301
4339 0.751544
4340 0.751773
4341 0.75219
4342 0.751735
4343 0.749615
4344 0.752889
4345 0.752014
4346 0.753586
4347 0.752108
4348 0.753844
4349 0.754727
4350 0.752613
4351 0.751919
4352 0.750965
4353 0.751568
4354 0.747623
4355 0.751936
4356 0.751129
4357 0.751494
4358 0.7516
4359 0.753878
4360 0.750335
4361 0.75345
4362 0.750655
4363 0.752698
4364 0.752792
4365 0.750938
4366 0.749353
4367 0.751851
4368 0.748611
4369 0.755135
4370 0.75647
4371 0.753797
4372 0.749058
4373 0.75386
4374 0.753652
4375 0.751512
4376 0.753794
4377 0.754881
4378 0.749613
4379 0.75071
4380 0.754245
4381 0.74983
4382 0.752563
4383 0.750536
4384 0.755315
4385 0.753703
4386 0.755075
4387 0.753551
4388 0.75023
4389 0.750828
4390 0.753266
4391 0.751644
4392 0.753713
4393 0.749548
4394 0.753371
4395 0.75101
4396 0.750141
4397 0.747912
4398 0.754046
4399 0.751726
4400 0.752506
4401 0.748882
4402 0.752795
4403 0.749714
4404 0.75339
4405 0.751528
4406 0.750499
4407 0.751876
4408 0.749658
4409 0.751074
4410 0.748186
4411 0.75155
4412 0.7516
4413 0.753177
4414 0.751741
4415 0.752644
4416 0.751234
4417 0.754467
4418 0.753239
4419 0.749525
4420 0.751285
4421 0.752286
4422 0.753674
4423 0.751924
4424 0.752754
4425 0.753779
4426 0.752033
4427 0.751509
4428 0.751619
4429 0.75117
4430 0.750739
4431 0.750672
4432 0.752616
4433 0.754836
4434 0.753195
4435 0.752439
4436 0.749688
4437 0.751536
4438 0.749319
4439 0.751811
4440 0.752763
4441 0.753123
4442 0.749881
4443 0.749649
4444 0.752627
4445 0.752863
4446 0.752956
4447 0.752247
4448 0.753392
4449 0.752417
4450 0.749702
4451 0.753922
4452 0.753215
4453 0.751485
4454 0.75359
4455 0.74955
4456 0.751589
4457 0.751473
4458 0.752045
4459 0.751142
4460 0.751005
4461 0.750995
4462 0.752303
4463 0.753183
4464 0.752626
4465 0.753
4466 0.749258
4467 0.750069
4468 0.752148
4469 0.751208
4470 0.753892
4471 0.750407
4472 0.748288
4473 0.751656
4474 0.751418
4475 0.749879
4476 0.750725
4477 0.753396
4478 0.750514
4479 0.753226
4480 0.750237
4481 0.750917
4482 0.749182
4483 0.752753
4484 0.751861
4485 0.748177
4486 0.751041
4487 0.749907
4488 0.753382
4489 0.752313
4490 0.752466
4491 0.752168
4492 0.751252
4493 0.752371
4494 0.749885
4495 0.750434
4496 0.751329
4497 0.75078
4498 0.752244
4499 0.750081
4500 0.750461
4501 0.753051
4502 0.750208
4503 0.749525
4504 0.748878
4505 0.750708
4506 0.750046
4507 0.751688
4508 0.751117
4509 0.751302
4510 0.751209
4511 0.75076
4512 0.749338
4513 0.751888
4514 0.751693
4515 0.751555
4516 0.750314
4517 0.749062
4518 0.75113
4519 0.750344
4520 0.749422
4521 0.750712
4522 0.751288
4523 0.750525
4524 0.751325
4525 0.752166
4526 0.749529
4527 0.751356
4528 0.75046
4529 0.74991
4530 0.749217
4531 0.751012
4532 0.750536
4533 0.74766
4534 0.750585
4535 0.750389
4536 0.750508
4537 0.750889
4538 0.748893
4539 0.75143
4540 0.74866
4541 0.751063
4542 0.750083
4543 0.749016
4544 0.749637
4545 0.750838
4546 0.749392
4547 0.750087
4548 0.750368
4549 0.75147
4550 0.74996
4551 0.748036
4552 0.750027
4553 0.751737
4554 0.748704
4555 0.75031
4556 0.748178
4557 0.749632
4558 0.752387
4559 0.751699
4560 0.751111
4561 0.74953
4562 0.751772
4563 0.750216
4564 0.748938
4565 0.750305
4566 0.750245
4567 0.749751
4568 0.751668
4569 0.750372
4570 0.751363
4571 0.750592
4572 0.749671
4573 0.749559
4574 0.748212
4575 0.748792
4576 0.748032
4577 0.749426
4578 0.749617
4579 0.74993
4580 0.749837
4581 0.748578
4582 0.749097
4583 0.749408
4584 0.750713
4585 0.749862
4586 0.747286
4587 0.749637
4588 0.74904
4589 0.746892
4590 0.748835
4591 0.750332
4592 0.749809
4593 0.749167
4594 0.749156
4595 0.74776
4596 0.749256
4597 0.747492
4598 0.749462
4599 0.749466
4600 0.749924
4601 0.747152
4602 0.747926
4603 0.748335
4604 0.750373
4605 0.74952
4606 0.748414
4607 0.748579
4608 0.747808
4609 0.747742
4610 0.749122
4611 0.749739
4612 0.748611
4613 0.750694
4614 0.748243
4615 0.749422
4616 0.748065
4617 0.7486
4618 0.748283
4619 0.747916
4620 0.749186
4621 0.746531
4622 0.745971
4623 0.748954
4624 0.748064
4625 0.749369
4626 0.7493
4627 0.746559
4628 0.747062
4629 0.745892
4630 0.748852
4631 0.748123
4632 0.747115
4633 0.749625
4634 0.748786
4635 0.748302
4636 0.748282
4637 0.748514
4638 0.74771
4639 0.747178
4640 0.748512
4641 0.747992
4642 0.748555
4643 0.749291
4644 0.747222
4645 0.749583
4646 0.748456
4647 0.747253
4648 0.746014
4649 0.749768
4650 0.747505
4651 0.747036
4652 0.746813
4653 0.74773
4654 0.749399
4655 0.748193
4656 0.747954
4657 0.746832
4658 0.747427
4659 0.74954
4660 0.747674
4661 0.746597
4662 0.748948
4663 0.747075
4664 0.746657
4665 0.748177
4666 0.747866
4667 0.748134
4668 0.748127
4669 0.749268
4670 0.748679
4671 0.747306
4672 0.748794
4673 0.747747
4674 0.749019
4675 0.747808
4676 0.74589
4677 0.747734
4678 0.746962
4679 0.747452
4680 0.747753
4681 0.748143
4682 0.747732
4683 0.747076
4684 0.747831
4685 0.747724
4686 0.748118
4687 0.749063
4688 0.747648
4689 0.747584
4690 0.744036
4691 0.748334
4692 0.745717
4693 0.747233
4694 0.747167
4695 0.747486
4696 0.747649
4697 0.745383
4698 0.74635
4699 0.746845
4700 0.746931
4701 0.74829
4702 0.74828
4703 0.747386
4704 0.747566
4705 0.746837
4706 0.747674
4707 0.74596
4708 0.744613
4709 0.747726
4710 0.747001
4711 0.747419
4712 0.746515
4713 0.747367
4714 0.747615
4715 0.747886
4716 0.747103
4717 0.746421
4718 0.746907
4719 0.746037
4720 0.746816
4721 0.746946
4722 0.74664
4723 0.746681
4724 0.747077
4725 0.745297
4726 0.748061
4727 0.746759
4728 0.746344
4729 0.744837
4730 0.746913
4731 0.747624
4732 0.746926
4733 0.746087
4734 0.746253
4735 0.746247
4736 0.745831
4737 0.746077
4738 0.746541
4739 0.745365
4740 0.745617
4741 0.747268
4742 0.747776
4743 0.745657
4744 0.747565
4745 0.745766
4746 0.746386
4747 0.745759
4748 0.744881
4749 0.7455
4750 0.746188
4751 0.747451
4752 0.746156
4753 0.746097
4754 0.74399
4755 0.743742
4756 0.74593
4757 0.746112
4758 0.744752
4759 0.745938
4760 0.745849
4761 0.745095
4762 0.743292
4763 0.747058
4764 0.745195
4765 0.746008
4766 0.744803
4767 0.746117
4768 0.74483
4769 0.74498
4770 0.744947
4771 0.744851
4772 0.746071
4773 0.74608
4774 0.744442
4775 0.745581
4776 0.745582
4777 0.745264
4778 0.745723
4779 0.745186
4780 0.7461
4781 0.745165
4782 0.745947
4783 0.746447
4784 0.745722
4785 0.745627
4786 0.74524
4787 0.744851
4788 0.74564
4789 0.744512
4790 0.744423
4791 0.745768
4792 0.74566
4793 0.744736
4794 0.745052
4795 0.744915
4796 0.744415
4797 0.743597
4798 0.744439
4799 0.745884
4800 0.746004
4801 0.745469
4802 0.745181
4803 0.745605
4804 0.744105
4805 0.746391
4806 0.74448
4807 0.743855
4808 0.744548
4809 0.744176
4810 0.742776
4811 0.744888
4812 0.744061
4813 0.745583
4814 0.744744
4815 0.745483
4816 0.744926
4817 0.744389
4818 0.743309
4819 0.744787
4820 0.744072
4821 0.746567
4822 0.743016
4823 0.743283
4824 0.74516
4825 0.744212
4826 0.745366
4827 0.744349
4828 0.744294
4829 0.743768
4830 0.744468
4831 0.743323
4832 0.744949
4833 0.744008
4834 0.744323
4835 0.744294
4836 0.745301
4837 0.74396
4838 0.743451
4839 0.743839
4840 0.743721
4841 0.744373
4842 0.744088
4843 0.743995
4844 0.744449
4845 0.744017
4846 0.745432
4847 0.744433
4848 0.743603
4849 0.743677
4850 0.744052
4851 0.744429
4852 0.743937
4853 0.74344
4854 0.743527
4855 0.742552
4856 0.743735
4857 0.744189
4858 0.743249
4859 0.743407
4860 0.743689
4861 0.744191
4862 0.743877
4863 0.74406
4864 0.743335
4865 0.744389
4866 0.744001
4867 0.744762
4868 0.742386
4869 0.742601
4870 0.743103
4871 0.744743
4872 0.743164
4873 0.743809
4874 0.744325
4875 0.74474
4876 0.744574
4877 0.744078
4878 0.743189
4879 0.743142
4880 0.743281
4881 0.74327
4882 0.74409
4883 0.743681
4884 0.743994
4885 0.742685
4886 0.742624
4887 0.743327
4888 0.7435
4889 0.743535
4890 0.742894
4891 0.743046
4892 0.742211
4893 0.743436
4894 0.743221
4895 0.744276
4896 0.743051
4897 0.742686
4898 0.743155
4899 0.742606
4900 0.744257
4901 0.741475
4902 0.742039
4903 0.744371
4904 0.741633
4905 0.743718
4906 0.743445
4907 0.743
4908 0.743004
4909 0.744382
4910 0.742785
4911 0.743223
4912 0.742622
4913 0.743024
4914 0.743058
4915 0.743169
4916 0.741857
4917 0.743259
4918 0.742269
4919 0.742971
4920 0.742635
4921 0.742586
4922 0.742528
4923 0.741511
4924 0.741616
4925 0.743203
4926 0.742588
4927 0.741934
4928 0.74285
4929 0.743016
4930 0.742722
4931 0.743246
4932 0.741942
4933 0.741996
4934 0.74311
4935 0.741892
4936 0.741247
4937 0.742599
4938 0.741483
4939 0.743163
4940 0.742006
4941 0.742959
4942 0.741869
4943 0.74259
4944 0.742167
4945 0.74089
4946 0.742097
4947 0.740919
4948 0.742332
4949 0.743093
4950 0.741572
4951 0.74232
4952 0.741695
4953 0.742444
4954 0.741991
4955 0.742676
4956 0.741894
4957 0.742108
4958 0.741726
4959 0.740789
4960 0.742129
4961 0.742303
4962 0.74231
4963 0.742312
4964 0.741824
4965 0.741614
4966 0.743439
4967 0.742359
4968 0.741605
4969 0.741663
4970 0.741668
4971 0.741182
4972 0.741373
4973 0.742715
4974 0.741805
4975 0.741447
4976 0.741341
4977 0.741256
4978 0.739858
4979 0.742061
4980 0.742556
4981 0.741289
4982 0.741545
4983 0.740862
4984 0.741888
4985 0.742161
4986 0.74103
4987 0.741051
4988 0.74079
4989 0.742408
4990 0.741381
4991 0.741561
4992 0.741253
4993 0.740623
4994 0.742096
4995 0.741126
4996 0.741129
4997 0.741622
4998 0.741647
4999 0.740815
