100 2.9835
101 2.97158
102 2.95586
103 2.86615
104 2.62812
105 2.54862
106 2.60364
107 2.82848
108 2.71529
109 2.7134
110 2.49
111 2.91529
112 2.91632
113 2.92445
114 2.67188
115 2.79369
116 2.88358
117 2.65826
118 2.87694
119 2.86025
120 2.84246
121 2.75881
122 2.53088
123 2.74124
124 2.84286
125 2.7226
126 2.94548
127 2.72669
128 2.18735
129 2.92408
130 2.8044
131 2.91373
132 2.79826
133 2.60524
134 2.83049
135 2.78071
136 2.89449
137 2.77401
138 2.77376
139 2.77897
140 2.65409
141 2.87592
142 2.8535
143 2.74864
144 2.64324
145 2.64106
146 2.63729
147 2.859
148 2.63232
149 2.848
150 2.61631
151 2.94084
152 2.864
153 2.72647
154 2.83461
155 2.80555
156 2.73118
157 2.70396
158 2.72178
159 2.60812
160 2.80683
161 2.68301
162 2.79939
163 2.69157
164 2.78847
165 2.70108
166 2.66978
167 2.66604
168 2.80824
169 2.67277
170 2.67176
171 2.75364
172 2.64911
173 2.74521
174 2.76827
175 2.65988
176 2.66396
177 2.74214
178 2.74866
179 2.82896
180 2.76728
181 2.63647
182 2.3445
183 2.61847
184 2.61531
185 2.71497
186 2.61313
187 2.61978
188 2.62428
189 2.52209
190 2.69214
191 2.70145
192 2.59145
193 2.60577
194 2.80077
195 2.60121
196 2.67578
197 2.58254
198 2.60653
199 2.68726
200 2.59209
201 2.6839
202 2.67533
203 2.66637
204 2.48985
205 2.67535
206 2.47872
207 2.57309
208 2.55954
209 2.48463
210 2.66643
211 2.6542
212 2.56395
213 2.73399
214 2.55974
215 2.6441
216 2.54141
217 2.62952
218 2.75313
219 2.73535
220 2.72502
221 2.66438
222 2.61517
223 2.71986
224 2.62795
225 2.6123
226 2.51972
227 2.60677
228 2.61653
229 2.60436
230 2.5194
231 2.61379
232 2.43076
233 2.68877
234 2.59739
235 2.51488
236 2.5914
237 2.58727
238 2.50739
239 2.58239
240 2.51789
241 2.58998
242 2.67423
243 2.68775
244 2.6822
245 2.59695
246 2.49115
247 2.57235
248 2.58347
249 2.49985
250 2.57414
251 2.65487
252 2.56005
253 2.65186
254 2.55827
255 2.5771
256 2.56345
257 2.65713
258 2.54476
259 2.45345
260 2.65071
261 2.5419
262 2.55193
263 2.62789
264 2.6587
265 2.45585
266 2.64712
267 2.55897
268 2.63263
269 2.63131
270 2.62877
271 2.55084
272 2.61596
273 2.62394
274 2.63163
275 2.6174
276 2.60654
277 2.61818
278 2.51143
279 2.61038
280 2.6061
281 2.51827
282 2.52007
283 2.60906
284 2.51381
285 2.62882
286 2.59006
287 2.59445
288 2.58861
289 2.50737
290 2.50319
291 2.4251
292 2.57971
293 2.51536
294 2.48724
295 2.51129
296 2.51128
297 2.60552
298 2.61138
299 2.40788
300 2.49783
301 2.58495
302 2.5748
303 2.58509
304 2.47109
305 2.57162
306 2.47888
307 2.48093
308 2.5539
309 2.56659
310 2.57422
311 2.56522
312 2.46659
313 2.4714
314 2.66526
315 2.38701
316 2.47243
317 2.54792
318 2.5542
319 2.54273
320 2.55313
321 2.46806
322 2.44619
323 2.54117
324 2.45834
325 2.52943
326 2.44035
327 2.63246
328 2.6358
329 2.46135
330 2.54095
331 2.43367
332 2.36136
333 2.5448
334 2.43111
335 2.5235
336 2.43422
337 2.52019
338 2.44136
339 2.51521
340 2.60813
341 2.52405
342 2.42648
343 2.51172
344 2.50965
345 2.52452
346 2.50228
347 2.50832
348 2.50478
349 2.50632
350 2.42827
351 2.52548
352 2.51398
353 2.51369
354 2.49447
355 2.40462
356 2.41133
357 2.5789
358 2.41872
359 2.4147
360 2.49991
361 2.49478
362 2.48764
363 2.4974
364 2.49286
365 2.49156
366 2.40556
367 2.48529
368 2.47317
369 2.48833
370 2.50275
371 2.39285
372 2.31641
373 2.4767
374 2.47698
375 2.49154
376 2.47917
377 2.4812
378 2.47922
379 2.48156
380 2.47813
381 2.47883
382 2.46155
383 2.389
384 2.46616
385 2.38034
386 2.47001
387 2.4569
388 2.46918
389 2.47737
390 2.38074
391 2.48239
392 2.37808
393 2.45922
394 2.45262
395 2.46341
396 2.57186
397 2.46229
398 2.53463
399 2.38376
400 2.46576
401 2.45302
402 2.45556
403 2.5267
404 2.36796
405 2.45091
406 2.45816
407 2.44943
408 2.36955
409 2.43214
410 2.42998
411 2.54646
412 2.44871
413 2.45858
414 2.43755
415 2.43796
416 2.4509
417 2.44104
418 2.43848
419 2.43392
420 2.43508
421 2.44045
422 2.52817
423 2.42257
424 2.34993
425 2.3412
426 2.51339
427 2.41289
428 2.41631
429 2.42858
430 2.42511
431 2.41372
432 2.34493
433 2.5348
434 2.41002
435 2.4221
436 2.5041
437 2.51642
438 2.33314
439 2.41913
440 2.42889
441 2.50206
442 2.3996
443 2.40611
444 2.39929
445 2.41107
446 2.39843
447 2.48829
448 2.39375
449 2.41071
450 2.41062
451 2.48052
452 2.40639
453 2.49792
454 2.40163
455 2.40888
456 2.40428
457 2.39699
458 2.39898
459 2.47598
460 2.48431
461 2.399
462 2.39961
463 2.48266
464 2.4648
465 2.39356
466 2.39893
467 2.39647
468 2.38264
469 2.47332
470 2.3785
471 2.47023
472 2.46029
473 2.39768
474 2.48337
475 2.47767
476 2.46293
477 2.38735
478 2.45309
479 2.46047
480 2.47008
481 2.38815
482 2.37942
483 2.36719
484 2.44676
485 2.37267
486 2.29744
487 2.36261
488 2.38003
489 2.4431
490 2.44954
491 2.44209
492 2.3769
493 2.45337
494 2.36052
495 2.46307
496 2.44517
497 2.3593
498 2.45401
499 2.35509
500 2.43833
501 2.27377
502 2.35117
503 2.36801
504 2.44345
505 2.43252
506 2.4435
507 2.43251
508 2.3491
509 2.44357
510 2.43496
511 2.36426
512 2.36034
513 2.34727
514 2.45227
515 2.43118
516 2.36119
517 2.43496
518 2.35722
519 2.41976
520 2.44035
521 2.42901
522 2.27284
523 2.42329
524 2.35001
525 2.44108
526 2.33453
527 2.41969
528 2.42216
529 2.3484
530 2.44577
531 2.41937
532 2.42263
533 2.42835
534 2.34762
535 2.42653
536 2.42651
537 2.42605
538 2.40991
539 2.40918
540 2.40498
541 2.40859
542 2.40928
543 2.40547
544 2.32756
545 2.40257
546 2.42618
547 2.49945
548 2.32084
549 2.32479
550 2.41038
551 2.40973
552 2.34102
553 2.41792
554 2.32679
555 2.3324
556 2.32716
557 2.31463
558 2.409
559 2.32025
560 2.32643
561 2.32626
562 2.39789
563 2.41023
564 2.39277
565 2.39179
566 2.32242
567 2.41177
568 2.31934
569 2.403
570 2.32165
571 2.39657
572 2.3833
573 2.3842
574 2.3988
575 2.49608
576 2.38239
577 2.38067
578 2.39135
579 2.39299
580 2.37938
581 2.38062
582 2.3111
583 2.39232
584 2.30434
585 2.41406
586 2.39968
587 2.31883
588 2.30755
589 2.38725
590 2.31083
591 2.305
592 2.39044
593 2.30528
594 2.37306
595 2.28733
596 2.47187
597 2.37974
598 2.30452
599 2.36576
600 2.36313
601 2.36617
602 2.38469
603 2.47562
604 2.37072
605 2.3765
606 2.3734
607 2.39634
608 2.36588
609 2.35893
610 2.47253
611 2.39194
612 2.36018
613 2.4618
614 2.36148
615 2.35753
616 2.35809
617 2.35576
618 2.36918
619 2.37562
620 2.36874
621 2.29054
622 2.36534
623 2.28662
624 2.43655
625 2.35215
626 2.34993
627 2.37544
628 2.44427
629 2.3495
630 2.36169
631 2.36075
632 2.34307
633 2.35052
634 2.34775
635 2.3629
636 2.34928
637 2.36008
638 2.35837
639 2.36475
640 2.37443
641 2.26094
642 2.35782
643 2.35285
644 2.34021
645 2.27355
646 2.37172
647 2.36001
648 2.35238
649 2.34873
650 2.26346
651 2.35323
652 2.35571
653 2.42365
654 2.33666
655 2.34251
656 2.34361
657 2.35572
658 2.43841
659 2.35048
660 2.34671
661 2.342
662 2.33043
663 2.3456
664 2.35143
665 2.333
666 2.33229
667 2.41617
668 2.34017
669 2.26022
670 2.34037
671 2.26341
672 2.33314
673 2.34325
674 2.39935
675 2.33849
676 2.33348
677 2.32534
678 2.34284
679 2.41952
680 2.334
681 2.35535
682 2.31842
683 2.33457
684 2.33046
685 2.34414
686 2.33153
687 2.32989
688 2.25022
689 2.32949
690 2.39606
691 2.41108
692 2.31262
693 2.32457
694 2.31409
695 2.3309
696 2.38931
697 2.39597
698 2.32381
699 2.31389
700 2.32109
701 2.31387
702 2.31218
703 2.31131
704 2.32064
705 2.30804
706 2.30689
707 2.32589
708 2.32892
709 2.38163
710 2.32124
711 2.3274
712 2.31727
713 2.39235
714 2.31558
715 2.31285
716 2.30334
717 2.40324
718 2.31807
719 2.3042
720 2.3027
721 2.23528
722 2.3901
723 2.38648
724 2.37458
725 2.31045
726 2.30119
727 2.38705
728 2.3077
729 2.30955
730 2.37628
731 2.39162
732 2.38449
733 2.31645
734 2.30126
735 2.29278
736 2.30497
737 2.30506
738 2.38995
739 2.37332
740 2.30469
741 2.30551
742 2.29234
743 2.30398
744 2.30232
745 2.37275
746 2.38437
747 2.29948
748 2.30088
749 2.30354
750 2.28506
751 2.30044
752 2.36116
753 2.28984
754 2.37813
755 2.28538
756 2.36639
757 2.28102
758 2.28819
759 2.37155
760 2.29814
761 2.28432
762 2.29252
763 2.2982
764 2.2937
765 2.27799
766 2.36484
767 2.37536
768 2.27808
769 2.3655
770 2.29017
771 2.29036
772 2.35341
773 2.29035
774 2.38596
775 2.28607
776 2.28984
777 2.37599
778 2.2845
779 2.38702
780 2.27043
781 2.36682
782 2.36458
783 2.27409
784 2.29092
785 2.34878
786 2.34929
787 2.3455
788 2.27031
789 2.36715
790 2.34108
791 2.34712
792 2.36621
793 2.34603
794 2.37002
795 2.28
796 2.35073
797 2.34462
798 2.27947
799 2.2801
800 2.2671
801 2.26477
802 2.27798
803 2.27276
804 2.3698
805 2.26345
806 2.33684
807 2.36591
808 2.27178
809 2.33368
810 2.34532
811 2.33533
812 2.33561
813 2.43825
814 2.34258
815 2.25912
816 2.35821
817 2.26608
818 2.33542
819 2.26769
820 2.26782
821 2.27024
822 2.33686
823 2.26838
824 2.2576
825 2.34171
826 2.2665
827 2.26424
828 2.26705
829 2.33161
830 2.25264
831 2.36325
832 2.26185
833 2.26451
834 2.25374
835 2.27199
836 2.26006
837 2.33152
838 2.33496
839 2.32772
840 2.3242
841 2.26225
842 2.33167
843 2.26169
844 2.32019
845 2.3272
846 2.25963
847 2.24558
848 2.33441
849 2.31886
850 2.31744
851 2.25682
852 2.32274
853 2.32226
854 2.32578
855 2.32024
856 2.33238
857 2.32439
858 2.318
859 2.32719
860 2.33558
861 2.25124
862 2.32691
863 2.32983
864 2.32096
865 2.31461
866 2.32493
867 2.32247
868 2.31295
869 2.31573
870 2.25001
871 2.31094
872 2.23833
873 2.32369
874 2.30825
875 2.23605
876 2.24618
877 2.31934
878 2.30906
879 2.2457
880 2.31115
881 2.32209
882 2.30903
883 2.31809
884 2.30542
885 2.31377
886 2.30404
887 2.24318
888 2.24369
889 2.31326
890 2.30786
891 2.3149
892 2.30739
893 2.30169
894 2.22795
895 2.29691
896 2.30866
897 2.23814
898 2.244
899 2.29944
900 2.30149
901 2.30297
902 2.23576
903 2.30921
904 2.23523
905 2.31932
906 2.30279
907 2.31089
908 2.30582
909 2.30625
910 2.30517
911 2.30067
912 2.29893
913 2.29493
914 2.22541
915 2.22948
916 2.30542
917 2.29556
918 2.30284
919 2.297
920 2.29845
921 2.29107
922 2.23385
923 2.22883
924 2.29433
925 2.30687
926 2.29054
927 2.29168
928 2.28917
929 2.2247
930 2.31286
931 2.29299
932 2.28667
933 2.28931
934 2.29721
935 2.29565
936 2.29079
937 2.31961
938 2.22436
939 2.28918
940 2.28925
941 2.28632
942 2.29444
943 2.29514
944 2.27933
945 2.29844
946 2.27888
947 2.2932
948 2.28302
949 2.28028
950 2.28665
951 2.29082
952 2.28595
953 2.28922
954 2.28326
955 2.29706
956 2.21541
957 2.21425
958 2.28608
959 2.29139
960 2.28418
961 2.28101
962 2.21543
963 2.28115
964 2.29978
965 2.27676
966 2.2866
967 2.27416
968 2.36453
969 2.2809
970 2.28929
971 2.29586
972 2.27869
973 2.27696
974 2.21076
975 2.27619
976 2.27204
977 2.27315
978 2.27416
979 2.20899
980 2.27255
981 2.26926
982 2.27913
983 2.2825
984 2.27634
985 2.28417
986 2.27825
987 2.28249
988 2.28181
989 2.27736
990 2.29176
991 2.26762
992 2.28076
993 2.27521
994 2.27199
995 2.3681
996 2.26975
997 2.29034
998 2.28034
999 2.26665
1000 2.30129
1001 2.27582
1002 2.28091
1003 2.27878
1004 2.26321
1005 2.27382
1006 2.27341
1007 2.26379
1008 2.26634
1009 2.25948
1010 2.35931
1011 2.2691
1012 2.28262
1013 2.27644
1014 2.2704
1015 2.26094
1016 2.27235
1017 2.26997
1018 2.27859
1019 2.26532
1020 2.25574
1021 2.27139
1022 2.26105
1023 2.27613
1024 2.2674
1025 2.2852
1026 2.26828
1027 2.25546
1028 2.26675
1029 2.26524
1030 2.25333
1031 2.27226
1032 2.25641
1033 2.28308
1034 2.26704
1035 2.25417
1036 2.25304
1037 2.33335
1038 2.24984
1039 2.25683
1040 2.26447
1041 2.3305
1042 2.25686
1043 2.3353
1044 2.25786
1045 2.25735
1046 2.24952
1047 2.24972
1048 2.25924
1049 2.25919
1050 2.25797
1051 2.24785
1052 2.34605
1053 2.24724
1054 2.18344
1055 2.26026
1056 2.257
1057 2.33283
1058 2.2493
1059 2.24579
1060 2.24515
1061 2.25081
1062 2.24774
1063 2.31735
1064 2.25537
1065 2.25446
1066 2.2454
1067 2.24601
1068 2.25304
1069 2.25196
1070 2.25582
1071 2.24589
1072 2.24311
1073 2.24539
1074 2.24588
1075 2.23851
1076 2.24066
1077 2.26597
1078 2.33777
1079 2.24246
1080 2.24003
1081 2.31618
1082 2.23884
1083 2.31784
1084 2.24182
1085 2.23968
1086 2.2416
1087 2.23513
1088 2.23783
1089 2.23851
1090 2.2351
1091 2.24075
1092 2.24172
1093 2.24977
1094 2.24506
1095 2.2428
1096 2.23746
1097 2.23433
1098 2.24252
1099 2.23698
1100 2.24334
1101 2.33138
1102 2.31357
1103 2.23321
1104 2.24327
1105 2.23958
1106 2.23448
1107 2.3314
1108 2.24651
1109 2.24398
1110 2.24526
1111 2.30463
1112 2.23174
1113 2.2532
1114 2.23052
1115 2.23204
1116 2.24405
1117 2.23789
1118 2.24096
1119 2.234
1120 2.30338
1121 2.22899
1122 2.22665
1123 2.30048
1124 2.31333
1125 2.23997
1126 2.23587
1127 2.2357
1128 2.22259
1129 2.31686
1130 2.2299
1131 2.2237
1132 2.2368
1133 2.29702
1134 2.23358
1135 2.2224
1136 2.29298
1137 2.32252
1138 2.22415
1139 2.23399
1140 2.2404
1141 2.23379
1142 2.24262
1143 2.31457
1144 2.30336
1145 2.23153
1146 2.23346
1147 2.23487
1148 2.31254
1149 2.23899
1150 2.22454
1151 2.30381
1152 2.23108
1153 2.23103
1154 2.30586
1155 2.23077
1156 2.30245
1157 2.22022
1158 2.31461
1159 2.21535
1160 2.30891
1161 2.21821
1162 2.21866
1163 2.21577
1164 2.22964
1165 2.23066
1166 2.3119
1167 2.22471
1168 2.2254
1169 2.22817
1170 2.22416
1171 2.23046
1172 2.29243
1173 2.30139
1174 2.22304
1175 2.22839
1176 2.22705
1177 2.21415
1178 2.23459
1179 2.22019
1180 2.22355
1181 2.20839
1182 2.22043
1183 2.21996
1184 2.22053
1185 2.15043
1186 2.22746
1187 2.22152
1188 2.30473
1189 2.3027
1190 2.22267
1191 2.20758
1192 2.28247
1193 2.29989
1194 2.2959
1195 2.29098
1196 2.21957
1197 2.28735
1198 2.31094
1199 2.20641
1200 2.29209
1201 2.29348
1202 2.21296
1203 2.27948
1204 2.311
1205 2.28851
1206 2.27964
1207 2.2833
1208 2.29445
1209 2.21393
1210 2.20165
1211 2.275
1212 2.21432
1213 2.29223
1214 2.22341
1215 2.28649
1216 2.21437
1217 2.20209
1218 2.21169
1219 2.21194
1220 2.20991
1221 2.21013
1222 2.28364
1223 2.21267
1224 2.21041
1225 2.20887
1226 2.20234
1227 2.27854
1228 2.20961
1229 2.20691
1230 2.19809
1231 2.19903
1232 2.27175
1233 2.27109
1234 2.28615
1235 2.19781
1236 2.28421
1237 2.27158
1238 2.19796
1239 2.29648
1240 2.30017
1241 2.20636
1242 2.1952
1243 2.29483
1244 2.2074
1245 2.2069
1246 2.27293
1247 2.29689
1248 2.28649
1249 2.26717
1250 2.20977
1251 2.20352
1252 2.28479
1253 2.29801
1254 2.26699
1255 2.26369
1256 2.2916
1257 2.27234
1258 2.26552
1259 2.19448
1260 2.20412
1261 2.19083
1262 2.20268
1263 2.26688
1264 2.19332
1265 2.20047
1266 2.18951
1267 2.19123
1268 2.26547
1269 2.25664
1270 2.19849
1271 2.19905
1272 2.19435
1273 2.20879
1274 2.19368
1275 2.25858
1276 2.19629
1277 2.26199
1278 2.27532
1279 2.20195
1280 2.27427
1281 2.19451
1282 2.26707
1283 2.18637
1284 2.19516
1285 2.26718
1286 2.26127
1287 2.26339
1288 2.19621
1289 2.18457
1290 2.25349
1291 2.1819
1292 2.28654
1293 2.28279
1294 2.27787
1295 2.26264
1296 2.26576
1297 2.19799
1298 2.25535
1299 2.20005
1300 2.19474
1301 2.25879
1302 2.25392
1303 2.25967
1304 2.19109
1305 2.19129
1306 2.25121
1307 2.25856
1308 2.19493
1309 2.27765
1310 2.18989
1311 2.26191
1312 2.19106
1313 2.25964
1314 2.19953
1315 2.2494
1316 2.24902
1317 2.17763
1318 2.25677
1319 2.24849
1320 2.19106
1321 2.25838
1322 2.27693
1323 2.17437
1324 2.18481
1325 2.25638
1326 2.24929
1327 2.18719
1328 2.25303
1329 2.26649
1330 2.18649
1331 2.26498
1332 2.24227
1333 2.24853
1334 2.24513
1335 2.24617
1336 2.24029
1337 2.26782
1338 2.27117
1339 2.2495
1340 2.17588
1341 2.24607
1342 2.25291
1343 2.24654
1344 2.24057
1345 2.18081
1346 2.24505
1347 2.26178
1348 2.26134
1349 2.24413
1350 2.24419
1351 2.18215
1352 2.24266
1353 2.17482
1354 2.25152
1355 2.23991
1356 2.18474
1357 2.23801
1358 2.24507
1359 2.23777
1360 2.26238
1361 2.18013
1362 2.17523
1363 2.17881
1364 2.24069
1365 2.16804
1366 2.241
1367 2.25766
1368 2.24087
1369 2.25001
1370 2.17868
1371 2.23614
1372 2.17377
1373 2.24253
1374 2.23706
1375 2.17472
1376 2.17491
1377 2.24245
1378 2.23203
1379 2.25869
1380 2.2333
1381 2.24259
1382 2.17506
1383 2.17553
1384 2.24469
1385 2.2402
1386 2.17475
1387 2.25215
1388 2.16022
1389 2.24276
1390 2.23861
1391 2.23717
1392 2.2408
1393 2.17006
1394 2.22746
1395 2.22785
1396 2.24093
1397 2.23841
1398 2.1728
1399 2.16604
1400 2.23946
1401 2.24447
1402 2.24938
1403 2.22969
1404 2.16931
1405 2.2327
1406 2.25708
1407 2.24587
1408 2.17222
1409 2.15665
1410 2.246
1411 2.22481
1412 2.17138
1413 2.23527
1414 2.23859
1415 2.23817
1416 2.16614
1417 2.23447
1418 2.22964
1419 2.23338
1420 2.16279
1421 2.25895
1422 2.23267
1423 2.16937
1424 2.23769
1425 2.22288
1426 2.22184
1427 2.22933
1428 2.22803
1429 2.23885
1430 2.22515
1431 2.23337
1432 2.22747
1433 2.16162
1434 2.15105
1435 2.22716
1436 2.23158
1437 2.21964
1438 2.24415
1439 2.22101
1440 2.22315
1441 2.23854
1442 2.21829
1443 2.22303
1444 2.22383
1445 2.21933
1446 2.16041
1447 2.22776
1448 2.21988
1449 2.21704
1450 2.15752
1451 2.21991
1452 2.16422
1453 2.2342
1454 2.21314
1455 2.22131
1456 2.22486
1457 2.21584
1458 2.14742
1459 2.2247
1460 2.21854
1461 2.22534
1462 2.2323
1463 2.23315
1464 2.2179
1465 2.2214
1466 2.21315
1467 2.14424
1468 2.14537
1469 2.21122
1470 2.22146
1471 2.16198
1472 2.23785
1473 2.21448
1474 2.23161
1475 2.22122
1476 2.2292
1477 2.22333
1478 2.21495
1479 2.21145
1480 2.22279
1481 2.21518
1482 2.22037
1483 2.21563
1484 2.22008
1485 2.21204
1486 2.21774
1487 2.15712
1488 2.15369
1489 2.21927
1490 2.21895
1491 2.21117
1492 2.21332
1493 2.21156
1494 2.22699
1495 2.22245
1496 2.21403
1497 2.20678
1498 2.22586
1499 2.211
1500 2.21621
1501 2.15247
1502 2.21312
1503 2.21027
1504 2.20694
1505 2.21017
1506 2.21936
1507 2.22492
1508 2.20834
1509 2.20983
1510 2.20476
1511 2.21634
1512 2.21355
1513 2.21221
1514 2.20932
1515 2.22557
1516 2.20586
1517 2.20288
1518 2.20457
1519 2.20787
1520 2.20437
1521 2.21479
1522 2.14602
1523 2.21616
1524 2.21694
1525 2.21394
1526 2.20803
1527 2.21861
1528 2.20919
1529 2.23523
1530 2.20327
1531 2.20513
1532 2.20344
1533 2.20395
1534 2.20476
1535 2.20854
1536 2.20916
1537 2.19598
1538 2.20605
1539 2.20464
1540 2.20739
1541 2.13498
1542 2.21695
1543 2.209
1544 2.19855
1545 2.20352
1546 2.20836
1547 2.21675
1548 2.21177
1549 2.20202
1550 2.19859
1551 2.19661
1552 2.19638
1553 2.13934
1554 2.19862
1555 2.1974
1556 2.19876
1557 2.22028
1558 2.19994
1559 2.19674
1560 2.19783
1561 2.20964
1562 2.20359
1563 2.20026
1564 2.19654
1565 2.19795
1566 2.139
1567 2.19201
1568 2.20404
1569 2.19898
1570 2.19369
1571 2.19716
1572 2.19594
1573 2.22513
1574 2.19417
1575 2.19246
1576 2.20603
1577 2.20774
1578 2.19127
1579 2.20997
1580 2.19755
1581 2.19109
1582 2.19092
1583 2.1968
1584 2.19941
1585 2.1876
1586 2.18976
1587 2.1941
1588 2.19518
1589 2.18637
1590 2.21207
1591 2.20996
1592 2.20317
1593 2.18659
1594 2.19185
1595 2.20823
1596 2.18798
1597 2.18886
1598 2.18711
1599 2.19241
1600 2.20187
1601 2.19782
1602 2.18755
1603 2.18678
1604 2.26782
1605 2.20255
1606 2.19008
1607 2.19126
1608 2.19827
1609 2.19666
1610 2.18803
1611 2.18805
1612 2.19691
1613 2.18428
1614 2.19139
1615 2.18342
1616 2.12814
1617 2.18916
1618 2.19209
1619 2.2034
1620 2.19026
1621 2.19294
1622 2.19465
1623 2.18186
1624 2.19596
1625 2.18473
1626 2.18385
1627 2.18238
1628 2.18346
1629 2.1849
1630 2.26072
1631 2.18399
1632 2.1895
1633 2.19538
1634 2.19729
1635 2.19239
1636 2.18621
1637 2.17792
1638 2.19277
1639 2.17938
1640 2.26749
1641 2.19032
1642 2.1834
1643 2.18612
1644 2.1845
1645 2.17998
1646 2.19109
1647 2.19381
1648 2.18946
1649 2.18671
1650 2.19335
1651 2.18832
1652 2.18349
1653 2.19215
1654 2.19087
1655 2.17897
1656 2.20844
1657 2.27982
1658 2.17809
1659 2.1809
1660 2.18182
1661 2.17624
1662 2.19868
1663 2.17841
1664 2.1818
1665 2.18661
1666 2.18045
1667 2.17842
1668 2.17933
1669 2.17415
1670 2.17392
1671 2.17587
1672 2.1888
1673 2.17966
1674 2.18091
1675 2.17714
1676 2.17504
1677 2.18693
1678 2.18166
1679 2.1841
1680 2.17707
1681 2.18238
1682 2.17375
1683 2.17543
1684 2.18296
1685 2.1759
1686 2.17699
1687 2.18514
1688 2.18627
1689 2.18435
1690 2.17937
1691 2.23803
1692 2.18698
1693 2.18645
1694 2.17565
1695 2.16798
1696 2.25187
1697 2.25942
1698 2.17021
1699 2.16884
1700 2.26896
1701 2.17643
1702 2.18023
1703 2.17245
1704 2.16667
1705 2.18206
1706 2.18834
1707 2.17058
1708 2.17985
1709 2.16813
1710 2.17693
1711 2.19102
1712 2.16916
1713 2.18866
1714 2.16968
1715 2.17753
1716 2.18075
1717 2.17062
1718 2.18316
1719 2.19837
1720 2.17521
1721 2.17791
1722 2.16454
1723 2.16656
1724 2.18066
1725 2.18378
1726 2.16321
1727 2.16562
1728 2.1667
1729 2.16633
1730 2.16403
1731 2.18297
1732 2.16432
1733 2.17782
1734 2.17607
1735 2.16652
1736 2.24337
1737 2.17894
1738 2.16937
1739 2.17406
1740 2.16172
1741 2.17417
1742 2.17311
1743 2.16128
1744 2.16294
1745 2.1713
1746 2.17758
1747 2.17172
1748 2.25453
1749 2.1635
1750 2.16818
1751 2.17957
1752 2.17065
1753 2.16012
1754 2.1822
1755 2.17826
1756 2.17192
1757 2.16104
1758 2.17274
1759 2.17621
1760 2.1743
1761 2.15841
1762 2.23749
1763 2.24482
1764 2.24063
1765 2.16661
1766 2.23956
1767 2.15896
1768 2.23489
1769 2.24895
1770 2.16799
1771 2.16815
1772 2.1601
1773 2.16284
1774 2.16727
1775 2.15944
1776 2.1691
1777 2.1645
1778 2.16833
1779 2.25299
1780 2.15702
1781 2.2573
1782 2.15666
1783 2.23331
1784 2.17173
1785 2.16661
1786 2.16788
1787 2.15566
1788 2.16963
1789 2.17252
1790 2.15982
1791 2.16846
1792 2.23355
1793 2.16
1794 2.16999
1795 2.16178
1796 2.16303
1797 2.16683
1798 2.23808
1799 2.16228
1800 2.16249
1801 2.16717
1802 2.16184
1803 2.15617
1804 2.16486
1805 2.16436
1806 2.16321
1807 2.16116
1808 2.16114
1809 2.17131
1810 2.23748
1811 2.16297
1812 2.15459
1813 2.15861
1814 2.14975
1815 2.15094
1816 2.15969
1817 2.24829
1818 2.16177
1819 2.15464
1820 2.16263
1821 2.16039
1822 2.14914
1823 2.16101
1824 2.16511
1825 2.15399
1826 2.16508
1827 2.16457
1828 2.1604
1829 2.16302
1830 2.15748
1831 2.16054
1832 2.14929
1833 2.2356
1834 2.16368
1835 2.16532
1836 2.15555
1837 2.16745
1838 2.14826
1839 2.15992
1840 2.24309
1841 2.14809
1842 2.22971
1843 2.15978
1844 2.21387
1845 2.15474
1846 2.15129
1847 2.15316
1848 2.14661
1849 2.16244
1850 2.24357
1851 2.1475
1852 2.15603
1853 2.22394
1854 2.14787
1855 2.15751
1856 2.153
1857 2.15796
1858 2.14355
1859 2.14265
1860 2.15542
1861 2.14426
1862 2.1443
1863 2.22649
1864 2.14132
1865 2.23585
1866 2.15301
1867 2.15245
1868 2.15152
1869 2.1468
1870 2.22944
1871 2.1514
1872 2.22458
1873 2.15384
1874 2.15315
1875 2.21255
1876 2.14726
1877 2.15064
1878 2.21667
1879 2.13855
1880 2.22729
1881 2.15182
1882 2.13995
1883 2.23091
1884 2.14129
1885 2.15628
1886 2.15076
1887 2.22638
1888 2.22326
1889 2.22849
1890 2.13796
1891 2.13797
1892 2.1538
1893 2.14742
1894 2.15371
1895 2.15859
1896 2.13751
1897 2.21114
1898 2.14708
1899 2.1387
1900 2.14829
1901 2.14886
1902 2.22906
1903 2.14846
1904 2.13524
1905 2.14769
1906 2.21381
1907 2.14851
1908 2.1464
1909 2.15037
1910 2.1499
1911 2.14646
1912 2.14697
1913 2.14558
1914 2.13518
1915 2.21172
1916 2.14482
1917 2.14676
1918 2.14661
1919 2.22069
1920 2.22875
1921 2.22527
1922 2.20866
1923 2.14944
1924 2.14473
1925 2.13828
1926 2.23244
1927 2.13839
1928 2.21467
1929 2.22381
1930 2.14235
1931 2.14213
1932 2.14156
1933 2.2148
1934 2.14262
1935 2.20998
1936 2.13532
1937 2.23012
1938 2.13709
1939 2.14331
1940 2.14447
1941 2.22728
1942 2.2171
1943 2.2174
1944 2.14042
1945 2.20867
1946 2.13268
1947 2.14254
1948 2.1429
1949 2.13877
1950 2.20769
1951 2.14615
1952 2.12908
1953 2.14135
1954 2.22348
1955 2.14332
1956 2.13071
1957 2.14696
1958 2.13046
1959 2.22062
1960 2.14321
1961 2.13997
1962 2.14035
1963 2.22849
1964 2.21559
1965 2.21952
1966 2.14438
1967 2.13899
1968 2.20039
1969 2.13694
1970 2.13844
1971 2.20034
1972 2.22679
1973 2.2089
1974 2.14489
1975 2.2013
1976 2.13638
1977 2.21844
1978 2.19507
1979 2.20934
1980 2.13902
1981 2.21363
1982 2.13494
1983 2.14058
1984 2.13938
1985 2.135
1986 2.14058
1987 2.13756
1988 2.13585
1989 2.13794
1990 2.13478
1991 2.13482
1992 2.20656
1993 2.20052
1994 2.20675
1995 2.13336
1996 2.20255
1997 2.22309
1998 2.14084
1999 2.13573
2000 2.12449
2001 2.21621
2002 2.20456
2003 2.13554
2004 2.13511
2005 2.13356
2006 2.13304
2007 2.20786
2008 2.21191
2009 2.21129
2010 2.13407
2011 2.13329
2012 2.20464
2013 2.2012
2014 2.18681
2015 2.19003
2016 2.1318
2017 2.13184
2018 2.19942
2019 2.21258
2020 2.13315
2021 2.20573
2022 2.13369
2023 2.20146
2024 2.2087
2025 2.1987
2026 2.1355
2027 2.19351
2028 2.13374
2029 2.20961
2030 2.20087
2031 2.20914
2032 2.18867
2033 2.2107
2034 2.19599
2035 2.13377
2036 2.12991
2037 2.12941
2038 2.13091
2039 2.13023
2040 2.19028
2041 2.18898
2042 2.12783
2043 2.19614
2044 2.13163
2045 2.20649
2046 2.12413
2047 2.19249
2048 2.20006
2049 2.2163
2050 2.12717
2051 2.12706
2052 2.12878
2053 2.19441
2054 2.12723
2055 2.19099
2056 2.19109
2057 2.19049
2058 2.12524
2059 2.19996
2060 2.12456
2061 2.12816
2062 2.12952
2063 2.11869
2064 2.19563
2065 2.18757
2066 2.19064
2067 2.1245
2068 2.19273
2069 2.1904
2070 2.20791
2071 2.17901
2072 2.20344
2073 2.12428
2074 2.18657
2075 2.12228
2076 2.20018
2077 2.20082
2078 2.1207
2079 2.12745
2080 2.18917
2081 2.19195
2082 2.17935
2083 2.20934
2084 2.19614
2085 2.12639
2086 2.1999
2087 2.19614
2088 2.1896
2089 2.1221
2090 2.11426
2091 2.12554
2092 2.19907
2093 2.17763
2094 2.19332
2095 2.18788
2096 2.18372
2097 2.12421
2098 2.11842
2099 2.19946
2100 2.12343
2101 2.12285
2102 2.18825
2103 2.11419
2104 2.11947
2105 2.19593
2106 2.17686
2107 2.18406
2108 2.18515
2109 2.11835
2110 2.12564
2111 2.20649
2112 2.12304
2113 2.11825
2114 2.12025
2115 2.18487
2116 2.1791
2117 2.18897
2118 2.1737
2119 2.18649
2120 2.17894
2121 2.17879
2122 2.11721
2123 2.16972
2124 2.19019
2125 2.18376
2126 2.11737
2127 2.11561
2128 2.19428
2129 2.17996
2130 2.11821
2131 2.11636
2132 2.20109
2133 2.11759
2134 2.11555
2135 2.20241
2136 2.20151
2137 2.18564
2138 2.20022
2139 2.19277
2140 2.19022
2141 2.19315
2142 2.17838
2143 2.17736
2144 2.11417
2145 2.17354
2146 2.17673
2147 2.19228
2148 2.19279
2149 2.18337
2150 2.16949
2151 2.19637
2152 2.1881
2153 2.11299
2154 2.19174
2155 2.16947
2156 2.18242
2157 2.17586
2158 2.18061
2159 2.16915
2160 2.17821
2161 2.11152
2162 2.17355
2163 2.11506
2164 2.19742
2165 2.19558
2166 2.18639
2167 2.1758
2168 2.17084
2169 2.11385
2170 2.16831
2171 2.10982
2172 2.18132
2173 2.11092
2174 2.11362
2175 2.18748
2176 2.17807
2177 2.16963
2178 2.11162
2179 2.17118
2180 2.17179
2181 2.17529
2182 2.17844
2183 2.18051
2184 2.18899
2185 2.17649
2186 2.10754
2187 2.16202
2188 2.1745
2189 2.17575
2190 2.18446
2191 2.10982
2192 2.16662
2193 2.17405
2194 2.16502
2195 2.18176
2196 2.17332
2197 2.16612
2198 2.17194
2199 2.16956
2200 2.11041
2201 2.1697
2202 2.1899
2203 2.16591
2204 2.09961
2205 2.17601
2206 2.18801
2207 2.19159
2208 2.17194
2209 2.1099
2210 2.17204
2211 2.16692
2212 2.16646
2213 2.18815
2214 2.18513
2215 2.16681
2216 2.16478
2217 2.15971
2218 2.18053
2219 2.105
2220 2.15971
2221 2.16185
2222 2.17991
2223 2.16691
2224 2.10988
2225 2.17244
2226 2.159
2227 2.18938
2228 2.17293
2229 2.10162
2230 2.16435
2231 2.16288
2232 2.17234
2233 2.16317
2234 2.16173
2235 2.15618
2236 2.16261
2237 2.15851
2238 2.17022
2239 2.16478
2240 2.10318
2241 2.16639
2242 2.10272
2243 2.16506
2244 2.15905
2245 2.16117
2246 2.10121
2247 2.1646
2248 2.157
2249 2.09026
2250 2.16309
2251 2.17909
2252 2.17922
2253 2.15661
2254 2.1593
2255 2.16911
2256 2.18311
2257 2.15208
2258 2.1593
2259 2.10127
2260 2.16425
2261 2.18036
2262 2.10399
2263 2.15837
2264 2.15696
2265 2.15228
2266 2.15581
2267 2.09904
2268 2.15852
2269 2.16145
2270 2.15462
2271 2.15033
2272 2.16692
2273 2.157
2274 2.08776
2275 2.16222
2276 2.16878
2277 2.1764
2278 2.15964
2279 2.15654
2280 2.16183
2281 2.15806
2282 2.09817
2283 2.10215
2284 2.16801
2285 2.09734
2286 2.15193
2287 2.14883
2288 2.09636
2289 2.15197
2290 2.15229
2291 2.15528
2292 2.17001
2293 2.15918
2294 2.15945
2295 2.15342
2296 2.15375
2297 2.15004
2298 2.14988
2299 2.14907
2300 2.15341
2301 2.15211
2302 2.16694
2303 2.16027
2304 2.16372
2305 2.15789
2306 2.14832
2307 2.15667
2308 2.09387
2309 2.15632
2310 2.15088
2311 2.17112
2312 2.16611
2313 2.14719
2314 2.15885
2315 2.17484
2316 2.15887
2317 2.15972
2318 2.16022
2319 2.16068
2320 2.16808
2321 2.09785
2322 2.14812
2323 2.09249
2324 2.15611
2325 2.14956
2326 2.15092
2327 2.09438
2328 2.15108
2329 2.15628
2330 2.15587
2331 2.15974
2332 2.15121
2333 2.14968
2334 2.15315
2335 2.14556
2336 2.15379
2337 2.15276
2338 2.09295
2339 2.144
2340 2.14837
2341 2.15333
2342 2.14976
2343 2.14279
2344 2.14214
2345 2.14312
2346 2.15055
2347 2.14406
2348 2.14987
2349 2.14777
2350 2.17239
2351 2.14441
2352 2.14107
2353 2.08884
2354 2.15263
2355 2.14524
2356 2.14299
2357 2.14407
2358 2.08894
2359 2.15106
2360 2.15211
2361 2.15126
2362 2.14426
2363 2.14223
2364 2.15046
2365 2.14584
2366 2.15911
2367 2.16086
2368 2.15014
2369 2.15896
2370 2.15782
2371 2.14919
2372 2.14413
2373 2.0872
2374 2.16195
2375 2.14449
2376 2.13889
2377 2.16555
2378 2.14548
2379 2.14566
2380 2.15606
2381 2.13999
2382 2.15085
2383 2.15879
2384 2.13989
2385 2.14382
2386 2.1465
2387 2.1473
2388 2.14802
2389 2.14269
2390 2.14463
2391 2.15898
2392 2.14984
2393 2.14081
2394 2.14124
2395 2.14104
2396 2.14289
2397 2.15547
2398 2.14521
2399 2.15085
2400 2.13875
2401 2.14076
2402 2.14442
2403 2.16482
2404 2.13788
2405 2.1384
2406 2.13759
2407 2.14164
2408 2.14544
2409 2.14486
2410 2.13969
2411 2.14942
2412 2.15706
2413 2.14135
2414 2.15627
2415 2.14185
2416 2.13744
2417 2.14614
2418 2.13375
2419 2.14034
2420 2.13856
2421 2.1429
2422 2.13835
2423 2.15436
2424 2.13641
2425 2.1412
2426 2.13411
2427 2.13336
2428 2.13969
2429 2.15557
2430 2.14586
2431 2.13404
2432 2.13412
2433 2.13517
2434 2.13849
2435 2.15861
2436 2.15051
2437 2.13669
2438 2.16444
2439 2.13783
2440 2.13992
2441 2.14021
2442 2.13521
2443 2.13046
2444 2.14726
2445 2.13188
2446 2.15319
2447 2.14511
2448 2.13364
2449 2.13587
2450 2.14082
2451 2.13784
2452 2.13483
2453 2.14093
2454 2.13123
2455 2.13532
2456 2.14824
2457 2.15294
2458 2.13639
2459 2.1366
2460 2.13123
2461 2.14465
2462 2.13546
2463 2.12937
2464 2.14327
2465 2.13082
2466 2.13459
2467 2.13289
2468 2.13925
2469 2.13722
2470 2.13605
2471 2.14322
2472 2.13394
2473 2.13089
2474 2.13981
2475 2.1323
2476 2.07538
2477 2.1418
2478 2.13196
2479 2.13647
2480 2.14065
2481 2.12972
2482 2.13935
2483 2.14533
2484 2.1279
2485 2.13266
2486 2.1309
2487 2.13329
2488 2.14931
2489 2.13936
2490 2.13695
2491 2.07572
2492 2.1347
2493 2.12877
2494 2.13791
2495 2.14028
2496 2.12971
2497 2.12618
2498 2.14806
2499 2.13322
2500 2.12628
2501 2.14192
2502 2.12762
2503 2.13244
2504 2.12626
2505 2.12858
2506 2.12971
2507 2.12787
2508 2.12644
2509 2.12746
2510 2.12264
2511 2.13018
2512 2.12979
2513 2.06934
2514 2.13001
2515 2.12527
2516 2.13461
2517 2.12586
2518 2.12572
2519 2.14125
2520 2.13086
2521 2.12848
2522 2.12518
2523 2.12474
2524 2.13704
2525 2.12208
2526 2.13662
2527 2.12397
2528 2.1273
2529 2.12864
2530 2.1244
2531 2.12498
2532 2.13382
2533 2.13479
2534 2.12936
2535 2.12906
2536 2.12442
2537 2.12803
2538 2.1343
2539 2.1283
2540 2.12315
2541 2.12651
2542 2.13802
2543 2.12692
2544 2.1332
2545 2.13516
2546 2.12943
2547 2.12348
2548 2.13059
2549 2.12021
2550 2.12668
2551 2.13302
2552 2.12305
2553 2.12077
2554 2.1352
2555 2.13354
2556 2.13213
2557 2.13204
2558 2.12158
2559 2.12998
2560 2.12162
2561 2.12471
2562 2.12483
2563 2.12946
2564 2.13056
2565 2.1301
2566 2.12373
2567 2.11943
2568 2.12786
2569 2.12481
2570 2.12285
2571 2.1324
2572 2.11641
2573 2.13024
2574 2.12202
2575 2.12473
2576 2.12364
2577 2.12161
2578 2.12747
2579 2.12578
2580 2.11878
2581 2.11821
2582 2.12054
2583 2.12259
2584 2.12534
2585 2.13581
2586 2.12506
2587 2.12192
2588 2.12133
2589 2.20543
2590 2.1198
2591 2.13586
2592 2.06511
2593 2.12233
2594 2.1213
2595 2.11472
2596 2.11724
2597 2.1151
2598 2.12858
2599 2.11469
2600 2.1147
2601 2.12123
2602 2.12257
2603 2.12812
2604 2.11781
2605 2.11387
2606 2.13051
2607 2.13698
2608 2.1157
2609 2.12352
2610 2.12201
2611 2.12925
2612 2.12256
2613 2.12574
2614 2.11375
2615 2.11634
2616 2.13391
2617 2.12476
2618 2.11609
2619 2.11588
2620 2.11565
2621 2.11547
2622 2.11472
2623 2.11827
2624 2.1157
2625 2.1182
2626 2.11507
2627 2.1224
2628 2.11375
2629 2.11547
2630 2.125
2631 2.12495
2632 2.11338
2633 2.11171
2634 2.12075
2635 2.1155
2636 2.13319
2637 2.12415
2638 2.11171
2639 2.11486
2640 2.12451
2641 2.12139
2642 2.12609
2643 2.11152
2644 2.11371
2645 2.11358
2646 2.12255
2647 2.11319
2648 2.11363
2649 2.12454
2650 2.11014
2651 2.13004
2652 2.1246
2653 2.13022
2654 2.11547
2655 2.12388
2656 2.11662
2657 2.12311
2658 2.11378
2659 2.10768
2660 2.1127
2661 2.12227
2662 2.12166
2663 2.10847
2664 2.10879
2665 2.10903
2666 2.11047
2667 2.11861
2668 2.10918
2669 2.13095
2670 2.11074
2671 2.10861
2672 2.11155
2673 2.12101
2674 2.1286
2675 2.11456
2676 2.11885
2677 2.11199
2678 2.11139
2679 2.1213
2680 2.10611
2681 2.11967
2682 2.10473
2683 2.10726
2684 2.11736
2685 2.11073
2686 2.11214
2687 2.11477
2688 2.11889
2689 2.12153
2690 2.1165
2691 2.12637
2692 2.10703
2693 2.11438
2694 2.10686
2695 2.1255
2696 2.11706
2697 2.10941
2698 2.10688
2699 2.11375
2700 2.10851
2701 2.12633
2702 2.11379
2703 2.10935
2704 2.10256
2705 2.11458
2706 2.10533
2707 2.10845
2708 2.10607
2709 2.11399
2710 2.10745
2711 2.122
2712 2.11355
2713 2.10567
2714 2.10496
2715 2.11519
2716 2.10596
2717 2.10725
2718 2.10592
2719 2.10371
2720 2.10738
2721 2.1034
2722 2.12363
2723 2.11211
2724 2.12514
2725 2.11693
2726 2.11104
2727 2.10948
2728 2.11372
2729 2.1134
2730 2.10904
2731 2.10232
2732 2.11269
2733 2.10384
2734 2.12469
2735 2.11242
2736 2.12078
2737 2.10203
2738 2.18253
2739 2.10217
2740 2.10711
2741 2.10176
2742 2.11117
2743 2.10179
2744 2.10166
2745 2.11412
2746 2.10154
2747 2.11778
2748 2.10568
2749 2.11022
2750 2.11115
2751 2.10473
2752 2.10593
2753 2.10551
2754 2.10653
2755 2.11911
2756 2.10265
2757 2.09997
2758 2.10283
2759 2.09961
2760 2.10201
2761 2.10892
2762 2.11863
2763 2.10575
2764 2.09992
2765 2.10838
2766 2.09753
2767 2.106
2768 2.10722
2769 2.09956
2770 2.10236
2771 2.11153
2772 2.19189
2773 2.09874
2774 2.11121
2775 2.11137
2776 2.10934
2777 2.11113
2778 2.12072
2779 2.10023
2780 2.10156
2781 2.10896
2782 2.10074
2783 2.09849
2784 2.10834
2785 2.1082
2786 2.12887
2787 2.09742
2788 2.17996
2789 2.18895
2790 2.10991
2791 2.09904
2792 2.09898
2793 2.11419
2794 2.11402
2795 2.10856
2796 2.10465
2797 2.11614
2798 2.09863
2799 2.09713
2800 2.09845
2801 2.09826
2802 2.11021
2803 2.09445
2804 2.10659
2805 2.11191
2806 2.09541
2807 2.09536
2808 2.10439
2809 2.09833
2810 2.1009
2811 2.09534
2812 2.09813
2813 2.11086
2814 2.10642
2815 2.09447
2816 2.10756
2817 2.10763
2818 2.097
2819 2.09943
2820 2.10273
2821 2.0913
2822 2.10748
2823 2.11627
2824 2.10839
2825 2.10817
2826 2.09405
2827 2.09893
2828 2.09387
2829 2.09332
2830 2.10286
2831 2.11295
2832 2.11145
2833 2.09767
2834 2.1001
2835 2.11293
2836 2.09787
2837 2.10244
2838 2.09375
2839 2.10575
2840 2.10097
2841 2.09131
2842 2.10635
2843 2.10487
2844 2.10291
2845 2.1066
2846 2.09464
2847 2.10379
2848 2.09031
2849 2.10861
2850 2.10059
2851 2.10483
2852 2.17704
2853 2.09411
2854 2.09118
2855 2.09355
2856 2.09928
2857 2.11099
2858 2.09592
2859 2.10755
2860 2.1048
2861 2.16934
2862 2.09555
2863 2.09011
2864 2.10278
2865 2.08934
2866 2.09247
2867 2.09174
2868 2.09965
2869 2.08882
2870 2.10415
2871 2.09148
2872 2.10781
2873 2.09921
2874 2.10978
2875 2.09989
2876 2.09932
2877 2.09253
2878 2.10028
2879 2.09155
2880 2.10563
2881 2.10332
2882 2.08738
2883 2.08705
2884 2.0994
2885 2.08814
2886 2.10378
2887 2.0911
2888 2.10139
2889 2.08787
2890 2.10202
2891 2.08905
2892 2.10143
2893 2.09906
2894 2.0888
2895 2.08876
2896 2.09933
2897 2.10395
2898 2.09824
2899 2.0878
2900 2.09078
2901 2.09775
2902 2.08523
2903 2.08906
2904 2.0979
2905 2.10084
2906 2.08764
2907 2.16885
2908 2.10691
2909 2.08544
2910 2.0996
2911 2.09591
2912 2.09806
2913 2.10227
2914 2.09565
2915 2.09545
2916 2.0887
2917 2.09783
2918 2.16567
2919 2.09943
2920 2.08828
2921 2.09602
2922 2.09563
2923 2.10301
2924 2.16872
2925 2.15766
2926 2.08919
2927 2.0928
2928 2.08282
2929 2.09798
2930 2.09467
2931 2.0951
2932 2.09344
2933 2.09814
2934 2.17331
2935 2.09272
2936 2.09092
2937 2.09591
2938 2.09687
2939 2.16193
2940 2.09399
2941 2.09672
2942 2.08854
2943 2.09118
2944 2.09325
2945 2.16689
2946 2.08445
2947 2.09514
2948 2.09259
2949 2.08099
2950 2.09393
2951 2.09199
2952 2.08718
2953 2.09419
2954 2.09709
2955 2.08604
2956 2.17303
2957 2.09198
2958 2.08778
2959 2.09427
2960 2.09272
2961 2.17301
2962 2.09965
2963 2.08241
2964 2.09828
2965 2.08136
2966 2.09921
2967 2.07891
2968 2.09349
2969 2.08425
2970 2.07984
2971 2.08913
2972 2.15908
2973 2.09021
2974 2.07967
2975 2.08016
2976 2.08835
2977 2.0797
2978 2.09356
2979 2.08821
2980 2.08987
2981 2.08308
2982 2.08911
2983 2.09001
2984 2.08971
2985 2.08993
2986 2.08944
2987 2.08981
2988 2.15475
2989 2.09281
2990 2.09693
2991 2.09545
2992 2.09033
2993 2.08862
2994 2.08668
2995 2.08915
2996 2.07884
2997 2.09619
2998 2.07795
2999 2.08725
3000 2.08866
3001 2.07871
3002 2.08786
3003 2.08004
3004 2.0855
3005 2.15612
3006 2.0796
3007 2.08271
3008 2.08099
3009 2.08762
3010 2.08972
3011 2.08767
3012 2.08756
3013 2.08964
3014 2.08305
3015 2.08558
3016 2.09226
3017 2.08674
3018 2.16542
3019 2.08422
3020 2.08755
3021 2.09052
3022 2.08704
3023 2.09307
3024 2.08696
3025 2.08844
3026 2.147
3027 2.17011
3028 2.08614
3029 2.14875
3030 2.16605
3031 2.0866
3032 2.07607
3033 2.08548
3034 2.09046
3035 2.08572
3036 2.07588
3037 2.0735
3038 2.08045
3039 2.08593
3040 2.09138
3041 2.08749
3042 2.07407
3043 2.08713
3044 2.08668
3045 2.08386
3046 2.09511
3047 2.08262
3048 2.08571
3049 2.08352
3050 2.08283
3051 2.0844
3052 2.08522
3053 2.08528
3054 2.08372
3055 2.08121
3056 2.1624
3057 2.16554
3058 2.08236
3059 2.08324
3060 2.08261
3061 2.08539
3062 2.08732
3063 2.08341
3064 2.08258
3065 2.08184
3066 2.08679
3067 2.08337
3068 2.08418
3069 2.08269
3070 2.08734
3071 2.08095
3072 2.07436
3073 2.08452
3074 2.16579
3075 2.08251
3076 2.07485
3077 2.08132
3078 2.08601
3079 2.14737
3080 2.06958
3081 2.15617
3082 2.14226
3083 2.08858
3084 2.16283
3085 2.08106
3086 2.08227
3087 2.08131
3088 2.08329
3089 2.08099
3090 2.08576
3091 2.0817
3092 2.08025
3093 2.07913
3094 2.08011
3095 2.08194
3096 2.07931
3097 2.13961
3098 2.14594
3099 2.0805
3100 2.08032
3101 2.08512
3102 2.08128
3103 2.0767
3104 2.07947
3105 2.08138
3106 2.13083
3107 2.14774
3108 2.08042
3109 2.08002
3110 2.07848
3111 2.07967
3112 2.08196
3113 2.07841
3114 2.07868
3115 2.1502
3116 2.07932
3117 2.07838
3118 2.13934
3119 2.08082
3120 2.07695
3121 2.07808
3122 2.07783
3123 2.0777
3124 2.06792
3125 2.08004
3126 2.0775
3127 2.07885
3128 2.16007
3129 2.07928
3130 2.07768
3131 2.08162
3132 2.07695
3133 2.06645
3134 2.08785
3135 2.14397
3136 2.15547
3137 2.07764
3138 2.07647
3139 2.13771
3140 2.07683
3141 2.07757
3142 2.15663
3143 2.07796
3144 2.07705
3145 2.07548
3146 2.07779
3147 2.07828
3148 2.07645
3149 2.06658
3150 2.0813
3151 2.14187
3152 2.0746
3153 2.06506
3154 2.07667
3155 2.07628
3156 2.07837
3157 2.15453
3158 2.08649
3159 2.07794
3160 2.06697
3161 2.15678
3162 2.13959
3163 2.07519
3164 2.07633
3165 2.07661
3166 2.0637
3167 2.07486
3168 2.06445
3169 2.07428
3170 2.074
3171 2.07171
3172 2.13932
3173 2.14971
3174 2.07315
3175 2.07413
3176 2.07461
3177 2.06464
3178 2.1406
3179 2.13489
3180 2.14064
3181 2.0641
3182 2.07211
3183 2.14515
3184 2.07388
3185 2.07856
3186 2.15108
3187 2.0727
3188 2.14797
3189 2.14783
3190 2.07385
3191 2.12884
3192 2.1375
3193 2.06192
3194 2.07024
3195 2.07774
3196 2.07574
3197 2.07449
3198 2.07385
3199 2.06935
3200 2.13462
3201 2.07326
3202 2.07064
3203 2.07046
3204 2.0727
3205 2.07309
3206 2.14368
3207 2.07142
3208 2.13368
3209 2.13868
3210 2.0683
3211 2.06386
3212 2.06982
3213 2.06972
3214 2.06981
3215 2.06965
3216 2.13725
3217 2.06897
3218 2.07122
3219 2.1446
3220 2.14731
3221 2.14989
3222 2.07244
3223 2.0593
3224 2.06993
3225 2.06995
3226 2.14339
3227 2.07075
3228 2.13242
3229 2.0685
3230 2.07182
3231 2.14683
3232 2.07317
3233 2.12918
3234 2.06894
3235 2.05932
3236 2.06843
3237 2.13929
3238 2.12936
3239 2.06613
3240 2.07106
3241 2.06975
3242 2.1522
3243 2.13655
3244 2.13038
3245 2.06881
3246 2.06813
3247 2.06598
3248 2.0572
3249 2.06736
3250 2.06518
3251 2.07539
3252 2.06657
3253 2.06781
3254 2.05567
3255 2.1332
3256 2.06744
3257 2.12864
3258 2.0693
3259 2.14187
3260 2.07178
3261 2.06712
3262 2.06627
3263 2.13805
3264 2.12171
3265 2.12994
3266 2.06601
3267 2.13575
3268 2.14517
3269 2.05436
3270 2.06675
3271 2.07539
3272 2.13283
3273 2.14665
3274 2.06578
3275 2.06823
3276 2.12948
3277 2.06709
3278 2.13089
3279 2.06672
3280 2.12536
3281 2.06518
3282 2.14262
3283 2.14468
3284 2.06485
3285 2.12835
3286 2.07288
3287 2.14773
3288 2.13632
3289 2.06506
3290 2.06362
3291 2.066
3292 2.1267
3293 2.14372
3294 2.06342
3295 2.0666
3296 2.13507
3297 2.06532
3298 2.06385
3299 2.13047
3300 2.06795
3301 2.06602
3302 2.06519
3303 2.05606
3304 2.06183
3305 2.06827
3306 2.14099
3307 2.13104
3308 2.06423
3309 2.06309
3310 2.06285
3311 2.06216
3312 2.06306
3313 2.13139
3314 2.06631
3315 2.06271
3316 2.06248
3317 2.13039
3318 2.06327
3319 2.06393
3320 2.11853
3321 2.12068
3322 2.12031
3323 2.12369
3324 2.12288
3325 2.05085
3326 2.12491
3327 2.06473
3328 2.12282
3329 2.12802
3330 2.06094
3331 2.12156
3332 2.06229
3333 2.11954
3334 2.06105
3335 2.06005
3336 2.13224
3337 2.122
3338 2.05886
3339 2.04867
3340 2.06461
3341 2.11948
3342 2.11888
3343 2.06104
3344 2.12883
3345 2.11812
3346 2.12071
3347 2.06299
3348 2.05999
3349 2.14422
3350 2.07118
3351 2.06245
3352 2.12246
3353 2.0603
3354 2.1168
3355 2.12284
3356 2.12424
3357 2.11424
3358 2.11526
3359 2.13233
3360 2.05844
3361 2.05862
3362 2.1199
3363 2.1152
3364 2.11805
3365 2.11738
3366 2.05804
3367 2.11778
3368 2.12862
3369 2.13335
3370 2.11741
3371 2.13131
3372 2.05902
3373 2.13372
3374 2.12063
3375 2.11959
3376 2.11967
3377 2.12217
3378 2.06116
3379 2.05708
3380 2.12946
3381 2.11056
3382 2.12099
3383 2.05781
3384 2.12703
3385 2.06294
3386 2.11644
3387 2.12226
3388 2.1182
3389 2.11525
3390 2.0571
3391 2.11605
3392 2.13064
3393 2.11128
3394 2.05877
3395 2.05781
3396 2.06793
3397 2.1175
3398 2.11093
3399 2.12178
3400 2.11498
3401 2.05552
3402 2.11807
3403 2.11541
3404 2.1162
3405 2.12563
3406 2.05723
3407 2.11327
3408 2.11936
3409 2.05669
3410 2.05788
3411 2.11443
3412 2.12789
3413 2.1207
3414 2.13824
3415 2.13254
3416 2.13018
3417 2.11398
3418 2.11706
3419 2.11473
3420 2.11369
3421 2.11311
3422 2.12176
3423 2.10905
3424 2.05392
3425 2.05465
3426 2.1076
3427 2.12479
3428 2.05481
3429 2.12217
3430 2.10817
3431 2.12136
3432 2.11194
3433 2.11439
3434 2.10961
3435 2.05359
3436 2.05607
3437 2.12312
3438 2.1303
3439 2.12071
3440 2.05281
3441 2.13671
3442 2.1156
3443 2.0622
3444 2.11296
3445 2.1098
3446 2.05368
3447 2.11037
3448 2.1224
3449 2.11478
3450 2.11793
3451 2.11471
3452 2.11441
3453 2.12208
3454 2.11122
3455 2.112
3456 2.11681
3457 2.05191
3458 2.05675
3459 2.11112
3460 2.10996
3461 2.05289
3462 2.05315
3463 2.11981
3464 2.10837
3465 2.11304
3466 2.0502
3467 2.11357
3468 2.11429
3469 2.10778
3470 2.10673
3471 2.10955
3472 2.05163
3473 2.12454
3474 2.12079
3475 2.11416
3476 2.04869
3477 2.11684
3478 2.10639
3479 2.04991
3480 2.05199
3481 2.04955
3482 2.12198
3483 2.10305
3484 2.04974
3485 2.10918
3486 2.0529
3487 2.11695
3488 2.11156
3489 2.11015
3490 2.1127
3491 2.11736
3492 2.05016
3493 2.11746
3494 2.11036
3495 2.12037
3496 2.11004
3497 2.0473
3498 2.10401
3499 2.10843
3500 2.11011
3501 2.10435
3502 2.10609
3503 2.10984
3504 2.10951
3505 2.10966
3506 2.10167
3507 2.10332
3508 2.11326
3509 2.12051
3510 2.11252
3511 2.11476
3512 2.12444
3513 2.11169
3514 2.10484
3515 2.11223
3516 2.11269
3517 2.04707
3518 2.12692
3519 2.10883
3520 2.12008
3521 2.04895
3522 2.10211
3523 2.04862
3524 2.10878
3525 2.10923
3526 2.106
3527 2.11481
3528 2.04731
3529 2.1039
3530 2.10474
3531 2.04923
3532 2.11184
3533 2.11028
3534 2.10712
3535 2.04704
3536 2.04761
3537 2.10143
3538 2.04599
3539 2.04498
3540 2.10199
3541 2.11949
3542 2.10214
3543 2.09861
3544 2.11244
3545 2.09927
3546 2.10432
3547 2.10709
3548 2.10325
3549 2.09654
3550 2.10191
3551 2.10039
3552 2.1039
3553 2.10392
3554 2.10732
3555 2.09882
3556 2.10043
3557 2.10713
3558 2.10121
3559 2.09969
3560 2.09967
3561 2.10728
3562 2.0988
3563 2.10139
3564 2.1061
3565 2.04464
3566 2.04726
3567 2.09903
3568 2.11602
3569 2.09467
3570 2.09844
3571 2.12028
3572 2.10418
3573 2.11983
3574 2.04319
3575 2.10713
3576 2.10256
3577 2.10518
3578 2.10451
3579 2.10263
3580 2.1057
3581 2.0968
3582 2.12084
3583 2.10056
3584 2.11677
3585 2.10124
3586 2.09555
3587 2.10742
3588 2.04129
3589 2.10816
3590 2.10648
3591 2.1138
3592 2.09896
3593 2.10306
3594 2.10908
3595 2.11048
3596 2.11968
3597 2.0412
3598 2.04149
3599 2.10574
3600 2.09362
3601 2.04135
3602 2.04191
3603 2.10296
3604 2.11461
3605 2.10034
3606 2.10907
3607 2.09295
3608 2.04142
3609 2.09979
3610 2.11187
3611 2.10926
3612 2.10678
3613 2.0968
3614 2.10262
3615 2.09364
3616 2.04044
3617 2.10424
3618 2.1107
3619 2.10102
3620 2.09464
3621 2.10101
3622 2.09472
3623 2.11173
3624 2.12118
3625 2.0942
3626 2.10026
3627 2.09794
3628 2.04109
3629 2.09651
3630 2.1188
3631 2.10538
3632 2.11436
3633 2.1046
3634 2.08972
3635 2.09746
3636 2.09994
3637 2.09818
3638 2.10267
3639 2.10026
3640 2.09291
3641 2.09913
3642 2.04038
3643 2.11285
3644 2.09839
3645 2.09713
3646 2.09318
3647 2.09532
3648 2.09474
3649 2.09428
3650 2.10955
3651 2.09062
3652 2.03859
3653 2.03801
3654 2.09046
3655 2.09677
3656 2.09653
3657 2.0935
3658 2.03967
3659 2.09493
3660 2.09861
3661 2.10404
3662 2.09465
3663 2.10051
3664 2.09963
3665 2.10326
3666 2.10953
3667 2.0926
3668 2.08752
3669 2.09287
3670 2.10745
3671 2.11676
3672 2.09548
3673 2.091
3674 2.10081
3675 2.09509
3676 2.09451
3677 2.09105
3678 2.08688
3679 2.09537
3680 2.09953
3681 2.09311
3682 2.09177
3683 2.03739
3684 2.10678
3685 2.08987
3686 2.09256
3687 2.09591
3688 2.08946
3689 2.10183
3690 2.09151
3691 2.08759
3692 2.08647
3693 2.09967
3694 2.03459
3695 2.03374
3696 2.08569
3697 2.09547
3698 2.09641
3699 2.10166
3700 2.08712
3701 2.09386
3702 2.10267
3703 2.10659
3704 2.08832
3705 2.09033
3706 2.03506
3707 2.0931
3708 2.09364
3709 2.09298
3710 2.09574
3711 2.08751
3712 2.09322
3713 2.10051
3714 2.08748
3715 2.0982
3716 2.09378
3717 2.08482
3718 2.11219
3719 2.08359
3720 2.08584
3721 2.11201
3722 2.0908
3723 2.0875
3724 2.09903
3725 2.03277
3726 2.0963
3727 2.09305
3728 2.03605
3729 2.0898
3730 2.10046
3731 2.08633
3732 2.09606
3733 2.08986
3734 2.09153
3735 2.09114
3736 2.03333
3737 2.10185
3738 2.09622
3739 2.08342
3740 2.09355
3741 2.09038
3742 2.0883
3743 2.09019
3744 2.08895
3745 2.08429
3746 2.08656
3747 2.08789
3748 2.08826
3749 2.09398
3750 2.09242
3751 2.08842
3752 2.09122
3753 2.10056
3754 2.0836
3755 2.08659
3756 2.09321
3757 2.03144
3758 2.09819
3759 2.08885
3760 2.09067
3761 2.03383
3762 2.08848
3763 2.10422
3764 2.08681
3765 2.09145
3766 2.11283
3767 2.0825
3768 2.09061
3769 2.09422
3770 2.08963
3771 2.02983
3772 2.09266
3773 2.0973
3774 2.08876
3775 2.08956
3776 2.07884
3777 2.08555
3778 2.08828
3779 2.08328
3780 2.08326
3781 2.08307
3782 2.08427
3783 2.0876
3784 2.02971
3785 2.09182
3786 2.07811
3787 2.08863
3788 2.02929
3789 2.08505
3790 2.09148
3791 2.09615
3792 2.09201
3793 2.09346
3794 2.08678
3795 2.08421
3796 2.09117
3797 2.0291
3798 2.08284
3799 2.08819
3800 2.08022
3801 2.08356
3802 2.09148
3803 2.08779
3804 2.09484
3805 2.08684
3806 2.09547
3807 2.08638
3808 2.08518
3809 2.08442
3810 2.08109
3811 2.08271
3812 2.07963
3813 2.0902
3814 2.09533
3815 2.02759
3816 2.08893
3817 2.08712
3818 2.07803
3819 2.08785
3820 2.08293
3821 2.07899
3822 2.08776
3823 2.09019
3824 2.08719
3825 2.08503
3826 2.09141
3827 2.0813
3828 2.08322
3829 2.08036
3830 2.09909
3831 2.08421
3832 2.02965
3833 2.07905
3834 2.08676
3835 2.08105
3836 2.07684
3837 2.07867
3838 2.08118
3839 2.02547
3840 2.07719
3841 2.08448
3842 2.08901
3843 2.08303
3844 2.08317
3845 2.08206
3846 2.02633
3847 2.08073
3848 2.08875
3849 2.08074
3850 2.08
3851 2.07927
3852 2.07908
3853 2.07754
3854 2.08022
3855 2.0812
3856 2.07823
3857 2.07814
3858 2.07616
3859 2.07593
3860 2.07508
3861 2.08248
3862 2.08657
3863 2.08138
3864 2.0762
3865 2.08021
3866 2.08358
3867 2.08381
3868 2.08226
3869 2.08167
3870 2.075
3871 2.08369
3872 2.08031
3873 2.0851
3874 2.08711
3875 2.07708
3876 2.08184
3877 2.08474
3878 2.07738
3879 2.07901
3880 2.09468
3881 2.07526
3882 2.08535
3883 2.08519
3884 2.08121
3885 2.08049
3886 2.07478
3887 2.07461
3888 2.07514
3889 2.08068
3890 2.08717
3891 2.0816
3892 2.0227
3893 2.07236
3894 2.08507
3895 2.07676
3896 2.07569
3897 2.0768
3898 2.07691
3899 2.0709
3900 2.07415
3901 2.07295
3902 2.07395
3903 2.0756
3904 2.08184
3905 2.07595
3906 2.07436
3907 2.07601
3908 2.07677
3909 2.08088
3910 2.07977
3911 2.08367
3912 2.0859
3913 2.07585
3914 2.07428
3915 2.07726
3916 2.07445
3917 2.0821
3918 2.08306
3919 2.08487
3920 2.075
3921 2.07889
3922 2.09789
3923 2.09055
3924 2.08835
3925 2.0761
3926 2.08517
3927 2.0722
3928 2.07429
3929 2.0866
3930 2.0742
3931 2.06953
3932 2.0727
3933 2.08109
3934 2.0208
3935 2.0762
3936 2.07343
3937 2.07518
3938 2.06882
3939 2.07213
3940 2.07232
3941 2.07057
3942 2.07192
3943 2.07267
3944 2.07173
3945 2.07989
3946 2.08271
3947 2.07466
3948 2.07754
3949 2.07514
3950 2.07584
3951 2.07341
3952 2.07119
3953 2.07232
3954 2.07277
3955 2.0696
3956 2.06969
3957 2.0797
3958 2.07729
3959 2.06644
3960 2.07301
3961 2.06914
3962 2.07349
3963 2.08801
3964 2.07315
3965 2.07439
3966 2.0713
3967 2.07143
3968 2.0744
3969 2.07635
3970 2.08793
3971 2.07102
3972 2.08663
3973 2.07942
3974 2.07032
3975 2.07057
3976 2.07158
3977 2.01545
3978 2.06977
3979 2.06778
3980 2.07003
3981 2.06649
3982 2.07931
3983 2.06669
3984 2.06925
3985 2.07561
3986 2.0749
3987 2.06924
3988 2.06783
3989 2.07435
3990 2.08656
3991 2.0709
3992 2.06713
3993 2.07295
3994 2.06716
3995 2.07227
3996 2.07109
3997 2.06656
3998 2.06959
3999 2.07226
4000 2.0722
4001 2.07044
4002 2.06891
4003 2.06764
4004 2.06827
4005 2.07219
4006 2.07641
4007 2.06721
4008 2.08228
4009 2.07224
4010 2.07256
4011 2.06843
4012 2.07273
4013 2.0663
4014 2.07798
4015 2.06804
4016 2.06629
4017 2.07217
4018 2.0737
4019 2.08604
4020 2.06832
4021 2.06583
4022 2.06907
4023 2.07358
4024 2.06872
4025 2.07116
4026 2.06636
4027 2.07668
4028 2.06885
4029 2.06594
4030 2.06775
4031 2.06638
4032 2.0708
4033 2.06329
4034 2.06828
4035 2.0698
4036 2.06578
4037 2.0623
4038 2.07634
4039 2.06778
4040 2.06439
4041 2.0689
4042 2.06759
4043 2.07774
4044 2.06759
4045 2.07237
4046 2.07933
4047 2.06619
4048 2.06482
4049 2.06574
4050 2.06362
4051 2.06244
4052 2.06453
4053 2.08541
4054 2.07559
4055 2.06775
4056 2.06895
4057 2.06553
4058 2.06386
4059 2.06755
4060 2.06553
4061 2.0726
4062 2.07469
4063 2.06247
4064 2.06335
4065 2.06702
4066 2.066
4067 2.065
4068 2.06336
4069 2.06946
4070 2.06745
4071 2.0676
4072 2.06548
4073 2.06276
4074 2.06614
4075 2.06718
4076 2.07148
4077 2.06488
4078 2.06074
4079 2.06457
4080 2.06276
4081 2.06175
4082 2.0628
4083 2.0618
4084 2.06121
4085 2.06397
4086 2.06994
4087 2.06804
4088 2.06089
4089 2.06698
4090 2.07554
4091 2.06641
4092 2.06078
4093 2.06334
4094 2.06672
4095 2.06121
4096 2.07885
4097 2.05825
4098 2.07315
4099 2.06711
4100 2.08134
4101 2.0602
4102 2.06138
4103 2.06726
4104 2.06512
4105 2.07799
4106 2.05767
4107 2.06329
4108 2.06135
4109 2.00885
4110 2.05829
4111 2.06791
4112 2.06195
4113 2.06626
4114 2.06957
4115 2.06071
4116 2.07042
4117 2.05909
4118 2.07028
4119 2.06216
4120 2.07515
4121 2.06974
4122 2.06152
4123 2.06321
4124 2.06647
4125 2.06444
4126 2.06641
4127 2.06368
4128 2.05961
4129 2.05871
4130 2.06427
4131 2.06176
4132 2.0575
4133 2.06975
4134 2.0647
4135 2.05901
4136 2.05587
4137 2.06394
4138 2.06645
4139 2.06038
4140 2.06034
4141 2.05998
4142 2.06019
4143 2.06807
4144 2.06132
4145 2.08197
4146 2.06014
4147 2.06021
4148 2.05957
4149 2.06126
4150 2.06019
4151 2.06173
4152 2.06801
4153 2.05851
4154 2.06066
4155 2.05656
4156 2.06403
4157 2.06363
4158 2.0642
4159 2.06687
4160 2.06036
4161 2.05937
4162 2.06046
4163 2.06838
4164 2.0754
4165 2.06197
4166 2.05994
4167 2.06738
4168 2.05669
4169 2.07409
4170 2.06762
4171 2.05423
4172 2.05875
4173 2.05714
4174 2.06019
4175 2.0606
4176 2.05614
4177 2.07336
4178 2.05397
4179 2.05831
4180 2.0581
4181 2.06318
4182 2.05727
4183 2.06891
4184 2.05437
4185 2.06626
4186 2.05937
4187 2.05767
4188 2.06339
4189 2.06103
4190 2.06553
4191 2.06043
4192 2.06679
4193 2.05601
4194 2.057
4195 2.06596
4196 2.05547
4197 2.06732
4198 2.05251
4199 2.05943
4200 2.05525
4201 2.05628
4202 2.05567
4203 2.05824
4204 2.0714
4205 2.05637
4206 2.07004
4207 2.05236
4208 2.05581
4209 2.05539
4210 2.07056
4211 2.05614
4212 2.05748
4213 2.06621
4214 2.05383
4215 2.05521
4216 2.06151
4217 2.0531
4218 2.06234
4219 2.05858
4220 2.0547
4221 2.05307
4222 2.05493
4223 2.05454
4224 2.05765
4225 2.05324
4226 2.05973
4227 2.0621
4228 2.05468
4229 2.054
4230 2.06573
4231 2.05418
4232 2.05781
4233 2.05277
4234 2.05826
4235 2.05161
4236 2.05338
4237 2.06174
4238 2.05526
4239 2.05476
4240 2.05276
4241 2.0585
4242 2.04928
4243 2.05885
4244 2.06703
4245 2.05437
4246 2.05635
4247 2.05082
4248 2.05166
4249 2.0541
4250 2.05341
4251 2.0506
4252 2.05578
4253 2.05348
4254 2.05554
4255 2.05195
4256 2.05269
4257 2.05684
4258 2.05122
4259 2.05339
4260 2.05341
4261 2.04827
4262 2.06554
4263 2.06157
4264 2.04972
4265 2.05925
4266 2.05533
4267 2.05524
4268 2.05323
4269 2.04841
4270 2.05182
4271 2.05435
4272 2.05546
4273 2.05691
4274 2.05074
4275 2.05467
4276 2.05201
4277 2.04794
4278 2.05503
4279 2.05383
4280 2.06025
4281 2.06217
4282 2.05043
4283 2.0572
4284 2.05324
4285 2.05091
4286 2.05087
4287 2.0497
4288 2.05983
4289 2.05942
4290 2.05948
4291 2.05212
4292 2.05405
4293 2.05102
4294 2.06275
4295 2.06107
4296 2.05798
4297 2.05133
4298 2.05355
4299 2.05522
4300 2.0484
4301 2.0595
4302 2.05059
4303 2.04902
4304 2.04847
4305 2.0507
4306 2.04883
4307 2.04737
4308 2.05394
4309 2.05278
4310 2.05276
4311 2.05277
4312 2.05225
4313 2.05177
4314 2.06143
4315 2.04994
4316 2.0528
4317 2.06012
4318 2.06077
4319 2.04949
4320 2.04535
4321 2.05635
4322 2.06362
4323 2.04677
4324 2.04823
4325 2.04848
4326 2.05898
4327 2.04922
4328 2.04826
4329 2.05595
4330 2.06053
4331 2.05198
4332 2.06036
4333 2.04535
4334 2.06523
4335 2.04718
4336 2.04629
4337 2.04756
4338 2.06361
4339 2.06008
4340 2.06397
4341 2.04862
4342 2.04773
4343 2.05154
4344 2.05393
4345 2.04608
4346 2.05623
4347 2.04508
4348 2.05954
4349 2.06034
4350 2.05438
4351 2.04718
4352 2.04602
4353 2.04976
4354 2.04687
4355 2.04527
4356 2.05929
4357 2.06249
4358 2.04783
4359 2.05737
4360 2.05018
4361 2.04527
4362 2.05296
4363 2.05235
4364 2.06234
4365 2.05163
4366 2.04461
4367 2.05247
4368 2.05863
4369 2.04851
4370 2.06253
4371 2.04332
4372 2.04539
4373 2.0541
4374 2.04432
4375 2.05459
4376 2.06076
4377 2.04415
4378 2.0473
4379 2.04384
4380 2.05143
4381 2.04741
4382 2.04369
4383 2.04643
4384 2.04645
4385 2.0442
4386 2.04807
4387 2.0482
4388 2.04485
4389 2.05787
4390 2.05464
4391 2.05253
4392 2.05073
4393 2.04721
4394 2.0418
4395 2.05456
4396 2.04815
4397 2.04643
4398 2.04629
4399 2.04729
4400 2.05601
4401 2.0527
4402 2.04836
4403 2.04558
4404 2.05288
4405 2.0432
4406 2.05453
4407 2.04996
4408 2.05522
4409 2.04402
4410 2.04503
4411 2.05692
4412 2.04367
4413 2.05344
4414 2.04337
4415 2.04254
4416 2.05464
4417 2.04396
4418 2.05839
4419 2.05232
4420 2.04144
4421 2.0433
4422 2.04337
4423 2.05262
4424 2.04189
4425 2.0427
4426 2.04457
4427 2.05061
4428 2.04129
4429 2.04284
4430 2.04992
4431 2.05074
4432 2.04437
4433 2.04646
4434 2.0446
4435 2.04131
4436 2.05177
4437 2.05719
4438 2.0514
4439 2.04247
4440 2.0554
4441 2.04055
4442 2.04494
4443 2.04953
4444 2.03942
4445 2.04002
4446 2.05411
4447 2.05185
4448 2.04288
4449 2.04813
4450 2.04545
4451 2.05142
4452 2.04038
4453 2.04121
4454 2.04332
4455 2.04338
4456 2.04694
4457 2.04071
4458 2.04199
4459 2.04191
4460 2.05337
4461 2.04202
4462 2.0499
4463 2.05291
4464 2.04052
4465 2.03909
4466 2.05189
4467 2.05099
4468 2.03876
4469 2.05225
4470 2.04246
4471 2.04171
4472 2.04038
4473 2.04022
4474 2.04057
4475 2.04258
4476 2.04089
4477 2.04959
4478 2.04069
4479 2.04784
4480 2.05247
4481 2.03876
4482 2.0397
4483 2.04732
4484 2.04106
4485 2.03834
4486 2.05048
4487 2.05615
4488 2.04223
4489 2.04055
4490 2.03807
4491 2.05186
4492 2.04359
4493 2.03778
4494 2.04966
4495 2.04892
4496 2.04992
4497 2.04699
4498 2.0466
4499 2.04923
4500 2.05838
4501 2.03974
4502 2.04191
4503 2.04673
4504 2.03748
4505 2.03847
4506 2.04894
4507 2.04279
4508 2.04523
4509 2.03946
4510 2.0515
4511 2.05153
4512 2.04866
4513 2.03603
4514 2.03691
4515 2.04238
4516 2.05459
4517 2.03587
4518 2.04704
4519 2.03799
4520 2.03746
4521 2.04003
4522 2.04606
4523 2.03859
4524 2.04587
4525 2.04606
4526 2.05126
4527 2.05501
4528 2.05235
4529 2.03906
4530 2.03899
4531 2.04847
4532 2.04772
4533 2.04371
4534 2.0448
4535 2.04568
4536 2.0381
4537 2.03563
4538 2.05179
4539 2.05231
4540 2.04946
4541 2.04854
4542 2.042
4543 2.0343
4544 2.04539
4545 2.04411
4546 2.04376
4547 2.04009
4548 2.03484
4549 2.03606
4550 2.04619
4551 2.04806
4552 2.04346
4553 2.03734
4554 2.04585
4555 2.03928
4556 2.04578
4557 2.03958
4558 2.04773
4559 2.03359
4560 2.04171
4561 2.0405
4562 2.03728
4563 2.03285
4564 2.03683
4565 2.05174
4566 2.04018
4567 2.04822
4568 2.04397
4569 2.04572
4570 2.03567
4571 2.03365
4572 2.05005
4573 2.04709
4574 2.05012
4575 2.04254
4576 2.03587
4577 2.03467
4578 2.04308
4579 2.03295
4580 2.0339
4581 2.04084
4582 2.04274
4583 2.04606
4584 2.04903
4585 2.03587
4586 2.05355
4587 2.04269
4588 2.03532
4589 2.03637
4590 2.04494
4591 2.03253
4592 2.04338
4593 2.11234
4594 2.0486
4595 2.04175
4596 2.04485
4597 2.0456
4598 2.04193
4599 2.03434
4600 2.04313
4601 2.04088
4602 2.0414
4603 2.03643
4604 2.04023
4605 2.03711
4606 2.04747
4607 2.04317
4608 2.04344
4609 2.03341
4610 2.03161
4611 2.04064
4612 2.04386
4613 2.04355
4614 2.04113
4615 2.03423
4616 2.04001
4617 2.03556
4618 2.04201
4619 2.03381
4620 2.03138
4621 2.04637
4622 2.03352
4623 2.0451
4624 2.04289
4625 2.04806
4626 2.03292
4627 2.03883
4628 2.03218
4629 2.03181
4630 2.04183
4631 2.03157
4632 2.03467
4633 2.03424
4634 2.04321
4635 2.03945
4636 2.04301
4637 2.03356
4638 2.04106
4639 2.03097
4640 2.03088
4641 2.04212
4642 2.02984
4643 2.04102
4644 2.0422
4645 2.04133
4646 2.03995
4647 2.04539
4648 2.04051
4649 2.03743
4650 2.04173
4651 2.03188
4652 2.02925
4653 2.04306
4654 2.04492
4655 2.029
4656 2.03037
4657 2.04337
4658 2.03038
4659 2.0415
4660 2.0292
4661 2.04186
4662 2.04246
4663 2.0299
4664 2.03121
4665 2.04053
4666 2.0332
4667 2.03108
4668 2.1119
4669 2.03901
4670 2.10273
4671 2.02908
4672 2.04879
4673 2.04229
4674 2.04064
4675 2.0361
4676 2.0397
4677 2.03878
4678 2.03841
4679 2.03916
4680 2.03769
4681 2.03958
4682 2.02836
4683 2.0462
4684 2.02764
4685 2.02738
4686 2.02952
4687 2.03702
4688 2.03807
4689 2.03975
4690 2.04061
4691 2.03629
4692 2.03743
4693 2.03955
4694 2.038
4695 2.02862
4696 2.04011
4697 2.02806
4698 2.0302
4699 2.04041
4700 2.03759
4701 2.03863
4702 2.02951
4703 2.02845
4704 2.02598
4705 2.03996
4706 2.02868
4707 2.0431
4708 2.03451
4709 2.03681
4710 2.02767
4711 2.03817
4712 2.0357
4713 2.03929
4714 2.03702
4715 2.02678
4716 2.03858
4717 2.02621
4718 2.11384
4719 2.04077
4720 2.03522
4721 2.03454
4722 2.03147
4723 2.0351
4724 2.10008
4725 2.04148
4726 2.03935
4727 2.02668
4728 2.0352
4729 2.11293
4730 2.03344
4731 2.04042
4732 2.03835
4733 2.03707
4734 2.04242
4735 2.03634
4736 2.0249
4737 2.02647
4738 2.1051
4739 2.03669
4740 2.03633
4741 2.02635
4742 2.02793
4743 2.02587
4744 2.11398
4745 2.04526
4746 2.03663
4747 2.02683
4748 2.0255
4749 2.03557
4750 2.04086
4751 2.03217
4752 2.03443
4753 2.02306
4754 2.0254
4755 2.03564
4756 2.02396
4757 2.03996
4758 2.04354
4759 2.03709
4760 2.02383
4761 2.02303
4762 2.03532
4763 2.03397
4764 2.03695
4765 2.0385
4766 2.03271
4767 2.02324
4768 2.02331
4769 2.02952
4770 2.03324
4771 2.02437
4772 2.03293
4773 2.02384
4774 2.0231
4775 2.03263
4776 2.03339
4777 2.03412
4778 2.0277
4779 2.03567
4780 2.03671
4781 2.03448
4782 2.03576
4783 2.03359
4784 2.03293
4785 2.03274
4786 2.03662
4787 2.02606
4788 2.10621
4789 2.03795
4790 2.03596
4791 2.03409
4792 2.03217
4793 2.03302
4794 2.03152
4795 2.03324
4796 2.02977
4797 2.03357
4798 2.0334
4799 2.03361
4800 2.03091
4801 2.03536
4802 2.03436
4803 2.03489
4804 2.03101
4805 2.02145
4806 2.02933
4807 2.03071
4808 2.03389
4809 2.03201
4810 2.03103
4811 2.02917
4812 2.02934
4813 2.02726
4814 2.03146
4815 2.03529
4816 2.0316
4817 2.0305
4818 2.03041
4819 2.03084
4820 2.02976
4821 2.02061
4822 2.03544
4823 2.03042
4824 2.0317
4825 2.02296
4826 2.03355
4827 2.02852
4828 2.02955
4829 2.02076
4830 2.03251
4831 2.0394
4832 2.03762
4833 2.03669
4834 2.02435
4835 2.02302
4836 2.08967
4837 2.03092
4838 2.0301
4839 2.03163
4840 2.03449
4841 2.03294
4842 2.02947
4843 2.09584
4844 2.03233
4845 2.03079
4846 2.02043
4847 2.01862
4848 2.09034
4849 2.03392
4850 2.02337
4851 2.10673
4852 2.03179
4853 2.01896
4854 2.03122
4855 2.02811
4856 2.03012
4857 2.1024
4858 2.03082
4859 2.02765
4860 2.03004
4861 2.03909
4862 2.03473
4863 2.0295
4864 2.03738
4865 2.02812
4866 2.02157
4867 2.02785
4868 2.01928
4869 2.02966
4870 2.01852
4871 2.03218
4872 2.02847
4873 2.02956
4874 2.02145
4875 2.02853
4876 2.1038
4877 2.01824
4878 2.03111
4879 2.01901
4880 2.02716
4881 2.02597
4882 2.09252
4883 2.03016
4884 2.0272
4885 2.02236
4886 2.03039
4887 2.02834
4888 2.09497
4889 2.03166
4890 2.02507
4891 2.0272
4892 2.0267
4893 2.02101
4894 2.02766
4895 2.02737
4896 2.10503
4897 2.02674
4898 2.0262
4899 2.08525
4900 2.02673
4901 2.10106
4902 2.031
4903 2.02711
4904 2.02878
4905 2.02876
4906 2.02671
4907 2.02923
4908 2.02463
4909 2.02667
4910 2.02603
4911 2.09225
4912 2.02571
4913 2.02685
4914 2.02612
4915 2.03148
4916 2.01866
4917 2.02832
4918 2.03189
4919 2.02502
4920 2.03522
4921 2.02699
4922 2.10117
4923 2.01662
4924 2.03041
4925 2.02685
4926 2.02828
4927 2.02416
4928 2.02732
4929 2.02783
4930 2.01563
4931 2.02452
4932 2.02775
4933 2.10351
4934 2.0964
4935 2.0148
4936 2.03213
4937 2.0268
4938 2.02684
4939 2.03339
4940 2.01479
4941 2.03088
4942 2.02545
4943 2.02988
4944 2.0235
4945 2.02635
4946 2.02858
4947 2.02529
4948 2.02553
4949 2.10281
4950 2.03482
4951 2.02438
4952 2.10374
4953 2.10042
4954 2.02273
4955 2.02507
4956 2.01589
4957 2.02337
4958 2.01837
4959 2.0215
4960 2.01914
4961 2.02372
4962 2.02408
4963 2.02458
4964 2.02448
4965 2.09177
4966 2.03373
4967 2.02497
4968 2.02618
4969 2.0297
4970 2.02579
4971 2.09239
4972 2.02975
4973 2.01517
4974 2.02161
4975 2.09232
4976 2.02297
4977 2.01253
4978 2.08978
4979 2.08874
4980 2.02236
4981 2.09725
4982 2.02442
4983 2.02906
4984 2.01084
4985 2.02228
4986 2.09093
4987 2.02494
4988 2.02437
4989 2.09132
4990 2.02469
4991 2.0229
4992 2.03128
4993 2.02136
4994 2.02305
4995 2.01663
4996 2.02437
4997 2.02262
4998 2.08867
4999 2.02976
