100 1.05926
101 1.06157
102 1.05463
103 1.04251
104 1.05326
105 1.05157
106 1.06149
107 1.04767
108 1.05142
109 1.05348
110 1.05354
111 1.05179
112 1.0505
113 1.04802
114 1.05298
115 1.05588
116 1.05528
117 1.05259
118 1.0521
119 1.05006
120 1.05305
121 1.05378
122 1.04947
123 1.0526
124 1.05156
125 1.05763
126 1.05102
127 1.05181
128 1.05103
129 1.05247
130 1.04855
131 1.05368
132 1.05087
133 1.05089
134 1.05107
135 1.05296
136 1.04779
137 1.05146
138 1.051
139 1.04553
140 1.05107
141 1.04978
142 1.05287
143 1.05364
144 1.05309
145 1.05669
146 1.04672
147 1.05275
148 1.05728
149 1.04994
150 1.05702
151 1.04965
152 1.05587
153 1.05419
154 1.05236
155 1.05152
156 1.05639
157 1.05057
158 1.05535
159 1.05722
160 1.05894
161 1.05096
162 1.05406
163 1.05484
164 1.05726
165 1.05454
166 1.05119
167 1.05395
168 1.05235
169 1.05533
170 1.05298
171 1.0569
172 1.05635
173 1.05693
174 1.05529
175 1.05312
176 1.0499
177 1.05146
178 1.0521
179 1.05648
180 1.05562
181 1.05639
182 1.05589
183 1.05607
184 1.04728
185 1.05307
186 1.04822
187 1.04904
188 1.05321
189 1.04883
190 1.05413
191 1.05506
192 1.05652
193 1.05055
194 1.04784
195 1.05233
196 1.05646
197 1.05013
198 1.052
199 1.04954
200 1.05886
201 1.04778
202 1.05343
203 1.04622
204 1.04957
205 1.05435
206 1.05094
207 1.04897
208 1.05063
209 1.04849
210 1.05187
211 1.04531
212 1.05073
213 1.05526
214 1.05067
215 1.04433
216 1.04753
217 1.05746
218 1.05208
219 1.04978
220 1.04626
221 1.05194
222 1.05312
223 1.05044
224 1.05062
225 1.05046
226 1.05884
227 1.05263
228 1.05063
229 1.04873
230 1.05227
231 1.05202
232 1.05049
233 1.05258
234 1.05597
235 1.0484
236 1.04323
237 1.05588
238 1.05507
239 1.05217
240 1.05371
241 1.05376
242 1.05508
243 1.05404
244 1.05333
245 1.05556
246 1.05069
247 1.04779
248 1.05476
249 1.0536
250 1.04727
251 1.05555
252 1.05761
253 1.05743
254 1.05125
255 1.05652
256 1.05253
257 1.05252
258 1.05816
259 1.05077
260 1.05914
261 1.05404
262 1.0511
263 1.05558
264 1.05544
265 1.05127
266 1.0507
267 1.0518
268 1.05245
269 1.05478
270 1.05145
271 1.05293
272 1.05131
273 1.0507
274 1.05488
275 1.05331
276 1.0509
277 1.05358
278 1.05138
279 1.04755
280 1.05149
281 1.05457
282 1.05079
283 1.05441
284 1.05366
285 1.0574
286 1.0503
287 1.05288
288 1.0525
289 1.05283
290 1.0506
291 1.05456
292 1.05106
293 1.05231
294 1.0484
295 1.05133
296 1.04625
297 1.05217
298 1.05449
299 1.05073
300 1.04825
301 1.04773
302 1.04955
303 1.05027
304 1.04985
305 1.05165
306 1.05069
307 1.05
308 1.04503
309 1.05165
310 1.04528
311 1.05058
312 1.04586
313 1.05034
314 1.05276
315 1.04899
316 1.05186
317 1.04895
318 1.05647
319 1.04986
320 1.0514
321 1.04972
322 1.0501
323 1.05152
324 1.04579
325 1.05398
326 1.05118
327 1.04857
328 1.05063
329 1.04936
330 1.05225
331 1.0473
332 1.04862
333 1.04744
334 1.04732
335 1.05215
336 1.05191
337 1.05352
338 1.05079
339 1.04816
340 1.0502
341 1.05278
342 1.04621
343 1.0491
344 1.04787
345 1.05563
346 1.04714
347 1.05312
348 1.05194
349 1.04944
350 1.05335
351 1.05315
352 1.05196
353 1.05817
354 1.0482
355 1.04829
356 1.04731
357 1.04819
358 1.04829
359 1.05068
360 1.04939
361 1.05557
362 1.04637
363 1.05226
364 1.05244
365 1.05158
366 1.0469
367 1.05196
368 1.04626
369 1.04875
370 1.0499
371 1.04834
372 1.05164
373 1.0515
374 1.04344
375 1.0485
376 1.05382
377 1.05073
378 1.05514
379 1.05133
380 1.04926
381 1.05155
382 1.05519
383 1.05346
384 1.05138
385 1.05065
386 1.05223
387 1.05027
388 1.05254
389 1.048
390 1.0506
391 1.057
392 1.05258
393 1.04991
394 1.05756
395 1.05294
396 1.05363
397 1.04661
398 1.05107
399 1.04924
400 1.05286
401 1.04867
402 1.0561
403 1.05454
404 1.06112
405 1.05601
406 1.05331
407 1.05364
408 1.05218
409 1.0505
410 1.0536
411 1.05314
412 1.0587
413 1.05587
414 1.05105
415 1.04839
416 1.05437
417 1.05564
418 1.04817
419 1.05378
420 1.05534
421 1.049
422 1.05568
423 1.05451
424 1.05376
425 1.05061
426 1.05904
427 1.04875
428 1.05738
429 1.05369
430 1.05012
431 1.05216
432 1.04721
433 1.05222
434 1.0521
435 1.05691
436 1.0535
437 1.05338
438 1.05306
439 1.05214
440 1.0507
441 1.05063
442 1.04852
443 1.05396
444 1.05064
445 1.05087
446 1.05545
447 1.05723
448 1.04751
449 1.04862
450 1.05292
451 1.05126
452 1.05275
453 1.05212
454 1.05245
455 1.05774
456 1.05164
457 1.05092
458 1.05336
459 1.05665
460 1.05447
461 1.05076
462 1.05886
463 1.04574
464 1.04748
465 1.05685
466 1.04879
467 1.05395
468 1.04948
469 1.05184
470 1.04965
471 1.04831
472 1.05632
473 1.04918
474 1.05216
475 1.04968
476 1.0468
477 1.05286
478 1.05227
479 1.04959
480 1.05137
481 1.05055
482 1.05481
483 1.04746
484 1.04762
485 1.04552
486 1.04744
487 1.04742
488 1.05043
489 1.05493
490 1.05096
491 1.04955
492 1.05321
493 1.05094
494 1.05042
495 1.05075
496 1.05204
497 1.05424
498 1.05244
499 1.05168
500 1.05709
501 1.04794
502 1.04888
503 1.04671
504 1.04925
505 1.05678
506 1.04467
507 1.05347
508 1.04579
509 1.05384
510 1.05269
511 1.05093
512 1.04859
513 1.05216
514 1.05213
515 1.05194
516 1.05086
517 1.05069
518 1.04682
519 1.04976
520 1.05028
521 1.05532
522 1.04934
523 1.05348
524 1.0504
525 1.05304
526 1.05239
527 1.04677
528 1.05053
529 1.04692
530 1.05142
531 1.04847
532 1.04607
533 1.04773
534 1.05101
535 1.04999
536 1.04947
537 1.0511
538 1.05
539 1.04512
540 1.05533
541 1.04747
542 1.05356
543 1.04787
544 1.05235
545 1.05043
546 1.04762
547 1.04821
548 1.05374
549 1.04999
550 1.04767
551 1.04796
552 1.05196
553 1.04908
554 1.04861
555 1.05119
556 1.04927
557 1.04962
558 1.04704
559 1.04452
560 1.04894
561 1.04696
562 1.04825
563 1.04653
564 1.04941
565 1.04698
566 1.05199
567 1.05027
568 1.0495
569 1.04674
570 1.05831
571 1.04882
572 1.05176
573 1.05161
574 1.04777
575 1.04685
576 1.05136
577 1.04561
578 1.05071
579 1.04774
580 1.05255
581 1.04275
582 1.05011
583 1.04899
584 1.04629
585 1.05069
586 1.0506
587 1.04941
588 1.04879
589 1.05012
590 1.0497
591 1.04925
592 1.05183
593 1.04904
594 1.04852
595 1.05214
596 1.05277
597 1.05116
598 1.04768
599 1.04844
600 1.0512
601 1.04504
602 1.05166
603 1.04912
604 1.04941
605 1.04789
606 1.05204
607 1.05068
608 1.05095
609 1.05358
610 1.04986
611 1.05061
612 1.05232
613 1.05229
614 1.05114
615 1.05023
616 1.04785
617 1.04646
618 1.04616
619 1.05696
620 1.0472
621 1.04737
622 1.05107
623 1.04767
624 1.04848
625 1.05003
626 1.05325
627 1.05086
628 1.04716
629 1.04958
630 1.04876
631 1.05315
632 1.04747
633 1.05047
634 1.05203
635 1.05507
636 1.05209
637 1.05101
638 1.05254
639 1.05119
640 1.04589
641 1.05266
642 1.04954
643 1.05061
644 1.04769
645 1.05348
646 1.05168
647 1.0526
648 1.05318
649 1.05324
650 1.04885
651 1.05129
652 1.05174
653 1.04971
654 1.05427
655 1.05231
656 1.05224
657 1.05802
658 1.05085
659 1.0537
660 1.05124
661 1.05718
662 1.04885
663 1.0532
664 1.05239
665 1.05703
666 1.05146
667 1.04521
668 1.05286
669 1.05254
670 1.05279
671 1.05369
672 1.05548
673 1.05551
674 1.05203
675 1.0545
676 1.04987
677 1.05313
678 1.05022
679 1.05077
680 1.04948
681 1.04893
682 1.05134
683 1.0569
684 1.04986
685 1.05175
686 1.049
687 1.05265
688 1.05126
689 1.04872
690 1.04937
691 1.04725
692 1.05036
693 1.05178
694 1.05367
695 1.05421
696 1.05213
697 1.04882
698 1.05176
699 1.05281
700 1.05191
701 1.05085
702 1.04855
703 1.04728
704 1.05102
705 1.04691
706 1.0536
707 1.05269
708 1.05219
709 1.04966
710 1.05094
711 1.05336
712 1.04927
713 1.05017
714 1.05567
715 1.05301
716 1.04827
717 1.05224
718 1.0504
719 1.05312
720 1.04919
721 1.05562
722 1.0526
723 1.04909
724 1.05626
725 1.05496
726 1.04816
727 1.05553
728 1.04935
729 1.05415
730 1.04927
731 1.05244
732 1.05331
733 1.05496
734 1.05317
735 1.04836
736 1.05037
737 1.04976
738 1.04611
739 1.04811
740 1.05106
741 1.05087
742 1.05147
743 1.05107
744 1.04893
745 1.05078
746 1.04881
747 1.04995
748 1.04522
749 1.0543
750 1.04956
751 1.05402
752 1.04681
753 1.05153
754 1.04958
755 1.05079
756 1.05623
757 1.05037
758 1.05168
759 1.05013
760 1.05288
761 1.04746
762 1.04932
763 1.05044
764 1.04547
765 1.05285
766 1.0515
767 1.0526
768 1.04945
769 1.0459
770 1.04984
771 1.0496
772 1.05818
773 1.05182
774 1.05112
775 1.04683
776 1.04919
777 1.04974
778 1.05056
779 1.05489
780 1.04597
781 1.04935
782 1.04961
783 1.0529
784 1.05247
785 1.05272
786 1.04698
787 1.04928
788 1.05262
789 1.05261
790 1.05174
791 1.05393
792 1.04651
793 1.05002
794 1.04782
795 1.04881
796 1.04793
797 1.04842
798 1.05033
799 1.05021
800 1.05442
801 1.04436
802 1.05078
803 1.04733
804 1.04739
805 1.05229
806 1.04576
807 1.04859
808 1.04622
809 1.04969
810 1.04857
811 1.04775
812 1.04681
813 1.0513
814 1.04734
815 1.04756
816 1.04741
817 1.05251
818 1.04771
819 1.05068
820 1.05295
821 1.04681
822 1.04742
823 1.05025
824 1.04747
825 1.05061
826 1.04869
827 1.04928
828 1.05091
829 1.05071
830 1.04719
831 1.04789
832 1.04874
833 1.05166
834 1.0465
835 1.04782
836 1.04569
837 1.04849
838 1.04754
839 1.04446
840 1.0499
841 1.0508
842 1.04895
843 1.04946
844 1.04819
845 1.04969
846 1.04598
847 1.04914
848 1.0491
849 1.05375
850 1.05094
851 1.04776
852 1.05038
853 1.05288
854 1.04875
855 1.04885
856 1.05147
857 1.04654
858 1.04283
859 1.04484
860 1.04877
861 1.0465
862 1.0489
863 1.04772
864 1.05098
865 1.04958
866 1.04938
867 1.04534
868 1.04628
869 1.05271
870 1.04716
871 1.05067
872 1.05121
873 1.05047
874 1.05348
875 1.05538
876 1.05115
877 1.04795
878 1.05315
879 1.04524
880 1.04527
881 1.04843
882 1.04639
883 1.0449
884 1.05185
885 1.04874
886 1.04959
887 1.04818
888 1.04666
889 1.05018
890 1.05078
891 1.0525
892 1.04737
893 1.04644
894 1.04963
895 1.04517
896 1.04562
897 1.04904
898 1.04532
899 1.04521
900 1.04614
901 1.04755
902 1.05125
903 1.0485
904 1.05181
905 1.0504
906 1.04648
907 1.05284
908 1.04063
909 1.04223
910 1.04761
911 1.04892
912 1.053
913 1.04644
914 1.04825
915 1.05036
916 1.05105
917 1.04683
918 1.0471
919 1.05057
920 1.0468
921 1.04989
922 1.05133
923 1.04663
924 1.0446
925 1.04629
926 1.04642
927 1.05066
928 1.05005
929 1.05047
930 1.05025
931 1.04697
932 1.04967
933 1.05374
934 1.0501
935 1.04669
936 1.0491
937 1.0449
938 1.04571
939 1.04464
940 1.04933
941 1.05146
942 1.04583
943 1.04664
944 1.04816
945 1.04848
946 1.04668
947 1.05092
948 1.05061
949 1.04344
950 1.04918
951 1.04721
952 1.0489
953 1.05025
954 1.05218
955 1.04914
956 1.05067
957 1.04739
958 1.04884
959 1.04548
960 1.0487
961 1.05294
962 1.04978
963 1.05159
964 1.04668
965 1.04862
966 1.0495
967 1.05108
968 1.04835
969 1.04429
970 1.04909
971 1.04762
972 1.05191
973 1.04775
974 1.04838
975 1.05176
976 1.04877
977 1.04942
978 1.05247
979 1.05112
980 1.04995
981 1.04752
982 1.04664
983 1.04876
984 1.05257
985 1.04545
986 1.04679
987 1.04867
988 1.05219
989 1.0524
990 1.04748
991 1.04834
992 1.04819
993 1.05159
994 1.04701
995 1.04934
996 1.05004
997 1.051
998 1.05125
999 1.05301
1000 1.05011
1001 1.05215
1002 1.0483
1003 1.05503
1004 1.05012
1005 1.05011
1006 1.04633
1007 1.04972
1008 1.04786
1009 1.05189
1010 1.04809
1011 1.04848
1012 1.04873
1013 1.05322
1014 1.04989
1015 1.0518
1016 1.0524
1017 1.04983
1018 1.04726
1019 1.04903
1020 1.05055
1021 1.0497
1022 1.05509
1023 1.05401
1024 1.0479
1025 1.04837
1026 1.05268
1027 1.04579
1028 1.05082
1029 1.05086
1030 1.04564
1031 1.05348
1032 1.04803
1033 1.0502
1034 1.04981
1035 1.05559
1036 1.04963
1037 1.04953
1038 1.04949
1039 1.0501
1040 1.05583
1041 1.05072
1042 1.05195
1043 1.04954
1044 1.05431
1045 1.05092
1046 1.04957
1047 1.04847
1048 1.04629
1049 1.05128
1050 1.04999
1051 1.04957
1052 1.05164
1053 1.05008
1054 1.04925
1055 1.04787
1056 1.05159
1057 1.05332
1058 1.05132
1059 1.04882
1060 1.05132
1061 1.05734
1062 1.04965
1063 1.05254
1064 1.05119
1065 1.04907
1066 1.05167
1067 1.04932
1068 1.04859
1069 1.05215
1070 1.05182
1071 1.05332
1072 1.05262
1073 1.05011
1074 1.0524
1075 1.05056
1076 1.04943
1077 1.04942
1078 1.0496
1079 1.05002
1080 1.0503
1081 1.05098
1082 1.05162
1083 1.05229
1084 1.05097
1085 1.04986
1086 1.05052
1087 1.05039
1088 1.05346
1089 1.04848
1090 1.05183
1091 1.04594
1092 1.0528
1093 1.04677
1094 1.0532
1095 1.04506
1096 1.05109
1097 1.05089
1098 1.0498
1099 1.04881
1100 1.05384
1101 1.05086
1102 1.04877
1103 1.04697
1104 1.0499
1105 1.05273
1106 1.05155
1107 1.0518
1108 1.05292
1109 1.04845
1110 1.05246
1111 1.05008
1112 1.05244
1113 1.05086
1114 1.05166
1115 1.0471
1116 1.05303
1117 1.05065
1118 1.05331
1119 1.05615
1120 1.05002
1121 1.05133
1122 1.05125
1123 1.04923
1124 1.0516
1125 1.0487
1126 1.05188
1127 1.05314
1128 1.0531
1129 1.0518
1130 1.05179
1131 1.0541
1132 1.04977
1133 1.05174
1134 1.04959
1135 1.05237
1136 1.04757
1137 1.05359
1138 1.04811
1139 1.05537
1140 1.05409
1141 1.05544
1142 1.05134
1143 1.05015
1144 1.05362
1145 1.04816
1146 1.05318
1147 1.0478
1148 1.05258
1149 1.05195
1150 1.05155
1151 1.04722
1152 1.04944
1153 1.04728
1154 1.05368
1155 1.05193
1156 1.04743
1157 1.05248
1158 1.05071
1159 1.04947
1160 1.05186
1161 1.04771
1162 1.05315
1163 1.05286
1164 1.04867
1165 1.04697
1166 1.05352
1167 1.05017
1168 1.04715
1169 1.05093
1170 1.05222
1171 1.05996
1172 1.05235
1173 1.05251
1174 1.04857
1175 1.05154
1176 1.05049
1177 1.04862
1178 1.05413
1179 1.05492
1180 1.0492
1181 1.05201
1182 1.05095
1183 1.05251
1184 1.05066
1185 1.04913
1186 1.04854
1187 1.05317
1188 1.05573
1189 1.04973
1190 1.05406
1191 1.05051
1192 1.0477
1193 1.05263
1194 1.05163
1195 1.04677
1196 1.05347
1197 1.04821
1198 1.05337
1199 1.05238
1200 1.05339
1201 1.04832
1202 1.0506
1203 1.04853
1204 1.05221
1205 1.0531
1206 1.05373
1207 1.04858
1208 1.05262
1209 1.04969
1210 1.04979
1211 1.04951
1212 1.04849
1213 1.05179
1214 1.05411
1215 1.0508
1216 1.05121
1217 1.05104
1218 1.0543
1219 1.05402
1220 1.04749
1221 1.0486
1222 1.04742
1223 1.04715
1224 1.05353
1225 1.05156
1226 1.05058
1227 1.05136
1228 1.04895
1229 1.04843
1230 1.05027
1231 1.05091
1232 1.051
1233 1.04805
1234 1.05324
1235 1.04887
1236 1.04719
1237 1.04679
1238 1.04815
1239 1.05553
1240 1.05051
1241 1.05173
1242 1.04703
1243 1.0513
1244 1.05085
1245 1.05136
1246 1.05071
1247 1.04807
1248 1.05138
1249 1.05485
1250 1.05084
1251 1.04919
1252 1.04908
1253 1.04662
1254 1.04724
1255 1.04747
1256 1.04808
1257 1.04843
1258 1.05038
1259 1.0499
1260 1.04625
1261 1.0502
1262 1.04807
1263 1.04892
1264 1.05387
1265 1.05167
1266 1.04932
1267 1.05052
1268 1.05052
1269 1.04962
1270 1.04827
1271 1.05224
1272 1.04951
1273 1.04935
1274 1.04644
1275 1.0517
1276 1.04914
1277 1.05073
1278 1.04872
1279 1.04711
1280 1.0477
1281 1.04788
1282 1.0523
1283 1.04606
1284 1.04606
1285 1.04782
1286 1.0488
1287 1.04997
1288 1.04505
1289 1.04973
1290 1.045
1291 1.0502
1292 1.04831
1293 1.04596
1294 1.05223
1295 1.05013
1296 1.04834
1297 1.04669
1298 1.05087
1299 1.04799
1300 1.04669
1301 1.04819
1302 1.04801
1303 1.04784
1304 1.04731
1305 1.04161
1306 1.04885
1307 1.05053
1308 1.0501
1309 1.05193
1310 1.05229
1311 1.04445
1312 1.04889
1313 1.04575
1314 1.04844
1315 1.04985
1316 1.04561
1317 1.04957
1318 1.04999
1319 1.04912
1320 1.0472
1321 1.05203
1322 1.04877
1323 1.04981
1324 1.04642
1325 1.0487
1326 1.04921
1327 1.04308
1328 1.04494
1329 1.04773
1330 1.05007
1331 1.04991
1332 1.04663
1333 1.04947
1334 1.04953
1335 1.04671
1336 1.04985
1337 1.0488
1338 1.0482
1339 1.04638
1340 1.04508
1341 1.04544
1342 1.04647
1343 1.05024
1344 1.04852
1345 1.04625
1346 1.0457
1347 1.04947
1348 1.05003
1349 1.04688
1350 1.04773
1351 1.04848
1352 1.05018
1353 1.05167
1354 1.04981
1355 1.05001
1356 1.04925
1357 1.04659
1358 1.04917
1359 1.04973
1360 1.04944
1361 1.04895
1362 1.04747
1363 1.04853
1364 1.04975
1365 1.04868
1366 1.04767
1367 1.04899
1368 1.04725
1369 1.04602
1370 1.05114
1371 1.04739
1372 1.04932
1373 1.0497
1374 1.0494
1375 1.04416
1376 1.0464
1377 1.04764
1378 1.04934
1379 1.04583
1380 1.04616
1381 1.04896
1382 1.04858
1383 1.0541
1384 1.04797
1385 1.04547
1386 1.04435
1387 1.04537
1388 1.04889
1389 1.04792
1390 1.04836
1391 1.04669
1392 1.04832
1393 1.04625
1394 1.04772
1395 1.04876
1396 1.04837
1397 1.04526
1398 1.04989
1399 1.0488
1400 1.05
1401 1.047
1402 1.04491
1403 1.04736
1404 1.04323
1405 1.04748
1406 1.0471
1407 1.04464
1408 1.04888
1409 1.0465
1410 1.04807
1411 1.04991
1412 1.04699
1413 1.04463
1414 1.05181
1415 1.04388
1416 1.04871
1417 1.04736
1418 1.04952
1419 1.04467
1420 1.04312
1421 1.04817
1422 1.04573
1423 1.04575
1424 1.04657
1425 1.04949
1426 1.04468
1427 1.04976
1428 1.04797
1429 1.04779
1430 1.04773
1431 1.04749
1432 1.046
1433 1.05036
1434 1.04446
1435 1.04827
1436 1.04376
1437 1.04345
1438 1.04811
1439 1.04674
1440 1.05028
1441 1.04452
1442 1.04658
1443 1.05084
1444 1.04708
1445 1.04579
1446 1.04733
1447 1.04606
1448 1.04731
1449 1.04901
1450 1.04821
1451 1.04811
1452 1.04574
1453 1.04421
1454 1.04978
1455 1.04793
1456 1.04858
1457 1.04749
1458 1.04652
1459 1.04603
1460 1.04597
1461 1.04622
1462 1.04932
1463 1.0483
1464 1.05163
1465 1.04738
1466 1.04847
1467 1.04714
1468 1.05
1469 1.04919
1470 1.04932
1471 1.04589
1472 1.04635
1473 1.04735
1474 1.04588
1475 1.0467
1476 1.04851
1477 1.04913
1478 1.04698
1479 1.04729
1480 1.04784
1481 1.04243
1482 1.04454
1483 1.04964
1484 1.04712
1485 1.05072
1486 1.04492
1487 1.04745
1488 1.05066
1489 1.04691
1490 1.04789
1491 1.04656
1492 1.04647
1493 1.04654
1494 1.04481
1495 1.04786
1496 1.04285
1497 1.04945
1498 1.04705
1499 1.04642
1500 1.04591
1501 1.05141
1502 1.04701
1503 1.04747
1504 1.04518
1505 1.04935
1506 1.05003
1507 1.04955
1508 1.04605
1509 1.04898
1510 1.04448
1511 1.04925
1512 1.04637
1513 1.04866
1514 1.04641
1515 1.04366
1516 1.04973
1517 1.04784
1518 1.04761
1519 1.04771
1520 1.04404
1521 1.0474
1522 1.04878
1523 1.04416
1524 1.04728
1525 1.04729
1526 1.04481
1527 1.04502
1528 1.04866
1529 1.04634
1530 1.05173
1531 1.04803
1532 1.0461
1533 1.04844
1534 1.05029
1535 1.04935
1536 1.04531
1537 1.04802
1538 1.04676
1539 1.04795
1540 1.04869
1541 1.05084
1542 1.04701
1543 1.05083
1544 1.04792
1545 1.04531
1546 1.05038
1547 1.04595
1548 1.04592
1549 1.04734
1550 1.04653
1551 1.04885
1552 1.04885
1553 1.05035
1554 1.04905
1555 1.04955
1556 1.04887
1557 1.04471
1558 1.04969
1559 1.05163
1560 1.04616
1561 1.04674
1562 1.05192
1563 1.04914
1564 1.04849
1565 1.05122
1566 1.04705
1567 1.04735
1568 1.04645
1569 1.04869
1570 1.04534
1571 1.04945
1572 1.04736
1573 1.04853
1574 1.05529
1575 1.05049
1576 1.04796
1577 1.04863
1578 1.04833
1579 1.04564
1580 1.0469
1581 1.04923
1582 1.04971
1583 1.04618
1584 1.05394
1585 1.04572
1586 1.0464
1587 1.04718
1588 1.04801
1589 1.05118
1590 1.04734
1591 1.04697
1592 1.05209
1593 1.04468
1594 1.04907
1595 1.04982
1596 1.04956
1597 1.04844
1598 1.04912
1599 1.04713
1600 1.0489
1601 1.05153
1602 1.04483
1603 1.04881
1604 1.05269
1605 1.04748
1606 1.0502
1607 1.04835
1608 1.04292
1609 1.04962
1610 1.05275
1611 1.04998
1612 1.05341
1613 1.05183
1614 1.05054
1615 1.05007
1616 1.04676
1617 1.05263
1618 1.0497
1619 1.05132
1620 1.0467
1621 1.05202
1622 1.04768
1623 1.04768
1624 1.05013
1625 1.05031
1626 1.05191
1627 1.05061
1628 1.04824
1629 1.04286
1630 1.05103
1631 1.05079
1632 1.05172
1633 1.04673
1634 1.04628
1635 1.05011
1636 1.05036
1637 1.05084
1638 1.04978
1639 1.0465
1640 1.04846
1641 1.0474
1642 1.04812
1643 1.0461
1644 1.04856
1645 1.04424
1646 1.04917
1647 1.05053
1648 1.05319
1649 1.04468
1650 1.04633
1651 1.05057
1652 1.05095
1653 1.04843
1654 1.05442
1655 1.04928
1656 1.04479
1657 1.0512
1658 1.05261
1659 1.04643
1660 1.04849
1661 1.04678
1662 1.04463
1663 1.04841
1664 1.05052
1665 1.05114
1666 1.0503
1667 1.05015
1668 1.04952
1669 1.05171
1670 1.04793
1671 1.05336
1672 1.04663
1673 1.053
1674 1.05335
1675 1.04715
1676 1.04652
1677 1.05254
1678 1.04969
1679 1.04489
1680 1.05121
1681 1.04727
1682 1.04948
1683 1.05131
1684 1.04891
1685 1.04651
1686 1.04902
1687 1.0507
1688 1.04716
1689 1.04961
1690 1.05
1691 1.04844
1692 1.04911
1693 1.04929
1694 1.04897
1695 1.04894
1696 1.04832
1697 1.05041
1698 1.04608
1699 1.04992
1700 1.0496
1701 1.05141
1702 1.05137
1703 1.05374
1704 1.05038
1705 1.0498
1706 1.04985
1707 1.05006
1708 1.05041
1709 1.05145
1710 1.0445
1711 1.05284
1712 1.04735
1713 1.0493
1714 1.05367
1715 1.04958
1716 1.04907
1717 1.05047
1718 1.05328
1719 1.05092
1720 1.0493
1721 1.05078
1722 1.0475
1723 1.04979
1724 1.05556
1725 1.04869
1726 1.04963
1727 1.05047
1728 1.04963
1729 1.05429
1730 1.04746
1731 1.05093
1732 1.05299
1733 1.05023
1734 1.05242
1735 1.05133
1736 1.0488
1737 1.05505
1738 1.05128
1739 1.05103
1740 1.0488
1741 1.04883
1742 1.04763
1743 1.04599
1744 1.04882
1745 1.05085
1746 1.0485
1747 1.0491
1748 1.04652
1749 1.05345
1750 1.05323
1751 1.05308
1752 1.04951
1753 1.05115
1754 1.05018
1755 1.04998
1756 1.04767
1757 1.04984
1758 1.04715
1759 1.04713
1760 1.05152
1761 1.04844
1762 1.04786
1763 1.05116
1764 1.0477
1765 1.04961
1766 1.05013
1767 1.0537
1768 1.0502
1769 1.04952
1770 1.05155
1771 1.04811
1772 1.05326
1773 1.05122
1774 1.05059
1775 1.0513
1776 1.04971
1777 1.048
1778 1.05161
1779 1.05319
1780 1.05016
1781 1.04827
1782 1.05155
1783 1.04964
1784 1.05322
1785 1.04987
1786 1.04833
1787 1.05328
1788 1.0504
1789 1.05106
1790 1.0521
1791 1.05118
1792 1.05037
1793 1.04956
1794 1.0522
1795 1.04912
1796 1.04988
1797 1.05364
1798 1.04909
1799 1.05474
1800 1.05054
1801 1.05287
1802 1.05214
1803 1.05355
1804 1.05088
1805 1.04773
1806 1.04805
1807 1.05168
1808 1.05554
1809 1.04981
1810 1.05272
1811 1.04862
1812 1.05416
1813 1.05206
1814 1.05299
1815 1.05073
1816 1.0497
1817 1.05133
1818 1.04952
1819 1.04902
1820 1.0527
1821 1.05434
1822 1.0503
1823 1.05029
1824 1.04672
1825 1.05046
1826 1.04854
1827 1.0557
1828 1.05182
1829 1.04778
1830 1.05113
1831 1.05488
1832 1.04874
1833 1.04866
1834 1.05054
1835 1.05144
1836 1.04958
1837 1.05217
1838 1.0536
1839 1.05246
1840 1.04922
1841 1.05098
1842 1.0513
1843 1.04737
1844 1.05496
1845 1.05003
1846 1.05144
1847 1.05006
1848 1.05145
1849 1.04629
1850 1.04878
1851 1.0509
1852 1.05411
1853 1.05061
1854 1.04979
1855 1.05272
1856 1.04903
1857 1.05035
1858 1.05032
1859 1.05676
1860 1.04934
1861 1.04999
1862 1.04942
1863 1.0531
1864 1.04914
1865 1.05055
1866 1.05034
1867 1.04745
1868 1.04876
1869 1.05129
1870 1.05386
1871 1.05055
1872 1.05254
1873 1.04953
1874 1.05308
1875 1.04997
1876 1.05211
1877 1.05166
1878 1.04963
1879 1.05002
1880 1.05004
1881 1.05229
1882 1.04968
1883 1.04832
1884 1.04765
1885 1.04865
1886 1.05331
1887 1.04911
1888 1.04543
1889 1.05228
1890 1.05038
1891 1.05145
1892 1.04844
1893 1.05087
1894 1.04996
1895 1.04644
1896 1.05033
1897 1.04794
1898 1.04973
1899 1.05267
1900 1.04812
1901 1.04763
1902 1.05043
1903 1.05288
1904 1.04947
1905 1.05004
1906 1.05062
1907 1.05196
1908 1.05409
1909 1.04865
1910 1.04953
1911 1.04888
1912 1.04934
1913 1.05315
1914 1.05048
1915 1.04759
1916 1.04953
1917 1.05224
1918 1.05161
1919 1.05065
1920 1.05273
1921 1.04846
1922 1.05008
1923 1.05026
1924 1.05172
1925 1.05295
1926 1.05072
1927 1.05119
1928 1.04959
1929 1.04883
1930 1.04996
1931 1.04761
1932 1.05194
1933 1.05038
1934 1.04785
1935 1.04859
1936 1.05095
1937 1.04884
1938 1.05025
1939 1.05124
1940 1.04936
1941 1.05028
1942 1.05152
1943 1.04967
1944 1.04875
1945 1.04566
1946 1.0497
1947 1.05108
1948 1.05063
1949 1.0472
1950 1.05258
1951 1.04965
1952 1.05228
1953 1.04746
1954 1.04979
1955 1.04764
1956 1.04548
1957 1.04558
1958 1.05074
1959 1.04536
1960 1.05316
1961 1.05175
1962 1.05128
1963 1.04854
1964 1.04725
1965 1.05085
1966 1.0503
1967 1.04873
1968 1.04877
1969 1.0502
1970 1.05025
1971 1.04926
1972 1.04957
1973 1.04808
1974 1.04642
1975 1.05266
1976 1.0478
1977 1.04801
1978 1.04591
1979 1.04775
1980 1.04562
1981 1.04871
1982 1.05154
1983 1.0476
1984 1.05496
1985 1.04596
1986 1.04654
1987 1.05147
1988 1.04763
1989 1.04468
1990 1.051
1991 1.04821
1992 1.05077
1993 1.0461
1994 1.05081
1995 1.04748
1996 1.04936
1997 1.04892
1998 1.05231
1999 1.04827
2000 1.05204
2001 1.04899
2002 1.05101
2003 1.05047
2004 1.048
2005 1.05212
2006 1.05138
2007 1.0494
2008 1.0509
2009 1.04795
2010 1.04956
2011 1.05147
2012 1.04654
2013 1.04809
2014 1.04888
2015 1.04867
2016 1.05068
2017 1.04723
2018 1.05085
2019 1.04899
2020 1.04931
2021 1.04617
2022 1.05006
2023 1.05246
2024 1.05293
2025 1.05042
2026 1.05239
2027 1.049
2028 1.04914
2029 1.04812
2030 1.04709
2031 1.04646
2032 1.04774
2033 1.04904
2034 1.05175
2035 1.05038
2036 1.05222
2037 1.04868
2038 1.05083
2039 1.05085
2040 1.05031
2041 1.0481
2042 1.04861
2043 1.04889
2044 1.04967
2045 1.05048
2046 1.05049
2047 1.04948
2048 1.04873
2049 1.04913
2050 1.04816
2051 1.04789
2052 1.04988
2053 1.05014
2054 1.04717
2055 1.04596
2056 1.04528
2057 1.04691
2058 1.04847
2059 1.04883
2060 1.04931
2061 1.04736
2062 1.04901
2063 1.05275
2064 1.04798
2065 1.05136
2066 1.04597
2067 1.05444
2068 1.04768
2069 1.04817
2070 1.05201
2071 1.04722
2072 1.04696
2073 1.04804
2074 1.04891
2075 1.04978
2076 1.04788
2077 1.05037
2078 1.05103
2079 1.04606
2080 1.04624
2081 1.05163
2082 1.04849
2083 1.04861
2084 1.05015
2085 1.04519
2086 1.0451
2087 1.04728
2088 1.04941
2089 1.04684
2090 1.04774
2091 1.04885
2092 1.04907
2093 1.04992
2094 1.05158
2095 1.04762
2096 1.04997
2097 1.04564
2098 1.04645
2099 1.04802
2100 1.04822
2101 1.04795
2102 1.04806
2103 1.04914
2104 1.04919
2105 1.04852
2106 1.05003
2107 1.04917
2108 1.04933
2109 1.04752
2110 1.04879
2111 1.0454
2112 1.04918
2113 1.04997
2114 1.0477
2115 1.05074
2116 1.04656
2117 1.04686
2118 1.04549
2119 1.047
2120 1.0524
2121 1.04655
2122 1.04505
2123 1.04901
2124 1.05124
2125 1.04933
2126 1.05186
2127 1.0483
2128 1.05018
2129 1.0539
2130 1.04903
2131 1.05249
2132 1.04818
2133 1.05047
2134 1.04929
2135 1.04735
2136 1.04798
2137 1.04903
2138 1.04674
2139 1.04506
2140 1.04394
2141 1.05207
2142 1.0473
2143 1.04399
2144 1.04809
2145 1.04744
2146 1.04644
2147 1.04562
2148 1.05005
2149 1.05038
2150 1.04503
2151 1.04697
2152 1.04827
2153 1.05042
2154 1.04831
2155 1.04996
2156 1.04722
2157 1.04835
2158 1.04693
2159 1.0475
2160 1.04878
2161 1.0481
2162 1.05112
2163 1.04632
2164 1.0488
2165 1.04934
2166 1.05197
2167 1.04415
2168 1.04303
2169 1.04683
2170 1.04875
2171 1.04887
2172 1.04839
2173 1.05084
2174 1.04708
2175 1.04895
2176 1.05307
2177 1.04782
2178 1.04663
2179 1.05269
2180 1.04427
2181 1.04668
2182 1.04603
2183 1.04817
2184 1.04921
2185 1.05027
2186 1.04831
2187 1.04571
2188 1.04438
2189 1.04449
2190 1.04885
2191 1.04783
2192 1.04339
2193 1.0449
2194 1.0465
2195 1.0509
2196 1.04666
2197 1.04608
2198 1.04456
2199 1.04605
2200 1.0476
2201 1.0465
2202 1.04781
2203 1.04818
2204 1.0493
2205 1.04622
2206 1.04662
2207 1.04226
2208 1.04788
2209 1.04494
2210 1.04849
2211 1.04562
2212 1.04773
2213 1.04898
2214 1.04487
2215 1.04614
2216 1.04876
2217 1.04845
2218 1.04651
2219 1.04536
2220 1.04811
2221 1.04998
2222 1.0492
2223 1.04266
2224 1.04618
2225 1.04497
2226 1.04865
2227 1.0463
2228 1.04569
2229 1.04734
2230 1.04704
2231 1.04675
2232 1.0463
2233 1.04632
2234 1.04831
2235 1.05098
2236 1.04802
2237 1.04651
2238 1.0473
2239 1.04556
2240 1.04593
2241 1.04786
2242 1.043
2243 1.04645
2244 1.0448
2245 1.04804
2246 1.04775
2247 1.04903
2248 1.0464
2249 1.04675
2250 1.05078
2251 1.04906
2252 1.04583
2253 1.04377
2254 1.04741
2255 1.04505
2256 1.04825
2257 1.04738
2258 1.05003
2259 1.04888
2260 1.04812
2261 1.04735
2262 1.0479
2263 1.04771
2264 1.05161
2265 1.04715
2266 1.04581
2267 1.04578
2268 1.04563
2269 1.05007
2270 1.04986
2271 1.04423
2272 1.04733
2273 1.04581
2274 1.04933
2275 1.047
2276 1.04712
2277 1.04866
2278 1.04443
2279 1.04925
2280 1.0482
2281 1.0525
2282 1.04947
2283 1.04677
2284 1.04774
2285 1.0458
2286 1.04586
2287 1.04352
2288 1.04256
2289 1.04796
2290 1.04907
2291 1.05082
2292 1.05063
2293 1.04695
2294 1.04822
2295 1.0474
2296 1.04464
2297 1.04736
2298 1.05062
2299 1.04658
2300 1.04575
2301 1.0467
2302 1.05038
2303 1.04941
2304 1.04747
2305 1.04582
2306 1.04347
2307 1.04957
2308 1.0454
2309 1.04708
2310 1.04644
2311 1.04899
2312 1.05078
2313 1.05085
2314 1.05218
2315 1.04707
2316 1.05187
2317 1.04472
2318 1.04378
2319 1.04912
2320 1.04953
2321 1.04504
2322 1.04412
2323 1.04394
2324 1.04758
2325 1.04607
2326 1.05188
2327 1.04703
2328 1.04902
2329 1.0492
2330 1.0441
2331 1.044
2332 1.04447
2333 1.04876
2334 1.04179
2335 1.04718
2336 1.04326
2337 1.04491
2338 1.04731
2339 1.04457
2340 1.04681
2341 1.04871
2342 1.04743
2343 1.04604
2344 1.04358
2345 1.04654
2346 1.04681
2347 1.04916
2348 1.04796
2349 1.04872
2350 1.04486
2351 1.04163
2352 1.04719
2353 1.04781
2354 1.04625
2355 1.04916
2356 1.0431
2357 1.04756
2358 1.05011
2359 1.04585
2360 1.04927
2361 1.04378
2362 1.04826
2363 1.04787
2364 1.04538
2365 1.04553
2366 1.04864
2367 1.04604
2368 1.04663
2369 1.04382
2370 1.04656
2371 1.0513
2372 1.04466
2373 1.04533
2374 1.04655
2375 1.04323
2376 1.0441
2377 1.05162
2378 1.04813
2379 1.04799
2380 1.04657
2381 1.0458
2382 1.04537
2383 1.05053
2384 1.04348
2385 1.04789
2386 1.04585
2387 1.04842
2388 1.05052
2389 1.04806
2390 1.04491
2391 1.04513
2392 1.04643
2393 1.04684
2394 1.04522
2395 1.04484
2396 1.04763
2397 1.04995
2398 1.04948
2399 1.04343
2400 1.04695
2401 1.04677
2402 1.04143
2403 1.0466
2404 1.0475
2405 1.04469
2406 1.04392
2407 1.05036
2408 1.04506
2409 1.0476
2410 1.04738
2411 1.04657
2412 1.04366
2413 1.04576
2414 1.0467
2415 1.04585
2416 1.0464
2417 1.04311
2418 1.04728
2419 1.04761
2420 1.04496
2421 1.0479
2422 1.04666
2423 1.04465
2424 1.04606
2425 1.04747
2426 1.04416
2427 1.04685
2428 1.04346
2429 1.04997
2430 1.04775
2431 1.04447
2432 1.04954
2433 1.0483
2434 1.04657
2435 1.04633
2436 1.04529
2437 1.04437
2438 1.04751
2439 1.04421
2440 1.04521
2441 1.04612
2442 1.05008
2443 1.04874
2444 1.04792
2445 1.04867
2446 1.04388
2447 1.05023
2448 1.04582
2449 1.04722
2450 1.04737
2451 1.04286
2452 1.04423
2453 1.04633
2454 1.04543
2455 1.04856
2456 1.04672
2457 1.04578
2458 1.04638
2459 1.04722
2460 1.04531
2461 1.04648
2462 1.05272
2463 1.04877
2464 1.0507
2465 1.04893
2466 1.04641
2467 1.04858
2468 1.04831
2469 1.04394
2470 1.04636
2471 1.04985
2472 1.04452
2473 1.0432
2474 1.04764
2475 1.05167
2476 1.04399
2477 1.0465
2478 1.04999
2479 1.04864
2480 1.04778
2481 1.04376
2482 1.04764
2483 1.04634
2484 1.04316
2485 1.0496
2486 1.04735
2487 1.04987
2488 1.04316
2489 1.04671
2490 1.04682
2491 1.04638
2492 1.0468
2493 1.04734
2494 1.04717
2495 1.04723
2496 1.04719
2497 1.04326
2498 1.04569
2499 1.05157
2500 1.04732
2501 1.04522
2502 1.04616
2503 1.04288
2504 1.04636
2505 1.04529
2506 1.04576
2507 1.04951
2508 1.04789
2509 1.05147
2510 1.04582
2511 1.04659
2512 1.04513
2513 1.04696
2514 1.0516
2515 1.04504
2516 1.04523
2517 1.04766
2518 1.04694
2519 1.04429
2520 1.05113
2521 1.05213
2522 1.04903
2523 1.04875
2524 1.04747
2525 1.04623
2526 1.04869
2527 1.04827
2528 1.04484
2529 1.04379
2530 1.04604
2531 1.047
2532 1.04791
2533 1.04793
2534 1.04678
2535 1.04707
2536 1.04869
2537 1.04778
2538 1.04401
2539 1.0487
2540 1.0489
2541 1.04585
2542 1.04816
2543 1.04944
2544 1.04668
2545 1.04294
2546 1.04833
2547 1.04648
2548 1.04732
2549 1.04574
2550 1.04896
2551 1.04888
2552 1.04176
2553 1.04684
2554 1.04656
2555 1.05121
2556 1.04835
2557 1.04489
2558 1.0509
2559 1.05429
2560 1.04879
2561 1.04948
2562 1.04621
2563 1.04526
2564 1.04808
2565 1.04525
2566 1.04813
2567 1.04507
2568 1.04847
2569 1.04793
2570 1.04492
2571 1.04766
2572 1.04851
2573 1.04851
2574 1.0503
2575 1.04615
2576 1.04554
2577 1.04727
2578 1.04644
2579 1.04496
2580 1.05041
2581 1.04846
2582 1.04887
2583 1.05078
2584 1.04757
2585 1.04799
2586 1.04941
2587 1.04707
2588 1.04619
2589 1.047
2590 1.05217
2591 1.04799
2592 1.04933
2593 1.04798
2594 1.04676
2595 1.04993
2596 1.04821
2597 1.04412
2598 1.05045
2599 1.05044
2600 1.0467
2601 1.04773
2602 1.04935
2603 1.04735
2604 1.05104
2605 1.04943
2606 1.05011
2607 1.04719
2608 1.04847
2609 1.04859
2610 1.05029
2611 1.04507
2612 1.04783
2613 1.04399
2614 1.04961
2615 1.04841
2616 1.04223
2617 1.05004
2618 1.0528
2619 1.0469
2620 1.04826
2621 1.04859
2622 1.05176
2623 1.04803
2624 1.05028
2625 1.04508
2626 1.04897
2627 1.05007
2628 1.05023
2629 1.04881
2630 1.04654
2631 1.04572
2632 1.05361
2633 1.0492
2634 1.05103
2635 1.04695
2636 1.04573
2637 1.04536
2638 1.04647
2639 1.0487
2640 1.04705
2641 1.04681
2642 1.04854
2643 1.0473
2644 1.04835
2645 1.04638
2646 1.04514
2647 1.04792
2648 1.04845
2649 1.04795
2650 1.05202
2651 1.0482
2652 1.04687
2653 1.04854
2654 1.04541
2655 1.04838
2656 1.04583
2657 1.04946
2658 1.0543
2659 1.04843
2660 1.0484
2661 1.04797
2662 1.04855
2663 1.05023
2664 1.0473
2665 1.04742
2666 1.04832
2667 1.05116
2668 1.04797
2669 1.0499
2670 1.04665
2671 1.04625
2672 1.04897
2673 1.04652
2674 1.04885
2675 1.0461
2676 1.04539
2677 1.04765
2678 1.05184
2679 1.04828
2680 1.04705
2681 1.04761
2682 1.05066
2683 1.04449
2684 1.04908
2685 1.051
2686 1.05077
2687 1.04958
2688 1.05109
2689 1.04764
2690 1.04816
2691 1.04672
2692 1.05024
2693 1.04594
2694 1.0491
2695 1.04749
2696 1.05043
2697 1.04823
2698 1.05266
2699 1.04457
2700 1.04852
2701 1.0506
2702 1.04722
2703 1.05147
2704 1.0465
2705 1.05039
2706 1.04986
2707 1.04537
2708 1.0488
2709 1.04584
2710 1.05246
2711 1.0462
2712 1.05097
2713 1.04801
2714 1.05351
2715 1.0484
2716 1.04732
2717 1.04793
2718 1.05045
2719 1.05191
2720 1.04783
2721 1.04843
2722 1.04822
2723 1.04811
2724 1.049
2725 1.05456
2726 1.04996
2727 1.04908
2728 1.04763
2729 1.04721
2730 1.04981
2731 1.05071
2732 1.04743
2733 1.04595
2734 1.04946
2735 1.04831
2736 1.04755
2737 1.04653
2738 1.04509
2739 1.04756
2740 1.05221
2741 1.05205
2742 1.04969
2743 1.04825
2744 1.05337
2745 1.05055
2746 1.04973
2747 1.04144
2748 1.04745
2749 1.05265
2750 1.04658
2751 1.04867
2752 1.048
2753 1.04716
2754 1.04926
2755 1.04727
2756 1.04961
2757 1.04624
2758 1.05083
2759 1.05135
2760 1.04956
2761 1.04686
2762 1.05101
2763 1.05025
2764 1.04705
2765 1.0548
2766 1.04617
2767 1.04632
2768 1.04823
2769 1.05229
2770 1.0496
2771 1.04911
2772 1.04767
2773 1.04764
2774 1.04812
2775 1.05022
2776 1.0489
2777 1.04877
2778 1.0532
2779 1.04868
2780 1.05274
2781 1.04876
2782 1.05008
2783 1.05216
2784 1.05008
2785 1.04704
2786 1.05085
2787 1.04896
2788 1.04778
2789 1.05071
2790 1.0483
2791 1.05012
2792 1.04853
2793 1.04941
2794 1.04811
2795 1.04906
2796 1.04434
2797 1.05144
2798 1.05199
2799 1.04804
2800 1.04737
2801 1.04877
2802 1.04934
2803 1.05383
2804 1.04813
2805 1.04929
2806 1.04773
2807 1.04921
2808 1.05192
2809 1.05271
2810 1.05079
2811 1.04636
2812 1.04779
2813 1.05312
2814 1.0494
2815 1.04854
2816 1.04621
2817 1.04964
2818 1.04836
2819 1.04994
2820 1.05083
2821 1.04805
2822 1.04979
2823 1.05
2824 1.05052
2825 1.05048
2826 1.04952
2827 1.04736
2828 1.05044
2829 1.05268
2830 1.0525
2831 1.05085
2832 1.05128
2833 1.04563
2834 1.04786
2835 1.04818
2836 1.04952
2837 1.05063
2838 1.05053
2839 1.05163
2840 1.04833
2841 1.04766
2842 1.04854
2843 1.05109
2844 1.04904
2845 1.04742
2846 1.05029
2847 1.04931
2848 1.04723
2849 1.04829
2850 1.04804
2851 1.04947
2852 1.04848
2853 1.04881
2854 1.05109
2855 1.04628
2856 1.04979
2857 1.04734
2858 1.04819
2859 1.0466
2860 1.05325
2861 1.0458
2862 1.05092
2863 1.05123
2864 1.04939
2865 1.04816
2866 1.05063
2867 1.05222
2868 1.05163
2869 1.04584
2870 1.05085
2871 1.05208
2872 1.05033
2873 1.0523
2874 1.04756
2875 1.0503
2876 1.05173
2877 1.0491
2878 1.04955
2879 1.05251
2880 1.05133
2881 1.04972
2882 1.05088
2883 1.04901
2884 1.04975
2885 1.04706
2886 1.0525
2887 1.05197
2888 1.05346
2889 1.04749
2890 1.04818
2891 1.05286
2892 1.05023
2893 1.04566
2894 1.04687
2895 1.0482
2896 1.04842
2897 1.05332
2898 1.04628
2899 1.04585
2900 1.04863
2901 1.05048
2902 1.05375
2903 1.05211
2904 1.05142
2905 1.0482
2906 1.04751
2907 1.05146
2908 1.04838
2909 1.05051
2910 1.05401
2911 1.04752
2912 1.04988
2913 1.04857
2914 1.04652
2915 1.04664
2916 1.04867
2917 1.05041
2918 1.05228
2919 1.04497
2920 1.04895
2921 1.04992
2922 1.05084
2923 1.05054
2924 1.05109
2925 1.05258
2926 1.05241
2927 1.05085
2928 1.05039
2929 1.04824
2930 1.05142
2931 1.04694
2932 1.04979
2933 1.05244
2934 1.05006
2935 1.04962
2936 1.04698
2937 1.05518
2938 1.05094
2939 1.04928
2940 1.05004
2941 1.05157
2942 1.04958
2943 1.04996
2944 1.04967
2945 1.05136
2946 1.05142
2947 1.05008
2948 1.05165
2949 1.05338
2950 1.04853
2951 1.04946
2952 1.05044
2953 1.05338
2954 1.04931
2955 1.04992
2956 1.05568
2957 1.05415
2958 1.04903
2959 1.04526
2960 1.04934
2961 1.04649
2962 1.05022
2963 1.05107
2964 1.04997
2965 1.0495
2966 1.05127
2967 1.04821
2968 1.05137
2969 1.04999
2970 1.05195
2971 1.04727
2972 1.04907
2973 1.04712
2974 1.04775
2975 1.04966
2976 1.04832
2977 1.05343
2978 1.05268
2979 1.052
2980 1.05022
2981 1.04769
2982 1.05425
2983 1.05346
2984 1.04553
2985 1.05167
2986 1.05075
2987 1.04438
2988 1.05223
2989 1.04979
2990 1.0509
2991 1.04662
2992 1.04552
2993 1.04995
2994 1.05233
2995 1.05024
2996 1.05342
2997 1.05125
2998 1.04907
2999 1.05127
3000 1.05278
3001 1.04891
3002 1.05205
3003 1.04913
3004 1.04948
3005 1.04795
3006 1.05099
3007 1.04909
3008 1.05263
3009 1.05391
3010 1.04666
3011 1.05255
3012 1.05077
3013 1.0516
3014 1.04938
3015 1.05356
3016 1.04571
3017 1.0497
3018 1.04871
3019 1.05126
3020 1.05196
3021 1.05083
3022 1.04966
3023 1.05126
3024 1.04738
3025 1.05359
3026 1.05228
3027 1.05196
3028 1.0497
3029 1.05136
3030 1.05004
3031 1.04993
3032 1.05093
3033 1.0504
3034 1.04723
3035 1.05103
3036 1.04854
3037 1.05365
3038 1.05181
3039 1.05133
3040 1.05187
3041 1.04841
3042 1.05528
3043 1.04911
3044 1.05083
3045 1.05085
3046 1.04416
3047 1.05314
3048 1.04931
3049 1.0501
3050 1.05595
3051 1.05287
3052 1.05053
3053 1.04624
3054 1.05094
3055 1.05004
3056 1.04713
3057 1.05032
3058 1.04912
3059 1.05087
3060 1.04831
3061 1.04768
3062 1.04825
3063 1.04762
3064 1.052
3065 1.04901
3066 1.05128
3067 1.05176
3068 1.04771
3069 1.04993
3070 1.0497
3071 1.04797
3072 1.04602
3073 1.0484
3074 1.0463
3075 1.04761
3076 1.04863
3077 1.05324
3078 1.04943
3079 1.05099
3080 1.04926
3081 1.04694
3082 1.05142
3083 1.0501
3084 1.05033
3085 1.04835
3086 1.05105
3087 1.05303
3088 1.05122
3089 1.05005
3090 1.04957
3091 1.04766
3092 1.04929
3093 1.04957
3094 1.04643
3095 1.04953
3096 1.04916
3097 1.05001
3098 1.04839
3099 1.04796
3100 1.04968
3101 1.05134
3102 1.05468
3103 1.04942
3104 1.05128
3105 1.05258
3106 1.05082
3107 1.05045
3108 1.0541
3109 1.0503
3110 1.04577
3111 1.05008
3112 1.05035
3113 1.04693
3114 1.05017
3115 1.04832
3116 1.04608
3117 1.05321
3118 1.04654
3119 1.04825
3120 1.05078
3121 1.05438
3122 1.04694
3123 1.05089
3124 1.05008
3125 1.05195
3126 1.0508
3127 1.04856
3128 1.0477
3129 1.05121
3130 1.05067
3131 1.05134
3132 1.04809
3133 1.05049
3134 1.05264
3135 1.0524
3136 1.04988
3137 1.04858
3138 1.05098
3139 1.0464
3140 1.04891
3141 1.04849
3142 1.05383
3143 1.05296
3144 1.05233
3145 1.04826
3146 1.05044
3147 1.04848
3148 1.0502
3149 1.05286
3150 1.05441
3151 1.054
3152 1.04856
3153 1.05032
3154 1.04715
3155 1.04876
3156 1.05165
3157 1.0523
3158 1.0511
3159 1.05063
3160 1.05119
3161 1.05149
3162 1.05137
3163 1.0502
3164 1.05146
3165 1.04688
3166 1.04809
3167 1.05106
3168 1.05453
3169 1.05252
3170 1.04992
3171 1.04571
3172 1.05066
3173 1.04696
3174 1.05036
3175 1.04964
3176 1.04978
3177 1.04702
3178 1.04967
3179 1.04703
3180 1.0509
3181 1.04758
3182 1.04511
3183 1.04717
3184 1.05105
3185 1.04907
3186 1.04972
3187 1.05054
3188 1.05183
3189 1.04888
3190 1.04929
3191 1.05056
3192 1.04872
3193 1.04979
3194 1.04569
3195 1.0458
3196 1.04845
3197 1.05053
3198 1.05099
3199 1.05094
3200 1.04927
3201 1.04957
3202 1.04878
3203 1.04977
3204 1.05141
3205 1.05076
3206 1.04883
3207 1.04681
3208 1.04817
3209 1.04913
3210 1.05329
3211 1.05276
3212 1.04699
3213 1.04812
3214 1.05225
3215 1.04718
3216 1.04784
3217 1.04387
3218 1.05114
3219 1.04874
3220 1.05144
3221 1.04988
3222 1.04838
3223 1.05112
3224 1.04907
3225 1.0481
3226 1.04655
3227 1.05211
3228 1.046
3229 1.05027
3230 1.04464
3231 1.04785
3232 1.04764
3233 1.04987
3234 1.0482
3235 1.05239
3236 1.05222
3237 1.04855
3238 1.05146
3239 1.0476
3240 1.04961
3241 1.05091
3242 1.0436
3243 1.04915
3244 1.04765
3245 1.04815
3246 1.05224
3247 1.05191
3248 1.04869
3249 1.04962
3250 1.04938
3251 1.04859
3252 1.0476
3253 1.04787
3254 1.05053
3255 1.0458
3256 1.05339
3257 1.0478
3258 1.04809
3259 1.05256
3260 1.04795
3261 1.04952
3262 1.04506
3263 1.04798
3264 1.04974
3265 1.04726
3266 1.04618
3267 1.04638
3268 1.05187
3269 1.0487
3270 1.05218
3271 1.04829
3272 1.04986
3273 1.04866
3274 1.04782
3275 1.05215
3276 1.04737
3277 1.04798
3278 1.04744
3279 1.05169
3280 1.05238
3281 1.0503
3282 1.04523
3283 1.04452
3284 1.04594
3285 1.04762
3286 1.04831
3287 1.04917
3288 1.04968
3289 1.04942
3290 1.04924
3291 1.04892
3292 1.05027
3293 1.04726
3294 1.04685
3295 1.04823
3296 1.04693
3297 1.04812
3298 1.05076
3299 1.04485
3300 1.05013
3301 1.04931
3302 1.04953
3303 1.04798
3304 1.04788
3305 1.04999
3306 1.04921
3307 1.04786
3308 1.04626
3309 1.05191
3310 1.04539
3311 1.04871
3312 1.05212
3313 1.04906
3314 1.04935
3315 1.04802
3316 1.05088
3317 1.04372
3318 1.0459
3319 1.04595
3320 1.04978
3321 1.04681
3322 1.04726
3323 1.04791
3324 1.04529
3325 1.04616
3326 1.04879
3327 1.04985
3328 1.04854
3329 1.0507
3330 1.04934
3331 1.0455
3332 1.0481
3333 1.05023
3334 1.04857
3335 1.04635
3336 1.04589
3337 1.05045
3338 1.04849
3339 1.04873
3340 1.04834
3341 1.04796
3342 1.05141
3343 1.04895
3344 1.0464
3345 1.0465
3346 1.04601
3347 1.0487
3348 1.04973
3349 1.04705
3350 1.04841
3351 1.04829
3352 1.04731
3353 1.04665
3354 1.04606
3355 1.04621
3356 1.04603
3357 1.04749
3358 1.04809
3359 1.04958
3360 1.04978
3361 1.04619
3362 1.05137
3363 1.04782
3364 1.04722
3365 1.04784
3366 1.04771
3367 1.0484
3368 1.04647
3369 1.04953
3370 1.04606
3371 1.04597
3372 1.04714
3373 1.04859
3374 1.05116
3375 1.04851
3376 1.04835
3377 1.05037
3378 1.04715
3379 1.0508
3380 1.04617
3381 1.04878
3382 1.04676
3383 1.04583
3384 1.04742
3385 1.04854
3386 1.04896
3387 1.04581
3388 1.05019
3389 1.04676
3390 1.04664
3391 1.04636
3392 1.04694
3393 1.04673
3394 1.04457
3395 1.04786
3396 1.04667
3397 1.04849
3398 1.04596
3399 1.04819
3400 1.04724
3401 1.04484
3402 1.04319
3403 1.05005
3404 1.05022
3405 1.0471
3406 1.04823
3407 1.04743
3408 1.04521
3409 1.04623
3410 1.04783
3411 1.04312
3412 1.04835
3413 1.05031
3414 1.04585
3415 1.04499
3416 1.05153
3417 1.04948
3418 1.04809
3419 1.04917
3420 1.04705
3421 1.0505
3422 1.04652
3423 1.04719
3424 1.04929
3425 1.04616
3426 1.04876
3427 1.04823
3428 1.04684
3429 1.04472
3430 1.04601
3431 1.0493
3432 1.04883
3433 1.04689
3434 1.04848
3435 1.0444
3436 1.04887
3437 1.04762
3438 1.04631
3439 1.04782
3440 1.05129
3441 1.04549
3442 1.04985
3443 1.04698
3444 1.04773
3445 1.04791
3446 1.05079
3447 1.04749
3448 1.04521
3449 1.04627
3450 1.04852
3451 1.04789
3452 1.04644
3453 1.04632
3454 1.04737
3455 1.04639
3456 1.04791
3457 1.04749
3458 1.04711
3459 1.04933
3460 1.04391
3461 1.04677
3462 1.04816
3463 1.04733
3464 1.04543
3465 1.04429
3466 1.04654
3467 1.0472
3468 1.0458
3469 1.05056
3470 1.05164
3471 1.04583
3472 1.04741
3473 1.04531
3474 1.04728
3475 1.04711
3476 1.04679
3477 1.04777
3478 1.04658
3479 1.04646
3480 1.0454
3481 1.04819
3482 1.04709
3483 1.04789
3484 1.04695
3485 1.0461
3486 1.04787
3487 1.04358
3488 1.04532
3489 1.04869
3490 1.04982
3491 1.0471
3492 1.04707
3493 1.04722
3494 1.04681
3495 1.04478
3496 1.04769
3497 1.04676
3498 1.04618
3499 1.04883
3500 1.04771
3501 1.04552
3502 1.04467
3503 1.04686
3504 1.04542
3505 1.0488
3506 1.04471
3507 1.04336
3508 1.04707
3509 1.04682
3510 1.04749
3511 1.04458
3512 1.05036
3513 1.04531
3514 1.04545
3515 1.04812
3516 1.04872
3517 1.04685
3518 1.04754
3519 1.04527
3520 1.04701
3521 1.04626
3522 1.04436
3523 1.0429
3524 1.04941
3525 1.04696
3526 1.04589
3527 1.04478
3528 1.04685
3529 1.04968
3530 1.04242
3531 1.04536
3532 1.04875
3533 1.0471
3534 1.04475
3535 1.04521
3536 1.04646
3537 1.04683
3538 1.04573
3539 1.04592
3540 1.04682
3541 1.04774
3542 1.04881
3543 1.04579
3544 1.04897
3545 1.05038
3546 1.04444
3547 1.04896
3548 1.0451
3549 1.04708
3550 1.04688
3551 1.04565
3552 1.04748
3553 1.04472
3554 1.04656
3555 1.04873
3556 1.04662
3557 1.04503
3558 1.04441
3559 1.04289
3560 1.04415
3561 1.04585
3562 1.04627
3563 1.04864
3564 1.04717
3565 1.04378
3566 1.04312
3567 1.04792
3568 1.04519
3569 1.04477
3570 1.04686
3571 1.04514
3572 1.04748
3573 1.04632
3574 1.04679
3575 1.04682
3576 1.04427
3577 1.04856
3578 1.04575
3579 1.04868
3580 1.05086
3581 1.04767
3582 1.0474
3583 1.05116
3584 1.04739
3585 1.04881
3586 1.05141
3587 1.04567
3588 1.0466
3589 1.0438
3590 1.04535
3591 1.04919
3592 1.04681
3593 1.04485
3594 1.04199
3595 1.04628
3596 1.0458
3597 1.04733
3598 1.04663
3599 1.04755
3600 1.04565
3601 1.04692
3602 1.04604
3603 1.04859
3604 1.04826
3605 1.04754
3606 1.05037
3607 1.04625
3608 1.04412
3609 1.04712
3610 1.04855
3611 1.04719
3612 1.04956
3613 1.04708
3614 1.04684
3615 1.04451
3616 1.04727
3617 1.04883
3618 1.04648
3619 1.0476
3620 1.04755
3621 1.04373
3622 1.04849
3623 1.04524
3624 1.04456
3625 1.04125
3626 1.04685
3627 1.04823
3628 1.04919
3629 1.04885
3630 1.04642
3631 1.04619
3632 1.04636
3633 1.04565
3634 1.04851
3635 1.04289
3636 1.04753
3637 1.04716
3638 1.04772
3639 1.04764
3640 1.04641
3641 1.04708
3642 1.04716
3643 1.04626
3644 1.04785
3645 1.04384
3646 1.04513
3647 1.04488
3648 1.04379
3649 1.04441
3650 1.04565
3651 1.04459
3652 1.04711
3653 1.04594
3654 1.04462
3655 1.04166
3656 1.04825
3657 1.04895
3658 1.04608
3659 1.04643
3660 1.04847
3661 1.04636
3662 1.04321
3663 1.04723
3664 1.04444
3665 1.04788
3666 1.0436
3667 1.04815
3668 1.04693
3669 1.04619
3670 1.04702
3671 1.04647
3672 1.04998
3673 1.04754
3674 1.04881
3675 1.0476
3676 1.0461
3677 1.04483
3678 1.04523
3679 1.04704
3680 1.04783
3681 1.04502
3682 1.04648
3683 1.04227
3684 1.04454
3685 1.04636
3686 1.04604
3687 1.04544
3688 1.04526
3689 1.04641
3690 1.04768
3691 1.04699
3692 1.04479
3693 1.05067
3694 1.04551
3695 1.04661
3696 1.04666
3697 1.04468
3698 1.04331
3699 1.04712
3700 1.04695
3701 1.04333
3702 1.04528
3703 1.04408
3704 1.04688
3705 1.04783
3706 1.04682
3707 1.04628
3708 1.04732
3709 1.0443
3710 1.04658
3711 1.0462
3712 1.04693
3713 1.04484
3714 1.04311
3715 1.04596
3716 1.04604
3717 1.04726
3718 1.04615
3719 1.0465
3720 1.04417
3721 1.04501
3722 1.04519
3723 1.04428
3724 1.04534
3725 1.04692
3726 1.04713
3727 1.05247
3728 1.04921
3729 1.0479
3730 1.04588
3731 1.04685
3732 1.04881
3733 1.04776
3734 1.04721
3735 1.04582
3736 1.04558
3737 1.04496
3738 1.04648
3739 1.04733
3740 1.04764
3741 1.04575
3742 1.04548
3743 1.04639
3744 1.04603
3745 1.04878
3746 1.04216
3747 1.04588
3748 1.04711
3749 1.04706
3750 1.04832
3751 1.04718
3752 1.04791
3753 1.0485
3754 1.04578
3755 1.04386
3756 1.04478
3757 1.04526
3758 1.04781
3759 1.04563
3760 1.04875
3761 1.04348
3762 1.04473
3763 1.04737
3764 1.04577
3765 1.04867
3766 1.05148
3767 1.04517
3768 1.04632
3769 1.04731
3770 1.04797
3771 1.0451
3772 1.04646
3773 1.04644
3774 1.04545
3775 1.04822
3776 1.04882
3777 1.04909
3778 1.04725
3779 1.04436
3780 1.04534
3781 1.04537
3782 1.04405
3783 1.04738
3784 1.04818
3785 1.04665
3786 1.04041
3787 1.04871
3788 1.04868
3789 1.04473
3790 1.04683
3791 1.04396
3792 1.0468
3793 1.04396
3794 1.04642
3795 1.04743
3796 1.04822
3797 1.04563
3798 1.04514
3799 1.04584
3800 1.04488
3801 1.04729
3802 1.04827
3803 1.04969
3804 1.04743
3805 1.04526
3806 1.04625
3807 1.04703
3808 1.04603
3809 1.04618
3810 1.04454
3811 1.04545
3812 1.0469
3813 1.04998
3814 1.04684
3815 1.0449
3816 1.04537
3817 1.04542
3818 1.04577
3819 1.04883
3820 1.04766
3821 1.04521
3822 1.04439
3823 1.04675
3824 1.04675
3825 1.04593
3826 1.04949
3827 1.04599
3828 1.04512
3829 1.04519
3830 1.04456
3831 1.04134
3832 1.04917
3833 1.04905
3834 1.04535
3835 1.05202
3836 1.04897
3837 1.04622
3838 1.04425
3839 1.04666
3840 1.04665
3841 1.0494
3842 1.04537
3843 1.04589
3844 1.04611
3845 1.04441
3846 1.04996
3847 1.04728
3848 1.04678
3849 1.04623
3850 1.04628
3851 1.04971
3852 1.04658
3853 1.0472
3854 1.04574
3855 1.04625
3856 1.04684
3857 1.04447
3858 1.04158
3859 1.04604
3860 1.04664
3861 1.04598
3862 1.04485
3863 1.0486
3864 1.04598
3865 1.04261
3866 1.04436
3867 1.04679
3868 1.04527
3869 1.04506
3870 1.04641
3871 1.04678
3872 1.04342
3873 1.04326
3874 1.04673
3875 1.0455
3876 1.04924
3877 1.04472
3878 1.04677
3879 1.04647
3880 1.04224
3881 1.04522
3882 1.04549
3883 1.04623
3884 1.05107
3885 1.0493
3886 1.045
3887 1.04444
3888 1.04468
3889 1.04872
3890 1.04603
3891 1.04467
3892 1.04589
3893 1.04853
3894 1.04497
3895 1.0492
3896 1.0495
3897 1.04551
3898 1.04787
3899 1.04356
3900 1.04134
3901 1.04681
3902 1.0443
3903 1.0484
3904 1.04644
3905 1.04614
3906 1.04231
3907 1.04391
3908 1.04673
3909 1.04704
3910 1.0452
3911 1.04573
3912 1.04963
3913 1.04679
3914 1.04912
3915 1.04477
3916 1.04852
3917 1.0471
3918 1.04864
3919 1.04878
3920 1.04494
3921 1.04792
3922 1.04094
3923 1.04456
3924 1.04596
3925 1.04652
3926 1.04948
3927 1.04933
3928 1.04585
3929 1.05067
3930 1.04626
3931 1.0453
3932 1.04708
3933 1.0447
3934 1.0442
3935 1.04381
3936 1.0453
3937 1.04648
3938 1.04461
3939 1.04784
3940 1.04978
3941 1.04491
3942 1.05137
3943 1.04735
3944 1.04743
3945 1.04667
3946 1.04738
3947 1.04585
3948 1.04601
3949 1.05056
3950 1.04642
3951 1.04392
3952 1.04574
3953 1.04821
3954 1.0468
3955 1.04857
3956 1.04312
3957 1.04734
3958 1.04456
3959 1.04211
3960 1.04509
3961 1.04405
3962 1.04623
3963 1.048
3964 1.0486
3965 1.04591
3966 1.04977
3967 1.04972
3968 1.04458
3969 1.04957
3970 1.04358
3971 1.04254
3972 1.04718
3973 1.04663
3974 1.04595
3975 1.04329
3976 1.04238
3977 1.04515
3978 1.04934
3979 1.04348
3980 1.04309
3981 1.04995
3982 1.04905
3983 1.04778
3984 1.04648
3985 1.04491
3986 1.04254
3987 1.05321
3988 1.04683
3989 1.043
3990 1.0496
3991 1.04315
3992 1.0475
3993 1.04605
3994 1.04829
3995 1.0437
3996 1.04707
3997 1.04539
3998 1.04593
3999 1.04491
4000 1.04525
4001 1.04315
4002 1.04503
4003 1.04201
4004 1.04472
4005 1.04497
4006 1.04362
4007 1.04742
4008 1.04487
4009 1.04358
4010 1.04874
4011 1.0457
4012 1.04819
4013 1.04719
4014 1.04385
4015 1.04503
4016 1.04582
4017 1.04543
4018 1.04455
4019 1.04445
4020 1.04687
4021 1.04419
4022 1.04672
4023 1.04329
4024 1.049
4025 1.04438
4026 1.04752
4027 1.04759
4028 1.04525
4029 1.04675
4030 1.0466
4031 1.04813
4032 1.04658
4033 1.0427
4034 1.04883
4035 1.05049
4036 1.04638
4037 1.04618
4038 1.04348
4039 1.0494
4040 1.0502
4041 1.0432
4042 1.04521
4043 1.04493
4044 1.04552
4045 1.04811
4046 1.04602
4047 1.04465
4048 1.04897
4049 1.04598
4050 1.04872
4051 1.04381
4052 1.04617
4053 1.04839
4054 1.05349
4055 1.04348
4056 1.04565
4057 1.05091
4058 1.04619
4059 1.05024
4060 1.04666
4061 1.04467
4062 1.0457
4063 1.04767
4064 1.04846
4065 1.04579
4066 1.04712
4067 1.04648
4068 1.04607
4069 1.04928
4070 1.04704
4071 1.04704
4072 1.04686
4073 1.04498
4074 1.04504
4075 1.05004
4076 1.0494
4077 1.04918
4078 1.04556
4079 1.04372
4080 1.04665
4081 1.04683
4082 1.04576
4083 1.04468
4084 1.04512
4085 1.04771
4086 1.04632
4087 1.0445
4088 1.0462
4089 1.04702
4090 1.04666
4091 1.04489
4092 1.04669
4093 1.05
4094 1.05269
4095 1.0464
4096 1.04376
4097 1.05093
4098 1.04761
4099 1.04485
4100 1.04678
4101 1.04301
4102 1.04735
4103 1.04828
4104 1.04887
4105 1.04585
4106 1.04814
4107 1.04812
4108 1.04144
4109 1.04494
4110 1.04549
4111 1.04776
4112 1.04536
4113 1.04708
4114 1.04748
4115 1.04667
4116 1.04705
4117 1.04982
4118 1.04688
4119 1.04974
4120 1.04627
4121 1.04503
4122 1.04808
4123 1.04603
4124 1.04754
4125 1.046
4126 1.04756
4127 1.04973
4128 1.04756
4129 1.04418
4130 1.0455
4131 1.04688
4132 1.04437
4133 1.04498
4134 1.047
4135 1.04837
4136 1.04685
4137 1.04607
4138 1.04417
4139 1.04713
4140 1.04667
4141 1.04898
4142 1.04976
4143 1.04604
4144 1.05201
4145 1.04551
4146 1.04763
4147 1.04772
4148 1.04801
4149 1.04694
4150 1.04581
4151 1.04512
4152 1.04499
4153 1.04564
4154 1.0471
4155 1.0462
4156 1.04992
4157 1.04716
4158 1.04314
4159 1.04609
4160 1.04747
4161 1.04574
4162 1.04845
4163 1.04454
4164 1.04709
4165 1.04828
4166 1.04558
4167 1.04668
4168 1.04566
4169 1.04674
4170 1.04661
4171 1.04212
4172 1.04385
4173 1.05227
4174 1.04671
4175 1.04724
4176 1.04587
4177 1.04708
4178 1.04709
4179 1.04488
4180 1.04815
4181 1.04744
4182 1.04628
4183 1.04382
4184 1.04694
4185 1.04832
4186 1.04616
4187 1.04544
4188 1.04625
4189 1.04233
4190 1.05009
4191 1.04548
4192 1.0459
4193 1.04579
4194 1.04098
4195 1.04709
4196 1.04895
4197 1.04767
4198 1.05
4199 1.04864
4200 1.04898
4201 1.04644
4202 1.05112
4203 1.04499
4204 1.04758
4205 1.04777
4206 1.04792
4207 1.04473
4208 1.04579
4209 1.04872
4210 1.0458
4211 1.04839
4212 1.04925
4213 1.04728
4214 1.04643
4215 1.0454
4216 1.04659
4217 1.04468
4218 1.04802
4219 1.04901
4220 1.04853
4221 1.04719
4222 1.04541
4223 1.04888
4224 1.04884
4225 1.04796
4226 1.04815
4227 1.04937
4228 1.05032
4229 1.0459
4230 1.0434
4231 1.04848
4232 1.04802
4233 1.05232
4234 1.04954
4235 1.04593
4236 1.04697
4237 1.04738
4238 1.0472
4239 1.04634
4240 1.04889
4241 1.04698
4242 1.04702
4243 1.04738
4244 1.04331
4245 1.05056
4246 1.04694
4247 1.05044
4248 1.04606
4249 1.04774
4250 1.04639
4251 1.0467
4252 1.04482
4253 1.05364
4254 1.048
4255 1.0471
4256 1.0482
4257 1.05113
4258 1.04893
4259 1.04989
4260 1.0464
4261 1.04863
4262 1.04665
4263 1.04649
4264 1.04918
4265 1.05033
4266 1.04169
4267 1.04507
4268 1.04579
4269 1.04867
4270 1.05171
4271 1.04826
4272 1.04934
4273 1.04781
4274 1.04989
4275 1.04552
4276 1.05086
4277 1.04633
4278 1.04569
4279 1.04743
4280 1.04959
4281 1.04885
4282 1.04463
4283 1.0452
4284 1.04715
4285 1.04912
4286 1.04793
4287 1.04434
4288 1.0513
4289 1.05023
4290 1.04863
4291 1.04792
4292 1.04801
4293 1.04415
4294 1.0501
4295 1.05054
4296 1.04282
4297 1.04865
4298 1.04737
4299 1.04814
4300 1.05059
4301 1.05165
4302 1.04988
4303 1.05186
4304 1.0491
4305 1.04618
4306 1.04942
4307 1.04822
4308 1.04833
4309 1.04783
4310 1.05005
4311 1.04792
4312 1.04722
4313 1.04575
4314 1.04743
4315 1.04979
4316 1.04707
4317 1.04604
4318 1.04973
4319 1.04813
4320 1.05277
4321 1.0476
4322 1.05168
4323 1.0467
4324 1.04999
4325 1.0452
4326 1.0491
4327 1.04733
4328 1.05008
4329 1.0484
4330 1.04387
4331 1.04836
4332 1.05083
4333 1.0507
4334 1.0468
4335 1.0482
4336 1.04809
4337 1.04924
4338 1.04807
4339 1.04648
4340 1.04743
4341 1.04847
4342 1.0467
4343 1.04758
4344 1.04966
4345 1.04898
4346 1.05023
4347 1.04848
4348 1.04494
4349 1.05065
4350 1.04815
4351 1.04607
4352 1.04759
4353 1.05185
4354 1.04756
4355 1.04842
4356 1.04605
4357 1.04654
4358 1.04832
4359 1.04388
4360 1.04811
4361 1.04829
4362 1.05018
4363 1.04474
4364 1.04722
4365 1.04864
4366 1.04505
4367 1.04719
4368 1.05311
4369 1.04744
4370 1.0479
4371 1.04602
4372 1.04438
4373 1.05036
4374 1.04834
4375 1.04465
4376 1.04772
4377 1.04703
4378 1.05109
4379 1.0493
4380 1.04673
4381 1.04825
4382 1.05015
4383 1.04937
4384 1.05113
4385 1.04811
4386 1.0498
4387 1.04918
4388 1.04918
4389 1.04472
4390 1.05407
4391 1.0477
4392 1.05054
4393 1.05189
4394 1.05103
4395 1.04812
4396 1.04908
4397 1.04993
4398 1.05186
4399 1.05106
4400 1.05283
4401 1.05047
4402 1.04788
4403 1.04829
4404 1.04701
4405 1.0478
4406 1.04609
4407 1.04698
4408 1.0477
4409 1.04877
4410 1.05413
4411 1.05019
4412 1.04602
4413 1.04826
4414 1.0508
4415 1.04933
4416 1.05122
4417 1.05053
4418 1.04659
4419 1.04866
4420 1.05292
4421 1.04761
4422 1.04907
4423 1.04743
4424 1.0522
4425 1.04948
4426 1.04955
4427 1.04809
4428 1.04998
4429 1.04745
4430 1.0495
4431 1.04708
4432 1.05317
4433 1.04704
4434 1.04753
4435 1.05008
4436 1.04973
4437 1.04494
4438 1.04934
4439 1.04539
4440 1.04456
4441 1.04799
4442 1.0467
4443 1.04459
4444 1.04912
4445 1.04949
4446 1.04808
4447 1.04959
4448 1.04738
4449 1.04696
4450 1.05338
4451 1.04677
4452 1.04917
4453 1.04597
4454 1.04736
4455 1.04932
4456 1.0519
4457 1.04949
4458 1.04887
4459 1.05213
4460 1.05308
4461 1.04637
4462 1.04721
4463 1.04793
4464 1.0485
4465 1.0482
4466 1.04776
4467 1.04795
4468 1.04998
4469 1.04999
4470 1.04962
4471 1.04693
4472 1.04412
4473 1.05099
4474 1.04881
4475 1.04859
4476 1.04752
4477 1.05077
4478 1.05109
4479 1.04851
4480 1.05119
4481 1.05197
4482 1.04882
4483 1.04958
4484 1.0511
4485 1.04892
4486 1.05153
4487 1.04795
4488 1.05147
4489 1.04966
4490 1.0507
4491 1.04933
4492 1.04714
4493 1.05279
4494 1.04973
4495 1.05062
4496 1.04993
4497 1.04604
4498 1.05248
4499 1.05009
4500 1.05079
4501 1.05186
4502 1.04732
4503 1.04648
4504 1.05011
4505 1.04778
4506 1.0516
4507 1.04962
4508 1.05209
4509 1.04367
4510 1.04792
4511 1.0484
4512 1.04907
4513 1.04503
4514 1.05193
4515 1.04773
4516 1.04805
4517 1.04902
4518 1.05355
4519 1.04636
4520 1.0546
4521 1.05186
4522 1.05145
4523 1.04669
4524 1.04558
4525 1.04777
4526 1.05277
4527 1.04814
4528 1.05097
4529 1.04743
4530 1.05118
4531 1.04773
4532 1.05015
4533 1.0476
4534 1.04961
4535 1.05143
4536 1.04739
4537 1.04829
4538 1.05001
4539 1.05123
4540 1.04597
4541 1.05114
4542 1.05069
4543 1.05046
4544 1.05044
4545 1.05409
4546 1.05053
4547 1.04715
4548 1.05177
4549 1.04832
4550 1.04718
4551 1.04636
4552 1.05029
4553 1.04867
4554 1.04882
4555 1.04944
4556 1.04674
4557 1.04942
4558 1.04923
4559 1.04838
4560 1.04993
4561 1.04952
4562 1.04835
4563 1.04974
4564 1.04982
4565 1.04736
4566 1.04776
4567 1.04953
4568 1.04969
4569 1.05236
4570 1.052
4571 1.04737
4572 1.04897
4573 1.04542
4574 1.04812
4575 1.05026
4576 1.04827
4577 1.05297
4578 1.05173
4579 1.04716
4580 1.05074
4581 1.05255
4582 1.05572
4583 1.0469
4584 1.05148
4585 1.05315
4586 1.04725
4587 1.04868
4588 1.04777
4589 1.04938
4590 1.04867
4591 1.05036
4592 1.05037
4593 1.05243
4594 1.05135
4595 1.04887
4596 1.0469
4597 1.0495
4598 1.04976
4599 1.05033
4600 1.04719
4601 1.04907
4602 1.05103
4603 1.05047
4604 1.05071
4605 1.05164
4606 1.04972
4607 1.04739
4608 1.04791
4609 1.05279
4610 1.0515
4611 1.04875
4612 1.04995
4613 1.04885
4614 1.04926
4615 1.04404
4616 1.04781
4617 1.05037
4618 1.0507
4619 1.04919
4620 1.04923
4621 1.04835
4622 1.05304
4623 1.05297
4624 1.05241
4625 1.04797
4626 1.04786
4627 1.05272
4628 1.04499
4629 1.05023
4630 1.04605
4631 1.04682
4632 1.05052
4633 1.05036
4634 1.05217
4635 1.04794
4636 1.05166
4637 1.05086
4638 1.04907
4639 1.04555
4640 1.04848
4641 1.05049
4642 1.05081
4643 1.04947
4644 1.05004
4645 1.05098
4646 1.0499
4647 1.04642
4648 1.04885
4649 1.04949
4650 1.05043
4651 1.04851
4652 1.04698
4653 1.04646
4654 1.05254
4655 1.04874
4656 1.04922
4657 1.04793
4658 1.05009
4659 1.04721
4660 1.05059
4661 1.04809
4662 1.04984
4663 1.05053
4664 1.04774
4665 1.04786
4666 1.05119
4667 1.05031
4668 1.05005
4669 1.0507
4670 1.05356
4671 1.05066
4672 1.04591
4673 1.0503
4674 1.04927
4675 1.04949
4676 1.05065
4677 1.04604
4678 1.05051
4679 1.05023
4680 1.05235
4681 1.0492
4682 1.04874
4683 1.04943
4684 1.04792
4685 1.04788
4686 1.04993
4687 1.0479
4688 1.04461
4689 1.04827
4690 1.04718
4691 1.0495
4692 1.04942
4693 1.05259
4694 1.05428
4695 1.05003
4696 1.04813
4697 1.04966
4698 1.04694
4699 1.04832
4700 1.04673
4701 1.04938
4702 1.04841
4703 1.04924
4704 1.04659
4705 1.05058
4706 1.04947
4707 1.04823
4708 1.05003
4709 1.04937
4710 1.04894
4711 1.04786
4712 1.04766
4713 1.0506
4714 1.04949
4715 1.05069
4716 1.05126
4717 1.05391
4718 1.0483
4719 1.04702
4720 1.04828
4721 1.04894
4722 1.04922
4723 1.04804
4724 1.04835
4725 1.0474
4726 1.04718
4727 1.04813
4728 1.04856
4729 1.0507
4730 1.04779
4731 1.05084
4732 1.0502
4733 1.0514
4734 1.04924
4735 1.04928
4736 1.05388
4737 1.05223
4738 1.05092
4739 1.05052
4740 1.04732
4741 1.05249
4742 1.04849
4743 1.05118
4744 1.05201
4745 1.05299
4746 1.04785
4747 1.05125
4748 1.05059
4749 1.05005
4750 1.04725
4751 1.04965
4752 1.04641
4753 1.04747
4754 1.04898
4755 1.05265
4756 1.04904
4757 1.05407
4758 1.04916
4759 1.05003
4760 1.05252
4761 1.05282
4762 1.04742
4763 1.05374
4764 1.05173
4765 1.04979
4766 1.0495
4767 1.0498
4768 1.04979
4769 1.05016
4770 1.05114
4771 1.04861
4772 1.05071
4773 1.04884
4774 1.0478
4775 1.04958
4776 1.04877
4777 1.04954
4778 1.04867
4779 1.04819
4780 1.0486
4781 1.05078
4782 1.04831
4783 1.05153
4784 1.05323
4785 1.04699
4786 1.04815
4787 1.04993
4788 1.0508
4789 1.0488
4790 1.04778
4791 1.05299
4792 1.0489
4793 1.05252
4794 1.05086
4795 1.05201
4796 1.04977
4797 1.05008
4798 1.05133
4799 1.0521
4800 1.04677
4801 1.05109
4802 1.05397
4803 1.04881
4804 1.05105
4805 1.05088
4806 1.04948
4807 1.05185
4808 1.04771
4809 1.05192
4810 1.05041
4811 1.0477
4812 1.05089
4813 1.04982
4814 1.04988
4815 1.04979
4816 1.04967
4817 1.05435
4818 1.04712
4819 1.04867
4820 1.04715
4821 1.05123
4822 1.04744
4823 1.05032
4824 1.04828
4825 1.05265
4826 1.04969
4827 1.05205
4828 1.04851
4829 1.0474
4830 1.0516
4831 1.05113
4832 1.05177
4833 1.04972
4834 1.05227
4835 1.0475
4836 1.04894
4837 1.05229
4838 1.04819
4839 1.05366
4840 1.05235
4841 1.04969
4842 1.05075
4843 1.04773
4844 1.04947
4845 1.04748
4846 1.04937
4847 1.05325
4848 1.05174
4849 1.04908
4850 1.04881
4851 1.04511
4852 1.04977
4853 1.05063
4854 1.04959
4855 1.04849
4856 1.05052
4857 1.0497
4858 1.05313
4859 1.04855
4860 1.04856
4861 1.05079
4862 1.04611
4863 1.04631
4864 1.04722
4865 1.05163
4866 1.04798
4867 1.04911
4868 1.05226
4869 1.0545
4870 1.0459
4871 1.04528
4872 1.04763
4873 1.04895
4874 1.05021
4875 1.04887
4876 1.05146
4877 1.04808
4878 1.04898
4879 1.04774
4880 1.04951
4881 1.05081
4882 1.04999
4883 1.05399
4884 1.04777
4885 1.0493
4886 1.05245
4887 1.04957
4888 1.05372
4889 1.04483
4890 1.05111
4891 1.04732
4892 1.05186
4893 1.05037
4894 1.05087
4895 1.04776
4896 1.0466
4897 1.04963
4898 1.05082
4899 1.04914
4900 1.05027
4901 1.04878
4902 1.05054
4903 1.04786
4904 1.05179
4905 1.05125
4906 1.05523
4907 1.05124
4908 1.04693
4909 1.05187
4910 1.05076
4911 1.05035
4912 1.0491
4913 1.05306
4914 1.05075
4915 1.04922
4916 1.04743
4917 1.05073
4918 1.0486
4919 1.05244
4920 1.05165
4921 1.05327
4922 1.04887
4923 1.05007
4924 1.05102
4925 1.04862
4926 1.05096
4927 1.05136
4928 1.05195
4929 1.04882
4930 1.04915
4931 1.0457
4932 1.05216
4933 1.04923
4934 1.05262
4935 1.04963
4936 1.05089
4937 1.04861
4938 1.05033
4939 1.04856
4940 1.04889
4941 1.05138
4942 1.05319
4943 1.05414
4944 1.0473
4945 1.04915
4946 1.04888
4947 1.04855
4948 1.04917
4949 1.05049
4950 1.04996
4951 1.04976
4952 1.04987
4953 1.04788
4954 1.04955
4955 1.0505
4956 1.0477
4957 1.05066
4958 1.0471
4959 1.0485
4960 1.04779
4961 1.0505
4962 1.05096
4963 1.0513
4964 1.04584
4965 1.0507
4966 1.04559
4967 1.04659
4968 1.04739
4969 1.05446
4970 1.04674
4971 1.05022
4972 1.05043
4973 1.04854
4974 1.04937
4975 1.05165
4976 1.04907
4977 1.05181
4978 1.05211
4979 1.04751
4980 1.05267
4981 1.0513
4982 1.04946
4983 1.05071
4984 1.05021
4985 1.04692
4986 1.04488
4987 1.04639
4988 1.05084
4989 1.04954
4990 1.05086
4991 1.04973
4992 1.04965
4993 1.04985
4994 1.04737
4995 1.04814
4996 1.05053
4997 1.05314
4998 1.05141
4999 1.04851
