100 1.06091
101 1.05933
102 1.05693
103 1.0595
104 1.05764
105 1.05889
106 1.06184
107 1.05973
108 1.05689
109 1.06209
110 1.06275
111 1.06241
112 1.05587
113 1.05659
114 1.06426
115 1.06457
116 1.06063
117 1.05538
118 1.05859
119 1.06464
120 1.05466
121 1.05384
122 1.05282
123 1.0576
124 1.05588
125 1.05408
126 1.0531
127 1.05673
128 1.05953
129 1.05932
130 1.05454
131 1.05842
132 1.05826
133 1.06462
134 1.05609
135 1.05397
136 1.06109
137 1.05429
138 1.05642
139 1.06294
140 1.05996
141 1.04881
142 1.06029
143 1.05263
144 1.05975
145 1.06169
146 1.05496
147 1.05519
148 1.05135
149 1.05932
150 1.06534
151 1.05274
152 1.0558
153 1.05477
154 1.06047
155 1.05815
156 1.05932
157 1.05873
158 1.05112
159 1.05399
160 1.05394
161 1.05312
162 1.05547
163 1.05816
164 1.05596
165 1.0596
166 1.05689
167 1.05575
168 1.0585
169 1.05793
170 1.05992
171 1.05542
172 1.05596
173 1.05508
174 1.0585
175 1.05822
176 1.05636
177 1.05501
178 1.04839
179 1.05246
180 1.05751
181 1.05462
182 1.059
183 1.05579
184 1.0565
185 1.05653
186 1.05336
187 1.05744
188 1.06231
189 1.05611
190 1.05944
191 1.05357
192 1.05342
193 1.05313
194 1.05428
195 1.05702
196 1.05835
197 1.05106
198 1.05375
199 1.05511
200 1.0563
201 1.056
202 1.06045
203 1.05276
204 1.0551
205 1.05497
206 1.0532
207 1.05184
208 1.05791
209 1.05785
210 1.05775
211 1.05871
212 1.05106
213 1.05896
214 1.05239
215 1.05659
216 1.05762
217 1.0524
218 1.05518
219 1.05506
220 1.05478
221 1.05654
222 1.05401
223 1.05966
224 1.05924
225 1.05163
226 1.05545
227 1.05652
228 1.05456
229 1.06179
230 1.05289
231 1.05604
232 1.05585
233 1.05494
234 1.05598
235 1.04989
236 1.05596
237 1.05378
238 1.05545
239 1.05715
240 1.05347
241 1.05944
242 1.05446
243 1.05274
244 1.05269
245 1.05533
246 1.05521
247 1.05249
248 1.06028
249 1.06648
250 1.05467
251 1.06335
252 1.05587
253 1.05668
254 1.05507
255 1.0562
256 1.05581
257 1.0584
258 1.05699
259 1.05848
260 1.05915
261 1.05001
262 1.05582
263 1.05972
264 1.05694
265 1.05826
266 1.05155
267 1.05847
268 1.05723
269 1.056
270 1.06055
271 1.0608
272 1.05405
273 1.05619
274 1.05475
275 1.05936
276 1.05767
277 1.05193
278 1.05414
279 1.05518
280 1.05593
281 1.05457
282 1.05855
283 1.05488
284 1.05959
285 1.05665
286 1.05962
287 1.05559
288 1.05322
289 1.05856
290 1.05643
291 1.05744
292 1.05554
293 1.05773
294 1.05693
295 1.05831
296 1.04896
297 1.05773
298 1.05713
299 1.05363
300 1.05523
301 1.05282
302 1.05803
303 1.05595
304 1.05567
305 1.05275
306 1.05574
307 1.0582
308 1.05706
309 1.05391
310 1.04845
311 1.05431
312 1.0554
313 1.05491
314 1.05441
315 1.05246
316 1.05911
317 1.06127
318 1.05029
319 1.05241
320 1.05329
321 1.05733
322 1.05378
323 1.0609
324 1.05464
325 1.05537
326 1.05218
327 1.05292
328 1.05502
329 1.05582
330 1.05159
331 1.05943
332 1.05961
333 1.05319
334 1.04971
335 1.05543
336 1.0528
337 1.05094
338 1.05135
339 1.05097
340 1.05564
341 1.05447
342 1.05469
343 1.0599
344 1.05775
345 1.05051
346 1.05508
347 1.05394
348 1.05789
349 1.05233
350 1.0583
351 1.05454
352 1.05355
353 1.05604
354 1.04981
355 1.05127
356 1.05205
357 1.05755
358 1.05621
359 1.05689
360 1.05259
361 1.05152
362 1.05065
363 1.05845
364 1.05646
365 1.05483
366 1.05473
367 1.05441
368 1.05665
369 1.05466
370 1.056
371 1.05795
372 1.05888
373 1.058
374 1.05685
375 1.05888
376 1.05814
377 1.05639
378 1.05528
379 1.05538
380 1.05906
381 1.05039
382 1.05354
383 1.05592
384 1.05683
385 1.05509
386 1.06082
387 1.05855
388 1.05644
389 1.06124
390 1.05198
391 1.05371
392 1.05103
393 1.05287
394 1.05825
395 1.0523
396 1.05673
397 1.05623
398 1.05704
399 1.05414
400 1.0607
401 1.05154
402 1.05259
403 1.05314
404 1.05173
405 1.05936
406 1.05652
407 1.05433
408 1.05314
409 1.05809
410 1.05301
411 1.0557
412 1.05707
413 1.05072
414 1.0578
415 1.05792
416 1.05187
417 1.05481
418 1.0504
419 1.05505
420 1.05407
421 1.05468
422 1.05909
423 1.06103
424 1.05591
425 1.05386
426 1.05668
427 1.06087
428 1.05769
429 1.05175
430 1.05309
431 1.05366
432 1.05986
433 1.05923
434 1.0573
435 1.0563
436 1.0525
437 1.05783
438 1.05687
439 1.05292
440 1.05801
441 1.05291
442 1.05541
443 1.05422
444 1.05614
445 1.05552
446 1.05633
447 1.0502
448 1.05493
449 1.0544
450 1.05592
451 1.05437
452 1.05267
453 1.05235
454 1.06077
455 1.06121
456 1.05502
457 1.05512
458 1.05245
459 1.04847
460 1.0552
461 1.05379
462 1.05617
463 1.05142
464 1.05241
465 1.05975
466 1.05247
467 1.05575
468 1.05208
469 1.05652
470 1.05448
471 1.05682
472 1.05303
473 1.05562
474 1.05589
475 1.05368
476 1.05639
477 1.05622
478 1.05993
479 1.05371
480 1.0562
481 1.0538
482 1.05519
483 1.05585
484 1.05519
485 1.05594
486 1.05275
487 1.05414
488 1.0565
489 1.05251
490 1.05612
491 1.05466
492 1.05348
493 1.05313
494 1.05487
495 1.0509
496 1.05207
497 1.05541
498 1.04876
499 1.05578
500 1.04885
501 1.05365
502 1.05102
503 1.05945
504 1.05685
505 1.05446
506 1.0521
507 1.05178
508 1.05515
509 1.05403
510 1.05459
511 1.05741
512 1.0511
513 1.04897
514 1.05353
515 1.0517
516 1.05173
517 1.05296
518 1.05047
519 1.05665
520 1.05337
521 1.05615
522 1.05119
523 1.04858
524 1.05254
525 1.05165
526 1.05004
527 1.05031
528 1.05368
529 1.0516
530 1.05039
531 1.04929
532 1.05206
533 1.05708
534 1.05479
535 1.05027
536 1.05772
537 1.05362
538 1.05801
539 1.04846
540 1.05241
541 1.05172
542 1.05178
543 1.05654
544 1.04889
545 1.05062
546 1.05182
547 1.05568
548 1.04888
549 1.05095
550 1.05371
551 1.05407
552 1.05265
553 1.05395
554 1.05058
555 1.05308
556 1.05171
557 1.05157
558 1.05121
559 1.05516
560 1.05388
561 1.04749
562 1.05643
563 1.04972
564 1.05821
565 1.05418
566 1.05173
567 1.05251
568 1.05322
569 1.05342
570 1.0525
571 1.04853
572 1.05436
573 1.05006
574 1.05066
575 1.05591
576 1.05228
577 1.05401
578 1.05583
579 1.05753
580 1.05387
581 1.05212
582 1.05551
583 1.05418
584 1.05324
585 1.05012
586 1.05184
587 1.05233
588 1.05002
589 1.05205
590 1.0552
591 1.05489
592 1.05249
593 1.05442
594 1.05414
595 1.05508
596 1.05531
597 1.05344
598 1.0536
599 1.04939
600 1.05204
601 1.05342
602 1.05247
603 1.0478
604 1.05372
605 1.05578
606 1.05999
607 1.05058
608 1.04748
609 1.05105
610 1.05152
611 1.0499
612 1.05342
613 1.05453
614 1.04968
615 1.05308
616 1.0499
617 1.05385
618 1.04648
619 1.05497
620 1.05382
621 1.05285
622 1.05305
623 1.05295
624 1.05306
625 1.05604
626 1.0519
627 1.05301
628 1.05791
629 1.05412
630 1.05616
631 1.0587
632 1.05526
633 1.05442
634 1.05276
635 1.05401
636 1.05651
637 1.05725
638 1.04941
639 1.05021
640 1.04832
641 1.05512
642 1.05814
643 1.05308
644 1.0564
645 1.05129
646 1.05483
647 1.05397
648 1.05985
649 1.05471
650 1.05546
651 1.05616
652 1.05044
653 1.05137
654 1.05403
655 1.05698
656 1.05774
657 1.05809
658 1.05787
659 1.05537
660 1.05557
661 1.05912
662 1.06139
663 1.05463
664 1.05818
665 1.05524
666 1.05355
667 1.05752
668 1.05555
669 1.0535
670 1.0538
671 1.05473
672 1.05754
673 1.05696
674 1.05864
675 1.05856
676 1.05779
677 1.05236
678 1.05718
679 1.05797
680 1.05892
681 1.05896
682 1.05498
683 1.05155
684 1.05791
685 1.05216
686 1.05574
687 1.05566
688 1.0561
689 1.06347
690 1.05297
691 1.05557
692 1.05311
693 1.05332
694 1.05457
695 1.06032
696 1.05024
697 1.05253
698 1.05658
699 1.05715
700 1.05665
701 1.05655
702 1.05766
703 1.05265
704 1.05286
705 1.054
706 1.05006
707 1.05475
708 1.0536
709 1.0557
710 1.05752
711 1.05157
712 1.05455
713 1.05653
714 1.05421
715 1.0523
716 1.05715
717 1.05241
718 1.055
719 1.05791
720 1.05833
721 1.0513
722 1.04947
723 1.05374
724 1.05493
725 1.05566
726 1.05501
727 1.05273
728 1.05576
729 1.05427
730 1.05717
731 1.05687
732 1.05383
733 1.05467
734 1.04828
735 1.05508
736 1.0511
737 1.05277
738 1.05927
739 1.0578
740 1.05333
741 1.04923
742 1.05452
743 1.05554
744 1.05841
745 1.05383
746 1.0517
747 1.05143
748 1.05504
749 1.05258
750 1.05803
751 1.05216
752 1.05854
753 1.05467
754 1.05373
755 1.05838
756 1.05142
757 1.05122
758 1.05406
759 1.05412
760 1.05398
761 1.05527
762 1.05574
763 1.053
764 1.05712
765 1.05139
766 1.05256
767 1.05004
768 1.05565
769 1.05182
770 1.0528
771 1.05475
772 1.05001
773 1.05466
774 1.05308
775 1.05433
776 1.05019
777 1.04973
778 1.05511
779 1.05146
780 1.05749
781 1.05135
782 1.05484
783 1.04991
784 1.05176
785 1.04877
786 1.05358
787 1.05327
788 1.05626
789 1.05459
790 1.05605
791 1.05099
792 1.05071
793 1.05225
794 1.05637
795 1.05562
796 1.05578
797 1.04846
798 1.05447
799 1.05088
800 1.04973
801 1.05177
802 1.05211
803 1.04864
804 1.05375
805 1.05613
806 1.05201
807 1.05265
808 1.05585
809 1.0545
810 1.05172
811 1.05127
812 1.05143
813 1.05826
814 1.05611
815 1.05332
816 1.05502
817 1.0545
818 1.05163
819 1.05165
820 1.04991
821 1.05091
822 1.05151
823 1.05354
824 1.04894
825 1.05677
826 1.05321
827 1.05655
828 1.05537
829 1.05059
830 1.05117
831 1.04943
832 1.05131
833 1.05237
834 1.05185
835 1.05432
836 1.05182
837 1.05179
838 1.05229
839 1.0565
840 1.05138
841 1.04843
842 1.05438
843 1.0514
844 1.0492
845 1.05194
846 1.05166
847 1.05138
848 1.05215
849 1.05214
850 1.05394
851 1.04921
852 1.0501
853 1.05198
854 1.05006
855 1.04882
856 1.05498
857 1.05352
858 1.05033
859 1.05116
860 1.04985
861 1.05113
862 1.05683
863 1.05152
864 1.04947
865 1.05201
866 1.05085
867 1.04728
868 1.05217
869 1.05134
870 1.05536
871 1.05371
872 1.04873
873 1.05366
874 1.05121
875 1.05446
876 1.05349
877 1.05098
878 1.05024
879 1.04713
880 1.05342
881 1.05003
882 1.04765
883 1.05009
884 1.04818
885 1.05171
886 1.05386
887 1.05178
888 1.05161
889 1.05504
890 1.05256
891 1.05216
892 1.05244
893 1.05092
894 1.05146
895 1.05132
896 1.04744
897 1.04913
898 1.04936
899 1.05179
900 1.0532
901 1.05171
902 1.05174
903 1.05172
904 1.04966
905 1.05051
906 1.05138
907 1.05097
908 1.05419
909 1.05088
910 1.0539
911 1.051
912 1.04981
913 1.0461
914 1.04829
915 1.05323
916 1.05059
917 1.04941
918 1.05126
919 1.04701
920 1.0512
921 1.04958
922 1.04847
923 1.05566
924 1.05117
925 1.05127
926 1.05205
927 1.05189
928 1.05393
929 1.0486
930 1.05363
931 1.04785
932 1.05396
933 1.05247
934 1.04979
935 1.0551
936 1.05069
937 1.0518
938 1.0496
939 1.05013
940 1.04942
941 1.05068
942 1.04893
943 1.05487
944 1.04924
945 1.05287
946 1.05141
947 1.05716
948 1.05605
949 1.05441
950 1.04752
951 1.05411
952 1.05062
953 1.05056
954 1.05137
955 1.05317
956 1.05279
957 1.05414
958 1.05373
959 1.05181
960 1.05155
961 1.05213
962 1.05083
963 1.05159
964 1.05067
965 1.05378
966 1.0507
967 1.05193
968 1.05048
969 1.05363
970 1.05255
971 1.05167
972 1.04946
973 1.05533
974 1.05044
975 1.051
976 1.05637
977 1.05544
978 1.04935
979 1.04602
980 1.05011
981 1.05452
982 1.05275
983 1.05354
984 1.05816
985 1.0525
986 1.05062
987 1.05225
988 1.05276
989 1.05356
990 1.05544
991 1.04986
992 1.05329
993 1.05228
994 1.04906
995 1.05657
996 1.05446
997 1.05391
998 1.05512
999 1.05195
1000 1.05589
1001 1.05209
1002 1.05545
1003 1.05441
1004 1.05466
1005 1.05322
1006 1.05136
1007 1.05416
1008 1.05567
1009 1.05502
1010 1.0541
1011 1.05334
1012 1.05509
1013 1.0514
1014 1.05835
1015 1.04584
1016 1.05314
1017 1.05121
1018 1.05409
1019 1.05153
1020 1.04937
1021 1.05562
1022 1.05227
1023 1.05481
1024 1.0528
1025 1.0499
1026 1.05276
1027 1.05228
1028 1.05375
1029 1.05636
1030 1.05348
1031 1.05329
1032 1.0505
1033 1.05213
1034 1.052
1035 1.04975
1036 1.04891
1037 1.05297
1038 1.05504
1039 1.05565
1040 1.04784
1041 1.0517
1042 1.05441
1043 1.05439
1044 1.05154
1045 1.05568
1046 1.04984
1047 1.05244
1048 1.0528
1049 1.0527
1050 1.05638
1051 1.05151
1052 1.04627
1053 1.05694
1054 1.05364
1055 1.05252
1056 1.05347
1057 1.05451
1058 1.05183
1059 1.05566
1060 1.05111
1061 1.05399
1062 1.05541
1063 1.05153
1064 1.05509
1065 1.05414
1066 1.05436
1067 1.05174
1068 1.05171
1069 1.05801
1070 1.05487
1071 1.05187
1072 1.0538
1073 1.05461
1074 1.05259
1075 1.05337
1076 1.04878
1077 1.05056
1078 1.05037
1079 1.05166
1080 1.05394
1081 1.05127
1082 1.05155
1083 1.0554
1084 1.05441
1085 1.0486
1086 1.05499
1087 1.05355
1088 1.0545
1089 1.05265
1090 1.05444
1091 1.05722
1092 1.05604
1093 1.05206
1094 1.05405
1095 1.05229
1096 1.05468
1097 1.05478
1098 1.05583
1099 1.05395
1100 1.05275
1101 1.05027
1102 1.05398
1103 1.05527
1104 1.05314
1105 1.06086
1106 1.05583
1107 1.05523
1108 1.05166
1109 1.05409
1110 1.05547
1111 1.05298
1112 1.05459
1113 1.05204
1114 1.05415
1115 1.0564
1116 1.0555
1117 1.05217
1118 1.0537
1119 1.05248
1120 1.05558
1121 1.05714
1122 1.05726
1123 1.05492
1124 1.056
1125 1.05388
1126 1.0536
1127 1.05475
1128 1.05731
1129 1.05671
1130 1.05601
1131 1.05358
1132 1.05368
1133 1.05304
1134 1.05542
1135 1.05603
1136 1.05112
1137 1.05582
1138 1.05489
1139 1.05317
1140 1.05209
1141 1.05409
1142 1.05832
1143 1.04981
1144 1.05516
1145 1.05736
1146 1.05783
1147 1.0523
1148 1.05421
1149 1.05453
1150 1.05179
1151 1.0549
1152 1.05402
1153 1.05085
1154 1.05401
1155 1.05288
1156 1.05125
1157 1.05061
1158 1.05484
1159 1.05308
1160 1.05478
1161 1.05685
1162 1.0591
1163 1.0511
1164 1.05327
1165 1.05726
1166 1.05761
1167 1.05472
1168 1.05218
1169 1.05271
1170 1.05116
1171 1.05259
1172 1.05402
1173 1.05419
1174 1.05283
1175 1.05297
1176 1.05683
1177 1.0511
1178 1.05399
1179 1.05841
1180 1.0542
1181 1.05419
1182 1.06056
1183 1.05494
1184 1.05326
1185 1.05013
1186 1.05474
1187 1.05378
1188 1.05722
1189 1.05144
1190 1.05388
1191 1.04982
1192 1.05208
1193 1.056
1194 1.05149
1195 1.05582
1196 1.05313
1197 1.05362
1198 1.05208
1199 1.05175
1200 1.05356
1201 1.05433
1202 1.05413
1203 1.05018
1204 1.05262
1205 1.0489
1206 1.0553
1207 1.05251
1208 1.05323
1209 1.05468
1210 1.05412
1211 1.05066
1212 1.0518
1213 1.05153
1214 1.0543
1215 1.05133
1216 1.05334
1217 1.05134
1218 1.05178
1219 1.05179
1220 1.05919
1221 1.05301
1222 1.05279
1223 1.04983
1224 1.05455
1225 1.05101
1226 1.05596
1227 1.05898
1228 1.05404
1229 1.05423
1230 1.05347
1231 1.05486
1232 1.05378
1233 1.0572
1234 1.05267
1235 1.05435
1236 1.04871
1237 1.05326
1238 1.05623
1239 1.05819
1240 1.04871
1241 1.05548
1242 1.05023
1243 1.05105
1244 1.05276
1245 1.0566
1246 1.05215
1247 1.04972
1248 1.05482
1249 1.05409
1250 1.05039
1251 1.05023
1252 1.05693
1253 1.05337
1254 1.05361
1255 1.0547
1256 1.05136
1257 1.05101
1258 1.05465
1259 1.05307
1260 1.05021
1261 1.05516
1262 1.05004
1263 1.05196
1264 1.0534
1265 1.05019
1266 1.05213
1267 1.0554
1268 1.05409
1269 1.04903
1270 1.0559
1271 1.05323
1272 1.04891
1273 1.05484
1274 1.05054
1275 1.0532
1276 1.04992
1277 1.05576
1278 1.05098
1279 1.05643
1280 1.05057
1281 1.05211
1282 1.05305
1283 1.05437
1284 1.051
1285 1.05034
1286 1.05383
1287 1.05535
1288 1.05066
1289 1.04552
1290 1.05084
1291 1.05258
1292 1.05009
1293 1.05445
1294 1.05156
1295 1.05119
1296 1.05248
1297 1.05054
1298 1.058
1299 1.0508
1300 1.05299
1301 1.05266
1302 1.05375
1303 1.05239
1304 1.05196
1305 1.0502
1306 1.05228
1307 1.05153
1308 1.05145
1309 1.05395
1310 1.0528
1311 1.05226
1312 1.05237
1313 1.05143
1314 1.04839
1315 1.04809
1316 1.05327
1317 1.05231
1318 1.04915
1319 1.05311
1320 1.05208
1321 1.05183
1322 1.05343
1323 1.05177
1324 1.04952
1325 1.05121
1326 1.04657
1327 1.05177
1328 1.04961
1329 1.05131
1330 1.05046
1331 1.04956
1332 1.05094
1333 1.05093
1334 1.04836
1335 1.05404
1336 1.05022
1337 1.05084
1338 1.04928
1339 1.05144
1340 1.0471
1341 1.04849
1342 1.05193
1343 1.05209
1344 1.04876
1345 1.04822
1346 1.0517
1347 1.05209
1348 1.05022
1349 1.05192
1350 1.04996
1351 1.05157
1352 1.04944
1353 1.05356
1354 1.05452
1355 1.05024
1356 1.04991
1357 1.05191
1358 1.05313
1359 1.05328
1360 1.04684
1361 1.04913
1362 1.05193
1363 1.05191
1364 1.05101
1365 1.0532
1366 1.05186
1367 1.04861
1368 1.04945
1369 1.05198
1370 1.05227
1371 1.05183
1372 1.05353
1373 1.05058
1374 1.05306
1375 1.05104
1376 1.05113
1377 1.04848
1378 1.04595
1379 1.05136
1380 1.05155
1381 1.05523
1382 1.05282
1383 1.05499
1384 1.04827
1385 1.05129
1386 1.04831
1387 1.04746
1388 1.05139
1389 1.04904
1390 1.05353
1391 1.05264
1392 1.05187
1393 1.05378
1394 1.04929
1395 1.05049
1396 1.04973
1397 1.0513
1398 1.05076
1399 1.04961
1400 1.04947
1401 1.05151
1402 1.04685
1403 1.04875
1404 1.04811
1405 1.04633
1406 1.05054
1407 1.05354
1408 1.05315
1409 1.04803
1410 1.05035
1411 1.05166
1412 1.05254
1413 1.05122
1414 1.04805
1415 1.05111
1416 1.05176
1417 1.0494
1418 1.04314
1419 1.04706
1420 1.04748
1421 1.05319
1422 1.04844
1423 1.04963
1424 1.04964
1425 1.051
1426 1.04787
1427 1.05223
1428 1.05368
1429 1.05301
1430 1.05004
1431 1.05072
1432 1.05136
1433 1.04743
1434 1.05121
1435 1.05119
1436 1.05368
1437 1.05145
1438 1.05007
1439 1.0488
1440 1.05201
1441 1.05217
1442 1.05214
1443 1.04992
1444 1.0537
1445 1.0497
1446 1.04521
1447 1.04606
1448 1.0528
1449 1.04807
1450 1.05262
1451 1.0519
1452 1.05309
1453 1.04941
1454 1.04999
1455 1.04743
1456 1.05167
1457 1.04811
1458 1.05221
1459 1.05074
1460 1.05
1461 1.04699
1462 1.055
1463 1.04804
1464 1.04881
1465 1.04978
1466 1.0512
1467 1.05214
1468 1.0513
1469 1.05075
1470 1.05163
1471 1.05076
1472 1.05195
1473 1.05176
1474 1.04814
1475 1.05072
1476 1.05211
1477 1.05266
1478 1.04892
1479 1.04949
1480 1.05274
1481 1.04627
1482 1.05154
1483 1.05068
1484 1.04989
1485 1.0505
1486 1.04991
1487 1.05376
1488 1.05054
1489 1.04955
1490 1.05389
1491 1.05353
1492 1.04996
1493 1.05321
1494 1.04853
1495 1.05058
1496 1.04856
1497 1.05028
1498 1.05025
1499 1.05362
1500 1.04933
1501 1.04978
1502 1.05162
1503 1.05247
1504 1.04973
1505 1.04908
1506 1.05081
1507 1.04654
1508 1.04844
1509 1.04956
1510 1.05552
1511 1.04791
1512 1.05297
1513 1.05214
1514 1.04903
1515 1.05108
1516 1.04911
1517 1.04745
1518 1.04826
1519 1.05204
1520 1.05207
1521 1.05295
1522 1.05133
1523 1.04763
1524 1.05259
1525 1.04872
1526 1.05847
1527 1.0505
1528 1.05515
1529 1.04783
1530 1.05083
1531 1.0502
1532 1.053
1533 1.05267
1534 1.05035
1535 1.05081
1536 1.04792
1537 1.05446
1538 1.05144
1539 1.05027
1540 1.05109
1541 1.04893
1542 1.04996
1543 1.05272
1544 1.04951
1545 1.04629
1546 1.04901
1547 1.05231
1548 1.0484
1549 1.05008
1550 1.05207
1551 1.05172
1552 1.05142
1553 1.05206
1554 1.05038
1555 1.05114
1556 1.05092
1557 1.05149
1558 1.04933
1559 1.05342
1560 1.0465
1561 1.04845
1562 1.04992
1563 1.04615
1564 1.05772
1565 1.04891
1566 1.0516
1567 1.05314
1568 1.04728
1569 1.05314
1570 1.04798
1571 1.04668
1572 1.05239
1573 1.05545
1574 1.05428
1575 1.05235
1576 1.05151
1577 1.0511
1578 1.0506
1579 1.05049
1580 1.05193
1581 1.05216
1582 1.05254
1583 1.05228
1584 1.05329
1585 1.04583
1586 1.05523
1587 1.05111
1588 1.05712
1589 1.0528
1590 1.05365
1591 1.05144
1592 1.04972
1593 1.045
1594 1.05268
1595 1.05155
1596 1.05008
1597 1.05019
1598 1.04921
1599 1.05056
1600 1.05618
1601 1.05031
1602 1.05247
1603 1.05273
1604 1.05145
1605 1.05034
1606 1.05222
1607 1.05448
1608 1.05095
1609 1.05417
1610 1.0539
1611 1.05456
1612 1.05034
1613 1.05207
1614 1.05047
1615 1.05191
1616 1.05099
1617 1.05463
1618 1.05
1619 1.05348
1620 1.05253
1621 1.04995
1622 1.05233
1623 1.04893
1624 1.05519
1625 1.05209
1626 1.05272
1627 1.05203
1628 1.04832
1629 1.05303
1630 1.05153
1631 1.05363
1632 1.05449
1633 1.04903
1634 1.05227
1635 1.05015
1636 1.04869
1637 1.05207
1638 1.04873
1639 1.04935
1640 1.04873
1641 1.05445
1642 1.05398
1643 1.05542
1644 1.05464
1645 1.05123
1646 1.05252
1647 1.05404
1648 1.05422
1649 1.05296
1650 1.05181
1651 1.05436
1652 1.05603
1653 1.04961
1654 1.05697
1655 1.05141
1656 1.05591
1657 1.05293
1658 1.05555
1659 1.05136
1660 1.04942
1661 1.05257
1662 1.04883
1663 1.05551
1664 1.04788
1665 1.05383
1666 1.05204
1667 1.05417
1668 1.04914
1669 1.05212
1670 1.05025
1671 1.05615
1672 1.05003
1673 1.05274
1674 1.05277
1675 1.05444
1676 1.05099
1677 1.05482
1678 1.0532
1679 1.05391
1680 1.05376
1681 1.05395
1682 1.05224
1683 1.05092
1684 1.05186
1685 1.05103
1686 1.05161
1687 1.05189
1688 1.05172
1689 1.05408
1690 1.05661
1691 1.05025
1692 1.05251
1693 1.05136
1694 1.05229
1695 1.05327
1696 1.05297
1697 1.0468
1698 1.05318
1699 1.04915
1700 1.05842
1701 1.05443
1702 1.0535
1703 1.05039
1704 1.05455
1705 1.0549
1706 1.05089
1707 1.05104
1708 1.05357
1709 1.0485
1710 1.05267
1711 1.05253
1712 1.05806
1713 1.05044
1714 1.05519
1715 1.05631
1716 1.05394
1717 1.05131
1718 1.05133
1719 1.05293
1720 1.05485
1721 1.05384
1722 1.05072
1723 1.05661
1724 1.04919
1725 1.05044
1726 1.05048
1727 1.05135
1728 1.05151
1729 1.05831
1730 1.05589
1731 1.04904
1732 1.05797
1733 1.05041
1734 1.05587
1735 1.0537
1736 1.05302
1737 1.05535
1738 1.0542
1739 1.05152
1740 1.05371
1741 1.05935
1742 1.05975
1743 1.0567
1744 1.05187
1745 1.05124
1746 1.05626
1747 1.05467
1748 1.05012
1749 1.05461
1750 1.05423
1751 1.05663
1752 1.05259
1753 1.05481
1754 1.05546
1755 1.05659
1756 1.0515
1757 1.0568
1758 1.0516
1759 1.05481
1760 1.04888
1761 1.05032
1762 1.05423
1763 1.05304
1764 1.05516
1765 1.05414
1766 1.05215
1767 1.0543
1768 1.05205
1769 1.05105
1770 1.05449
1771 1.05627
1772 1.05095
1773 1.0534
1774 1.05344
1775 1.04661
1776 1.05366
1777 1.05261
1778 1.05388
1779 1.05352
1780 1.05266
1781 1.05285
1782 1.0507
1783 1.05264
1784 1.05433
1785 1.05525
1786 1.05866
1787 1.05297
1788 1.05334
1789 1.05251
1790 1.05363
1791 1.0518
1792 1.05809
1793 1.05153
1794 1.05321
1795 1.05486
1796 1.05309
1797 1.05794
1798 1.05653
1799 1.04929
1800 1.05197
1801 1.05457
1802 1.05281
1803 1.0549
1804 1.05169
1805 1.05423
1806 1.04985
1807 1.05414
1808 1.05388
1809 1.05536
1810 1.04738
1811 1.05294
1812 1.05289
1813 1.04849
1814 1.05414
1815 1.0516
1816 1.05619
1817 1.05299
1818 1.05549
1819 1.05122
1820 1.05787
1821 1.05794
1822 1.05172
1823 1.05108
1824 1.05254
1825 1.05609
1826 1.05279
1827 1.05865
1828 1.05304
1829 1.05592
1830 1.04652
1831 1.052
1832 1.05155
1833 1.05371
1834 1.05272
1835 1.05147
1836 1.05385
1837 1.05127
1838 1.05399
1839 1.05019
1840 1.05111
1841 1.05259
1842 1.05231
1843 1.05043
1844 1.05209
1845 1.05254
1846 1.04899
1847 1.05674
1848 1.05127
1849 1.05846
1850 1.0544
1851 1.05142
1852 1.05171
1853 1.05149
1854 1.05349
1855 1.05289
1856 1.05404
1857 1.05074
1858 1.0566
1859 1.05627
1860 1.05214
1861 1.05239
1862 1.05685
1863 1.05632
1864 1.05333
1865 1.05106
1866 1.0534
1867 1.05118
1868 1.05168
1869 1.05634
1870 1.05378
1871 1.05056
1872 1.05567
1873 1.05543
1874 1.05114
1875 1.05142
1876 1.05024
1877 1.05357
1878 1.0559
1879 1.05348
1880 1.05054
1881 1.05076
1882 1.05474
1883 1.0558
1884 1.05103
1885 1.04845
1886 1.05094
1887 1.05507
1888 1.05317
1889 1.05545
1890 1.05198
1891 1.05488
1892 1.04951
1893 1.05474
1894 1.05425
1895 1.05597
1896 1.05528
1897 1.05123
1898 1.05252
1899 1.05356
1900 1.05208
1901 1.05111
1902 1.05336
1903 1.05271
1904 1.05392
1905 1.05708
1906 1.05464
1907 1.05602
1908 1.05307
1909 1.05309
1910 1.04825
1911 1.0526
1912 1.05269
1913 1.05262
1914 1.05362
1915 1.0517
1916 1.05349
1917 1.0529
1918 1.05219
1919 1.05166
1920 1.05234
1921 1.05245
1922 1.05194
1923 1.05319
1924 1.05639
1925 1.05512
1926 1.05457
1927 1.05095
1928 1.0547
1929 1.05142
1930 1.05302
1931 1.05059
1932 1.05285
1933 1.05495
1934 1.05289
1935 1.0533
1936 1.05359
1937 1.05388
1938 1.05255
1939 1.05173
1940 1.05284
1941 1.05744
1942 1.05594
1943 1.05124
1944 1.05155
1945 1.05197
1946 1.05168
1947 1.05137
1948 1.05307
1949 1.05359
1950 1.05535
1951 1.05418
1952 1.0523
1953 1.05068
1954 1.05112
1955 1.05126
1956 1.05622
1957 1.04835
1958 1.05304
1959 1.05362
1960 1.04736
1961 1.0507
1962 1.05046
1963 1.05595
1964 1.05555
1965 1.04924
1966 1.04998
1967 1.05145
1968 1.05238
1969 1.05032
1970 1.05165
1971 1.05292
1972 1.04944
1973 1.051
1974 1.05189
1975 1.04888
1976 1.05666
1977 1.05094
1978 1.05057
1979 1.05623
1980 1.05488
1981 1.04985
1982 1.0531
1983 1.05255
1984 1.05129
1985 1.05115
1986 1.05044
1987 1.05152
1988 1.05188
1989 1.05419
1990 1.05039
1991 1.04976
1992 1.05396
1993 1.0501
1994 1.05537
1995 1.05513
1996 1.05476
1997 1.04917
1998 1.05007
1999 1.05191
2000 1.05378
2001 1.05343
2002 1.05141
2003 1.05206
2004 1.05317
2005 1.05201
2006 1.05184
2007 1.04688
2008 1.05588
2009 1.05312
2010 1.04912
2011 1.05301
2012 1.05263
2013 1.05338
2014 1.04791
2015 1.05292
2016 1.05305
2017 1.05261
2018 1.05311
2019 1.04907
2020 1.04968
2021 1.05102
2022 1.04887
2023 1.05395
2024 1.04984
2025 1.05629
2026 1.05245
2027 1.05408
2028 1.04808
2029 1.05415
2030 1.05092
2031 1.04819
2032 1.05227
2033 1.05229
2034 1.05027
2035 1.05052
2036 1.05036
2037 1.05263
2038 1.04985
2039 1.0528
2040 1.05121
2041 1.04761
2042 1.04811
2043 1.05414
2044 1.05286
2045 1.05021
2046 1.05361
2047 1.0502
2048 1.04789
2049 1.05098
2050 1.05204
2051 1.05155
2052 1.04871
2053 1.0531
2054 1.04536
2055 1.04963
2056 1.05372
2057 1.05212
2058 1.05048
2059 1.04637
2060 1.05741
2061 1.04744
2062 1.05258
2063 1.05402
2064 1.04841
2065 1.05138
2066 1.05298
2067 1.05466
2068 1.05238
2069 1.05419
2070 1.05095
2071 1.05084
2072 1.05566
2073 1.05106
2074 1.0511
2075 1.053
2076 1.04834
2077 1.05039
2078 1.05291
2079 1.05403
2080 1.05272
2081 1.04812
2082 1.05205
2083 1.05041
2084 1.05155
2085 1.04828
2086 1.05002
2087 1.05269
2088 1.05025
2089 1.04963
2090 1.04923
2091 1.04986
2092 1.05092
2093 1.05318
2094 1.04944
2095 1.04989
2096 1.05124
2097 1.04853
2098 1.05308
2099 1.05051
2100 1.0522
2101 1.05119
2102 1.04991
2103 1.05176
2104 1.04863
2105 1.04963
2106 1.04872
2107 1.04956
2108 1.05244
2109 1.05092
2110 1.04919
2111 1.05283
2112 1.04933
2113 1.05268
2114 1.04973
2115 1.0512
2116 1.05072
2117 1.05055
2118 1.0505
2119 1.05139
2120 1.0557
2121 1.05126
2122 1.0562
2123 1.05028
2124 1.047
2125 1.05281
2126 1.05332
2127 1.05248
2128 1.05203
2129 1.04941
2130 1.04933
2131 1.05137
2132 1.05003
2133 1.04768
2134 1.0521
2135 1.05254
2136 1.04941
2137 1.04794
2138 1.04969
2139 1.0512
2140 1.04776
2141 1.04867
2142 1.04878
2143 1.05257
2144 1.05062
2145 1.05657
2146 1.05208
2147 1.04914
2148 1.04806
2149 1.05165
2150 1.04967
2151 1.05198
2152 1.04977
2153 1.05015
2154 1.04979
2155 1.04743
2156 1.05531
2157 1.05278
2158 1.04783
2159 1.04855
2160 1.05087
2161 1.04589
2162 1.04963
2163 1.0493
2164 1.05192
2165 1.04917
2166 1.05057
2167 1.04638
2168 1.0554
2169 1.04933
2170 1.04954
2171 1.04936
2172 1.05033
2173 1.05267
2174 1.05174
2175 1.05302
2176 1.04962
2177 1.04995
2178 1.04869
2179 1.05523
2180 1.0529
2181 1.05057
2182 1.05145
2183 1.05027
2184 1.04974
2185 1.05323
2186 1.04748
2187 1.05009
2188 1.04835
2189 1.04832
2190 1.05048
2191 1.05179
2192 1.05066
2193 1.05378
2194 1.04996
2195 1.04863
2196 1.05177
2197 1.04847
2198 1.05052
2199 1.04931
2200 1.04822
2201 1.05127
2202 1.04911
2203 1.05007
2204 1.0516
2205 1.04894
2206 1.04709
2207 1.05103
2208 1.05195
2209 1.05078
2210 1.05115
2211 1.04964
2212 1.04829
2213 1.05061
2214 1.05021
2215 1.04951
2216 1.04768
2217 1.05294
2218 1.04892
2219 1.0496
2220 1.04685
2221 1.04946
2222 1.05088
2223 1.05071
2224 1.04609
2225 1.05322
2226 1.04811
2227 1.05027
2228 1.05065
2229 1.05292
2230 1.05264
2231 1.0503
2232 1.0539
2233 1.04927
2234 1.04935
2235 1.04693
2236 1.05196
2237 1.04727
2238 1.05162
2239 1.0502
2240 1.04913
2241 1.05063
2242 1.05168
2243 1.05058
2244 1.04701
2245 1.04766
2246 1.04977
2247 1.05053
2248 1.04997
2249 1.04683
2250 1.05308
2251 1.04626
2252 1.04974
2253 1.05073
2254 1.04904
2255 1.05448
2256 1.04936
2257 1.04745
2258 1.04996
2259 1.04928
2260 1.05001
2261 1.05062
2262 1.05055
2263 1.05051
2264 1.05153
2265 1.05237
2266 1.05217
2267 1.04859
2268 1.04894
2269 1.04918
2270 1.05028
2271 1.05263
2272 1.05069
2273 1.05062
2274 1.04529
2275 1.05153
2276 1.04538
2277 1.05179
2278 1.04987
2279 1.04856
2280 1.05161
2281 1.05006
2282 1.05062
2283 1.04825
2284 1.04503
2285 1.04833
2286 1.05106
2287 1.05096
2288 1.0512
2289 1.05049
2290 1.04618
2291 1.04978
2292 1.04944
2293 1.04862
2294 1.04694
2295 1.04715
2296 1.05015
2297 1.05051
2298 1.0479
2299 1.05303
2300 1.04896
2301 1.0515
2302 1.05015
2303 1.05198
2304 1.04761
2305 1.05036
2306 1.0474
2307 1.04788
2308 1.04968
2309 1.05075
2310 1.04979
2311 1.04755
2312 1.04917
2313 1.04943
2314 1.05181
2315 1.05262
2316 1.04731
2317 1.05243
2318 1.04579
2319 1.05003
2320 1.04821
2321 1.0478
2322 1.05018
2323 1.04619
2324 1.05203
2325 1.04665
2326 1.04959
2327 1.04921
2328 1.04901
2329 1.04781
2330 1.04981
2331 1.04828
2332 1.04724
2333 1.04699
2334 1.04851
2335 1.05002
2336 1.05365
2337 1.05174
2338 1.04735
2339 1.0496
2340 1.05041
2341 1.0517
2342 1.05033
2343 1.04619
2344 1.05354
2345 1.05278
2346 1.04693
2347 1.05015
2348 1.04989
2349 1.04968
2350 1.05191
2351 1.04865
2352 1.05339
2353 1.04974
2354 1.0499
2355 1.05178
2356 1.0512
2357 1.04911
2358 1.05023
2359 1.04963
2360 1.05297
2361 1.04868
2362 1.04779
2363 1.04948
2364 1.04965
2365 1.04945
2366 1.05009
2367 1.05012
2368 1.04889
2369 1.05014
2370 1.05075
2371 1.04881
2372 1.04823
2373 1.0464
2374 1.04849
2375 1.05345
2376 1.04747
2377 1.05053
2378 1.04874
2379 1.04763
2380 1.04441
2381 1.04611
2382 1.0501
2383 1.04616
2384 1.04806
2385 1.04964
2386 1.04741
2387 1.04495
2388 1.05158
2389 1.04889
2390 1.05036
2391 1.04698
2392 1.05005
2393 1.05365
2394 1.05016
2395 1.04944
2396 1.0517
2397 1.04875
2398 1.04687
2399 1.05199
2400 1.05034
2401 1.04868
2402 1.04652
2403 1.04691
2404 1.04745
2405 1.04712
2406 1.05104
2407 1.05205
2408 1.05074
2409 1.04609
2410 1.04993
2411 1.05056
2412 1.05166
2413 1.04719
2414 1.0481
2415 1.04622
2416 1.05081
2417 1.04682
2418 1.04858
2419 1.04975
2420 1.04731
2421 1.05164
2422 1.04718
2423 1.05139
2424 1.05047
2425 1.04752
2426 1.0523
2427 1.04848
2428 1.05118
2429 1.05079
2430 1.05152
2431 1.05262
2432 1.04996
2433 1.04684
2434 1.05022
2435 1.04519
2436 1.05005
2437 1.05112
2438 1.05056
2439 1.05181
2440 1.04951
2441 1.04889
2442 1.05293
2443 1.04773
2444 1.05046
2445 1.05203
2446 1.04927
2447 1.05037
2448 1.04593
2449 1.05218
2450 1.05242
2451 1.05015
2452 1.04659
2453 1.05203
2454 1.05224
2455 1.04825
2456 1.04606
2457 1.04769
2458 1.05021
2459 1.04952
2460 1.05033
2461 1.04963
2462 1.05261
2463 1.04683
2464 1.04782
2465 1.04689
2466 1.05017
2467 1.04801
2468 1.05267
2469 1.0474
2470 1.05079
2471 1.05063
2472 1.04951
2473 1.05061
2474 1.04727
2475 1.04858
2476 1.04638
2477 1.05064
2478 1.05193
2479 1.05067
2480 1.04641
2481 1.04837
2482 1.04585
2483 1.04776
2484 1.04754
2485 1.04872
2486 1.04934
2487 1.04946
2488 1.04891
2489 1.04777
2490 1.04795
2491 1.04935
2492 1.05476
2493 1.04649
2494 1.04962
2495 1.05245
2496 1.04892
2497 1.0473
2498 1.04956
2499 1.04788
2500 1.04639
2501 1.05238
2502 1.04805
2503 1.05088
2504 1.04983
2505 1.04863
2506 1.05042
2507 1.05057
2508 1.04917
2509 1.05237
2510 1.05233
2511 1.05
2512 1.04813
2513 1.04491
2514 1.05164
2515 1.04987
2516 1.04997
2517 1.04764
2518 1.0478
2519 1.04662
2520 1.05053
2521 1.0519
2522 1.05022
2523 1.05044
2524 1.0512
2525 1.04967
2526 1.04999
2527 1.04971
2528 1.04833
2529 1.05133
2530 1.05374
2531 1.05113
2532 1.05073
2533 1.05166
2534 1.05429
2535 1.04994
2536 1.04646
2537 1.05009
2538 1.0454
2539 1.05175
2540 1.04733
2541 1.04866
2542 1.05026
2543 1.05192
2544 1.04902
2545 1.05311
2546 1.04863
2547 1.04939
2548 1.05162
2549 1.04767
2550 1.04805
2551 1.04814
2552 1.04913
2553 1.05108
2554 1.04909
2555 1.04927
2556 1.05091
2557 1.05396
2558 1.04981
2559 1.05182
2560 1.05169
2561 1.04693
2562 1.05672
2563 1.05087
2564 1.05131
2565 1.05362
2566 1.04919
2567 1.04939
2568 1.04748
2569 1.05166
2570 1.04993
2571 1.05042
2572 1.05094
2573 1.05015
2574 1.04599
2575 1.04597
2576 1.05026
2577 1.05224
2578 1.05034
2579 1.04853
2580 1.0497
2581 1.04831
2582 1.04657
2583 1.05215
2584 1.05209
2585 1.04978
2586 1.04767
2587 1.05531
2588 1.05036
2589 1.0487
2590 1.05016
2591 1.05155
2592 1.05071
2593 1.05188
2594 1.04683
2595 1.05246
2596 1.05244
2597 1.04973
2598 1.05278
2599 1.05234
2600 1.05281
2601 1.04694
2602 1.05376
2603 1.04952
2604 1.05165
2605 1.04972
2606 1.05176
2607 1.04483
2608 1.04692
2609 1.05382
2610 1.04843
2611 1.05029
2612 1.04884
2613 1.04907
2614 1.04939
2615 1.04925
2616 1.04929
2617 1.05006
2618 1.05532
2619 1.05131
2620 1.04934
2621 1.0504
2622 1.04689
2623 1.05005
2624 1.04652
2625 1.05238
2626 1.051
2627 1.04972
2628 1.04922
2629 1.04758
2630 1.05697
2631 1.04956
2632 1.04868
2633 1.05018
2634 1.05049
2635 1.05232
2636 1.05324
2637 1.04856
2638 1.05011
2639 1.05275
2640 1.05284
2641 1.05164
2642 1.05049
2643 1.05074
2644 1.05321
2645 1.04978
2646 1.05152
2647 1.05101
2648 1.05551
2649 1.04872
2650 1.05119
2651 1.05199
2652 1.05206
2653 1.04709
2654 1.0528
2655 1.04931
2656 1.05021
2657 1.05613
2658 1.05358
2659 1.05128
2660 1.04945
2661 1.05203
2662 1.05166
2663 1.04835
2664 1.04705
2665 1.0515
2666 1.05405
2667 1.04808
2668 1.05131
2669 1.05115
2670 1.04855
2671 1.05144
2672 1.05486
2673 1.04968
2674 1.05142
2675 1.05477
2676 1.05139
2677 1.05171
2678 1.04751
2679 1.05301
2680 1.05179
2681 1.05078
2682 1.05128
2683 1.0519
2684 1.04697
2685 1.05081
2686 1.05253
2687 1.05134
2688 1.04861
2689 1.05062
2690 1.05131
2691 1.05395
2692 1.04522
2693 1.04837
2694 1.05062
2695 1.05024
2696 1.04915
2697 1.04662
2698 1.05149
2699 1.04708
2700 1.04827
2701 1.05059
2702 1.05142
2703 1.05089
2704 1.05187
2705 1.04939
2706 1.05228
2707 1.05363
2708 1.05195
2709 1.05133
2710 1.05571
2711 1.05316
2712 1.05009
2713 1.05139
2714 1.05292
2715 1.04717
2716 1.05427
2717 1.05196
2718 1.05026
2719 1.04851
2720 1.04823
2721 1.04996
2722 1.05555
2723 1.04924
2724 1.05327
2725 1.05413
2726 1.05023
2727 1.04686
2728 1.04865
2729 1.05308
2730 1.05135
2731 1.04904
2732 1.04844
2733 1.0568
2734 1.04928
2735 1.05046
2736 1.05404
2737 1.05492
2738 1.05586
2739 1.05185
2740 1.04981
2741 1.05158
2742 1.05276
2743 1.04984
2744 1.05161
2745 1.04768
2746 1.04872
2747 1.05304
2748 1.05073
2749 1.04925
2750 1.05242
2751 1.04865
2752 1.05453
2753 1.05331
2754 1.05256
2755 1.04955
2756 1.05027
2757 1.05116
2758 1.05407
2759 1.05063
2760 1.05128
2761 1.055
2762 1.04875
2763 1.05389
2764 1.05035
2765 1.04837
2766 1.05568
2767 1.05318
2768 1.055
2769 1.04975
2770 1.04955
2771 1.05164
2772 1.05039
2773 1.05271
2774 1.054
2775 1.0458
2776 1.05395
2777 1.04846
2778 1.05099
2779 1.05801
2780 1.05757
2781 1.05266
2782 1.05251
2783 1.04998
2784 1.05306
2785 1.05185
2786 1.05353
2787 1.05292
2788 1.05674
2789 1.05322
2790 1.05188
2791 1.05276
2792 1.04926
2793 1.04954
2794 1.05679
2795 1.04965
2796 1.04972
2797 1.05131
2798 1.05265
2799 1.05266
2800 1.05423
2801 1.05001
2802 1.0518
2803 1.04913
2804 1.0515
2805 1.04986
2806 1.05297
2807 1.05473
2808 1.05438
2809 1.05424
2810 1.05254
2811 1.05072
2812 1.05181
2813 1.05242
2814 1.05116
2815 1.05375
2816 1.04789
2817 1.04962
2818 1.04989
2819 1.05239
2820 1.05325
2821 1.05075
2822 1.05224
2823 1.05132
2824 1.05204
2825 1.04988
2826 1.05365
2827 1.0493
2828 1.05024
2829 1.05238
2830 1.04855
2831 1.05162
2832 1.05112
2833 1.05366
2834 1.05295
2835 1.05079
2836 1.05191
2837 1.05217
2838 1.05196
2839 1.05171
2840 1.04947
2841 1.05474
2842 1.05483
2843 1.0546
2844 1.05623
2845 1.05006
2846 1.05715
2847 1.05247
2848 1.05463
2849 1.05247
2850 1.05559
2851 1.05076
2852 1.05182
2853 1.05135
2854 1.05207
2855 1.05118
2856 1.05322
2857 1.05057
2858 1.0503
2859 1.05168
2860 1.05086
2861 1.05276
2862 1.05036
2863 1.05407
2864 1.0513
2865 1.05301
2866 1.04986
2867 1.05427
2868 1.0544
2869 1.05449
2870 1.05372
2871 1.05223
2872 1.05479
2873 1.05232
2874 1.05342
2875 1.0527
2876 1.05003
2877 1.05144
2878 1.05556
2879 1.05258
2880 1.05155
2881 1.05541
2882 1.04975
2883 1.0482
2884 1.0556
2885 1.05224
2886 1.04991
2887 1.04822
2888 1.05012
2889 1.04896
2890 1.05553
2891 1.05501
2892 1.05118
2893 1.05414
2894 1.04675
2895 1.05576
2896 1.0547
2897 1.05031
2898 1.05137
2899 1.05509
2900 1.04995
2901 1.05094
2902 1.0539
2903 1.0547
2904 1.05414
2905 1.05109
2906 1.04951
2907 1.05014
2908 1.04987
2909 1.04998
2910 1.05228
2911 1.05277
2912 1.05155
2913 1.05421
2914 1.05789
2915 1.05722
2916 1.04985
2917 1.05174
2918 1.05376
2919 1.05653
2920 1.054
2921 1.05232
2922 1.05927
2923 1.05206
2924 1.05334
2925 1.0516
2926 1.05051
2927 1.04944
2928 1.05121
2929 1.05462
2930 1.04862
2931 1.0531
2932 1.05099
2933 1.05096
2934 1.05408
2935 1.05364
2936 1.05112
2937 1.05211
2938 1.04994
2939 1.05443
2940 1.05255
2941 1.05343
2942 1.05491
2943 1.05299
2944 1.05596
2945 1.05092
2946 1.05056
2947 1.05337
2948 1.05631
2949 1.05381
2950 1.05485
2951 1.05457
2952 1.05238
2953 1.05294
2954 1.05333
2955 1.05065
2956 1.05249
2957 1.04871
2958 1.05568
2959 1.05197
2960 1.05033
2961 1.05278
2962 1.04973
2963 1.05065
2964 1.05148
2965 1.04686
2966 1.05059
2967 1.0541
2968 1.05253
2969 1.04944
2970 1.05221
2971 1.05389
2972 1.0539
2973 1.0511
2974 1.04993
2975 1.05359
2976 1.05245
2977 1.05196
2978 1.05068
2979 1.0543
2980 1.05334
2981 1.05225
2982 1.05127
2983 1.05297
2984 1.05033
2985 1.05259
2986 1.0482
2987 1.05344
2988 1.05763
2989 1.0491
2990 1.05319
2991 1.05158
2992 1.05163
2993 1.05337
2994 1.05115
2995 1.04894
2996 1.05227
2997 1.05232
2998 1.05116
2999 1.05075
3000 1.05561
3001 1.05435
3002 1.05117
3003 1.04854
3004 1.0581
3005 1.0511
3006 1.05377
3007 1.05234
3008 1.05012
3009 1.05312
3010 1.05312
3011 1.05168
3012 1.05402
3013 1.05208
3014 1.05067
3015 1.05089
3016 1.05036
3017 1.0497
3018 1.04932
3019 1.05211
3020 1.05004
3021 1.05324
3022 1.0513
3023 1.05243
3024 1.04885
3025 1.05523
3026 1.05109
3027 1.04771
3028 1.05448
3029 1.05624
3030 1.05446
3031 1.05297
3032 1.05199
3033 1.05365
3034 1.05602
3035 1.05412
3036 1.0539
3037 1.0483
3038 1.05307
3039 1.05221
3040 1.05254
3041 1.05222
3042 1.05056
3043 1.05416
3044 1.05009
3045 1.0509
3046 1.0503
3047 1.05253
3048 1.05662
3049 1.05645
3050 1.05193
3051 1.05163
3052 1.05015
3053 1.05282
3054 1.05171
3055 1.05518
3056 1.05264
3057 1.05221
3058 1.0539
3059 1.05133
3060 1.05219
3061 1.05342
3062 1.05284
3063 1.05355
3064 1.05202
3065 1.05736
3066 1.05167
3067 1.0548
3068 1.05555
3069 1.05225
3070 1.05062
3071 1.04748
3072 1.05279
3073 1.05448
3074 1.05059
3075 1.05398
3076 1.05496
3077 1.05201
3078 1.05473
3079 1.05337
3080 1.05404
3081 1.05679
3082 1.05365
3083 1.05665
3084 1.05381
3085 1.05489
3086 1.05103
3087 1.05632
3088 1.05511
3089 1.05352
3090 1.05284
3091 1.04903
3092 1.05295
3093 1.05176
3094 1.05123
3095 1.05093
3096 1.05169
3097 1.05417
3098 1.0519
3099 1.04899
3100 1.05392
3101 1.04989
3102 1.05132
3103 1.05205
3104 1.0553
3105 1.04884
3106 1.05598
3107 1.05478
3108 1.05303
3109 1.05233
3110 1.05186
3111 1.05296
3112 1.05418
3113 1.05265
3114 1.04941
3115 1.05297
3116 1.05019
3117 1.05283
3118 1.04975
3119 1.05071
3120 1.05102
3121 1.05302
3122 1.05137
3123 1.04816
3124 1.05176
3125 1.05287
3126 1.05013
3127 1.05452
3128 1.05148
3129 1.05012
3130 1.05165
3131 1.0488
3132 1.05497
3133 1.05452
3134 1.04853
3135 1.05181
3136 1.05255
3137 1.0531
3138 1.05043
3139 1.05322
3140 1.05059
3141 1.04947
3142 1.05146
3143 1.04971
3144 1.05159
3145 1.05294
3146 1.05118
3147 1.05275
3148 1.0516
3149 1.055
3150 1.05562
3151 1.05261
3152 1.04926
3153 1.05276
3154 1.0536
3155 1.05565
3156 1.04928
3157 1.05351
3158 1.05288
3159 1.05278
3160 1.05557
3161 1.05373
3162 1.05551
3163 1.05111
3164 1.04925
3165 1.05133
3166 1.05314
3167 1.0552
3168 1.05073
3169 1.05324
3170 1.05075
3171 1.04992
3172 1.05266
3173 1.05018
3174 1.04985
3175 1.05266
3176 1.05381
3177 1.05389
3178 1.05005
3179 1.04983
3180 1.05437
3181 1.05234
3182 1.05394
3183 1.05356
3184 1.05385
3185 1.04874
3186 1.05381
3187 1.05485
3188 1.05081
3189 1.05103
3190 1.05337
3191 1.0505
3192 1.04946
3193 1.05446
3194 1.05294
3195 1.05149
3196 1.05452
3197 1.05261
3198 1.05128
3199 1.05377
3200 1.05268
3201 1.0496
3202 1.0534
3203 1.0511
3204 1.05208
3205 1.05503
3206 1.04936
3207 1.05253
3208 1.04951
3209 1.04889
3210 1.05096
3211 1.05104
3212 1.04966
3213 1.04981
3214 1.05254
3215 1.05258
3216 1.052
3217 1.0513
3218 1.0522
3219 1.0498
3220 1.05652
3221 1.05265
3222 1.05407
3223 1.05185
3224 1.0534
3225 1.05149
3226 1.04971
3227 1.05482
3228 1.05008
3229 1.053
3230 1.05054
3231 1.0539
3232 1.05322
3233 1.05299
3234 1.04953
3235 1.05453
3236 1.05051
3237 1.05141
3238 1.05327
3239 1.0516
3240 1.05041
3241 1.0489
3242 1.04855
3243 1.05118
3244 1.05116
3245 1.05206
3246 1.04862
3247 1.04921
3248 1.04849
3249 1.04712
3250 1.05378
3251 1.051
3252 1.05293
3253 1.05261
3254 1.0482
3255 1.05093
3256 1.05157
3257 1.05022
3258 1.05243
3259 1.05468
3260 1.05066
3261 1.05325
3262 1.04886
3263 1.05008
3264 1.05119
3265 1.05143
3266 1.05105
3267 1.05633
3268 1.04794
3269 1.05537
3270 1.05148
3271 1.05206
3272 1.05375
3273 1.04723
3274 1.05097
3275 1.05401
3276 1.05202
3277 1.05109
3278 1.05478
3279 1.04798
3280 1.04851
3281 1.05075
3282 1.05307
3283 1.05142
3284 1.05005
3285 1.04806
3286 1.05224
3287 1.05024
3288 1.05014
3289 1.05299
3290 1.05333
3291 1.05006
3292 1.04891
3293 1.0484
3294 1.05349
3295 1.04922
3296 1.05265
3297 1.05215
3298 1.05626
3299 1.05171
3300 1.04786
3301 1.04822
3302 1.05124
3303 1.04819
3304 1.05017
3305 1.05206
3306 1.0509
3307 1.0516
3308 1.04834
3309 1.05329
3310 1.05636
3311 1.05241
3312 1.05255
3313 1.05237
3314 1.05213
3315 1.05105
3316 1.04752
3317 1.0517
3318 1.05184
3319 1.04971
3320 1.05122
3321 1.05052
3322 1.04921
3323 1.05133
3324 1.05212
3325 1.04834
3326 1.04765
3327 1.04771
3328 1.04831
3329 1.04936
3330 1.04856
3331 1.05042
3332 1.05091
3333 1.05144
3334 1.05009
3335 1.05268
3336 1.04828
3337 1.05232
3338 1.05232
3339 1.05205
3340 1.04985
3341 1.05044
3342 1.05087
3343 1.05174
3344 1.0503
3345 1.05351
3346 1.04834
3347 1.0519
3348 1.04976
3349 1.05062
3350 1.05029
3351 1.05346
3352 1.05362
3353 1.05173
3354 1.05188
3355 1.04898
3356 1.05034
3357 1.05415
3358 1.04948
3359 1.04912
3360 1.04989
3361 1.05017
3362 1.05288
3363 1.05154
3364 1.05183
3365 1.05435
3366 1.05225
3367 1.0519
3368 1.05009
3369 1.0547
3370 1.05145
3371 1.0504
3372 1.04956
3373 1.05273
3374 1.05134
3375 1.04866
3376 1.05648
3377 1.05148
3378 1.05079
3379 1.05041
3380 1.05186
3381 1.05033
3382 1.04957
3383 1.05347
3384 1.04769
3385 1.05202
3386 1.05429
3387 1.05056
3388 1.05168
3389 1.04723
3390 1.05328
3391 1.05087
3392 1.05288
3393 1.04736
3394 1.05072
3395 1.04824
3396 1.04768
3397 1.04732
3398 1.05161
3399 1.04774
3400 1.05239
3401 1.04959
3402 1.05081
3403 1.05333
3404 1.05126
3405 1.05046
3406 1.04774
3407 1.05493
3408 1.04801
3409 1.0518
3410 1.04691
3411 1.0494
3412 1.0507
3413 1.04767
3414 1.04824
3415 1.05338
3416 1.04879
3417 1.04844
3418 1.05234
3419 1.05053
3420 1.04982
3421 1.04819
3422 1.05093
3423 1.04981
3424 1.04948
3425 1.04869
3426 1.04929
3427 1.05294
3428 1.04893
3429 1.05071
3430 1.05281
3431 1.0476
3432 1.05147
3433 1.04852
3434 1.04965
3435 1.04824
3436 1.05213
3437 1.04985
3438 1.05283
3439 1.04732
3440 1.05099
3441 1.0494
3442 1.04933
3443 1.04779
3444 1.05165
3445 1.05156
3446 1.0521
3447 1.05006
3448 1.04915
3449 1.04987
3450 1.05069
3451 1.05562
3452 1.05119
3453 1.05221
3454 1.04932
3455 1.05196
3456 1.04693
3457 1.04779
3458 1.04586
3459 1.04752
3460 1.04975
3461 1.05059
3462 1.04836
3463 1.05198
3464 1.05221
3465 1.04874
3466 1.04658
3467 1.05127
3468 1.04812
3469 1.04788
3470 1.04802
3471 1.04677
3472 1.05293
3473 1.04878
3474 1.05056
3475 1.04978
3476 1.04823
3477 1.0487
3478 1.05141
3479 1.05249
3480 1.0523
3481 1.04727
3482 1.05112
3483 1.04813
3484 1.05052
3485 1.05205
3486 1.05116
3487 1.05033
3488 1.05148
3489 1.0508
3490 1.04804
3491 1.05067
3492 1.04947
3493 1.05233
3494 1.04973
3495 1.04823
3496 1.0536
3497 1.04758
3498 1.04966
3499 1.05141
3500 1.05144
3501 1.05121
3502 1.05115
3503 1.04879
3504 1.04724
3505 1.04985
3506 1.04812
3507 1.04723
3508 1.0502
3509 1.04958
3510 1.0499
3511 1.04537
3512 1.04916
3513 1.04948
3514 1.05151
3515 1.04965
3516 1.05135
3517 1.04917
3518 1.04697
3519 1.04686
3520 1.05116
3521 1.04835
3522 1.04777
3523 1.04654
3524 1.05252
3525 1.04773
3526 1.05061
3527 1.05226
3528 1.05055
3529 1.04819
3530 1.04904
3531 1.04997
3532 1.05059
3533 1.05047
3534 1.05061
3535 1.05208
3536 1.05157
3537 1.04706
3538 1.04644
3539 1.05127
3540 1.04946
3541 1.04875
3542 1.05065
3543 1.04908
3544 1.049
3545 1.04836
3546 1.05072
3547 1.05353
3548 1.05071
3549 1.05108
3550 1.04971
3551 1.04937
3552 1.04958
3553 1.04905
3554 1.0503
3555 1.04738
3556 1.04753
3557 1.04668
3558 1.04628
3559 1.05085
3560 1.04988
3561 1.04902
3562 1.04809
3563 1.05218
3564 1.05123
3565 1.04956
3566 1.04876
3567 1.04801
3568 1.05135
3569 1.05086
3570 1.04787
3571 1.04942
3572 1.048
3573 1.04801
3574 1.05079
3575 1.04949
3576 1.05376
3577 1.04917
3578 1.04936
3579 1.04914
3580 1.05255
3581 1.05302
3582 1.04878
3583 1.04596
3584 1.04968
3585 1.05047
3586 1.04885
3587 1.04708
3588 1.0487
3589 1.04909
3590 1.04808
3591 1.04835
3592 1.04803
3593 1.04602
3594 1.04458
3595 1.05081
3596 1.04725
3597 1.04946
3598 1.04856
3599 1.04743
3600 1.0503
3601 1.05113
3602 1.05228
3603 1.04593
3604 1.05032
3605 1.05172
3606 1.04879
3607 1.0476
3608 1.04899
3609 1.04776
3610 1.05094
3611 1.04883
3612 1.04924
3613 1.04916
3614 1.04895
3615 1.04942
3616 1.0484
3617 1.04583
3618 1.04751
3619 1.04774
3620 1.04911
3621 1.05099
3622 1.0486
3623 1.05036
3624 1.04654
3625 1.05216
3626 1.05019
3627 1.04709
3628 1.04466
3629 1.0467
3630 1.04925
3631 1.04885
3632 1.05212
3633 1.05032
3634 1.0524
3635 1.04781
3636 1.0485
3637 1.05054
3638 1.04535
3639 1.04712
3640 1.05162
3641 1.04787
3642 1.04567
3643 1.04711
3644 1.05267
3645 1.04634
3646 1.04669
3647 1.04868
3648 1.04913
3649 1.04758
3650 1.05135
3651 1.0517
3652 1.0479
3653 1.04871
3654 1.04628
3655 1.05141
3656 1.05054
3657 1.0495
3658 1.0502
3659 1.04672
3660 1.0478
3661 1.04905
3662 1.0474
3663 1.04912
3664 1.04823
3665 1.05053
3666 1.04683
3667 1.04992
3668 1.05125
3669 1.04694
3670 1.05045
3671 1.04654
3672 1.05109
3673 1.04974
3674 1.04721
3675 1.04765
3676 1.05152
3677 1.04548
3678 1.05199
3679 1.04753
3680 1.04899
3681 1.04803
3682 1.04748
3683 1.04957
3684 1.04825
3685 1.04496
3686 1.05065
3687 1.05188
3688 1.04871
3689 1.04678
3690 1.05189
3691 1.04966
3692 1.04972
3693 1.04929
3694 1.04711
3695 1.05013
3696 1.04864
3697 1.04868
3698 1.04867
3699 1.04652
3700 1.05135
3701 1.04783
3702 1.04896
3703 1.04914
3704 1.04974
3705 1.04649
3706 1.04975
3707 1.04564
3708 1.0477
3709 1.05206
3710 1.04987
3711 1.04936
3712 1.05193
3713 1.05077
3714 1.04687
3715 1.04791
3716 1.04771
3717 1.0473
3718 1.04837
3719 1.05011
3720 1.04542
3721 1.04523
3722 1.04481
3723 1.04926
3724 1.04766
3725 1.04896
3726 1.04915
3727 1.04896
3728 1.05115
3729 1.04786
3730 1.04624
3731 1.04864
3732 1.0491
3733 1.04724
3734 1.04938
3735 1.04794
3736 1.04812
3737 1.05083
3738 1.04758
3739 1.04814
3740 1.04898
3741 1.05121
3742 1.05033
3743 1.04841
3744 1.0479
3745 1.04389
3746 1.04878
3747 1.05028
3748 1.04993
3749 1.04558
3750 1.04924
3751 1.04898
3752 1.0513
3753 1.04703
3754 1.04564
3755 1.05018
3756 1.0511
3757 1.04914
3758 1.05234
3759 1.04811
3760 1.04824
3761 1.04821
3762 1.04934
3763 1.04761
3764 1.04444
3765 1.04704
3766 1.05255
3767 1.04605
3768 1.04777
3769 1.04844
3770 1.05052
3771 1.04588
3772 1.05016
3773 1.05016
3774 1.05026
3775 1.0501
3776 1.04772
3777 1.0532
3778 1.05048
3779 1.04856
3780 1.05037
3781 1.04812
3782 1.04839
3783 1.0489
3784 1.04891
3785 1.05076
3786 1.04588
3787 1.05142
3788 1.05111
3789 1.04736
3790 1.04594
3791 1.04737
3792 1.04916
3793 1.04902
3794 1.05018
3795 1.04799
3796 1.0508
3797 1.05052
3798 1.04655
3799 1.04882
3800 1.0488
3801 1.04568
3802 1.04875
3803 1.04832
3804 1.0476
3805 1.04913
3806 1.04965
3807 1.04867
3808 1.04923
3809 1.04926
3810 1.04683
3811 1.04535
3812 1.04981
3813 1.04968
3814 1.04813
3815 1.04907
3816 1.04682
3817 1.04979
3818 1.05005
3819 1.04617
3820 1.05063
3821 1.04608
3822 1.04927
3823 1.05136
3824 1.05214
3825 1.05039
3826 1.05278
3827 1.0471
3828 1.04683
3829 1.04925
3830 1.04946
3831 1.04853
3832 1.04607
3833 1.05089
3834 1.0458
3835 1.04945
3836 1.04692
3837 1.04708
3838 1.04717
3839 1.05023
3840 1.04879
3841 1.0463
3842 1.05056
3843 1.04853
3844 1.05045
3845 1.04882
3846 1.05061
3847 1.04976
3848 1.04841
3849 1.04865
3850 1.04364
3851 1.04654
3852 1.05106
3853 1.05013
3854 1.04822
3855 1.0508
3856 1.04845
3857 1.04768
3858 1.04816
3859 1.05026
3860 1.04836
3861 1.04908
3862 1.04736
3863 1.04853
3864 1.05087
3865 1.04983
3866 1.05096
3867 1.0494
3868 1.04531
3869 1.04608
3870 1.04732
3871 1.04944
3872 1.0469
3873 1.05174
3874 1.04742
3875 1.04618
3876 1.05189
3877 1.05127
3878 1.04918
3879 1.05449
3880 1.05165
3881 1.04726
3882 1.04484
3883 1.05102
3884 1.04852
3885 1.04553
3886 1.05138
3887 1.04884
3888 1.04459
3889 1.05047
3890 1.05019
3891 1.04919
3892 1.04809
3893 1.05298
3894 1.04872
3895 1.04824
3896 1.05028
3897 1.04501
3898 1.05024
3899 1.04765
3900 1.04701
3901 1.048
3902 1.0493
3903 1.05283
3904 1.05148
3905 1.04898
3906 1.04981
3907 1.04566
3908 1.04669
3909 1.0446
3910 1.04808
3911 1.05141
3912 1.04854
3913 1.04794
3914 1.05106
3915 1.04693
3916 1.04736
3917 1.04861
3918 1.04569
3919 1.04915
3920 1.0474
3921 1.05008
3922 1.0492
3923 1.04979
3924 1.0553
3925 1.04911
3926 1.04477
3927 1.04683
3928 1.04691
3929 1.04987
3930 1.04909
3931 1.05002
3932 1.04951
3933 1.04674
3934 1.04761
3935 1.04809
3936 1.04958
3937 1.0482
3938 1.04619
3939 1.04678
3940 1.04866
3941 1.05252
3942 1.04952
3943 1.04994
3944 1.04605
3945 1.04773
3946 1.04886
3947 1.04801
3948 1.04795
3949 1.0476
3950 1.04673
3951 1.05022
3952 1.05102
3953 1.04673
3954 1.04884
3955 1.04894
3956 1.04889
3957 1.04702
3958 1.05005
3959 1.04879
3960 1.04646
3961 1.0481
3962 1.05111
3963 1.0458
3964 1.04986
3965 1.04867
3966 1.04899
3967 1.05258
3968 1.04771
3969 1.04853
3970 1.05013
3971 1.04851
3972 1.04506
3973 1.04717
3974 1.05071
3975 1.04585
3976 1.0521
3977 1.05038
3978 1.05223
3979 1.05125
3980 1.04788
3981 1.05168
3982 1.04816
3983 1.05287
3984 1.05234
3985 1.04849
3986 1.0464
3987 1.05347
3988 1.05082
3989 1.05093
3990 1.04745
3991 1.04828
3992 1.04807
3993 1.04927
3994 1.0516
3995 1.04786
3996 1.04788
3997 1.04928
3998 1.04968
3999 1.04812
4000 1.04531
4001 1.04832
4002 1.04922
4003 1.04981
4004 1.04526
4005 1.04592
4006 1.04634
4007 1.0476
4008 1.04854
4009 1.04798
4010 1.04919
4011 1.05077
4012 1.04539
4013 1.04838
4014 1.04817
4015 1.0494
4016 1.0531
4017 1.0494
4018 1.05129
4019 1.04602
4020 1.04729
4021 1.04837
4022 1.04886
4023 1.04638
4024 1.05098
4025 1.0479
4026 1.04815
4027 1.04438
4028 1.04855
4029 1.05071
4030 1.05183
4031 1.05387
4032 1.05012
4033 1.05014
4034 1.05077
4035 1.04943
4036 1.04882
4037 1.04887
4038 1.04676
4039 1.04689
4040 1.05062
4041 1.04875
4042 1.05498
4043 1.04793
4044 1.05121
4045 1.04726
4046 1.05279
4047 1.04792
4048 1.04913
4049 1.04937
4050 1.05458
4051 1.05016
4052 1.04873
4053 1.0474
4054 1.04645
4055 1.04938
4056 1.04978
4057 1.05191
4058 1.048
4059 1.04618
4060 1.04728
4061 1.04741
4062 1.04888
4063 1.04892
4064 1.04821
4065 1.05073
4066 1.05111
4067 1.04636
4068 1.04796
4069 1.04687
4070 1.0501
4071 1.04709
4072 1.0449
4073 1.05276
4074 1.05091
4075 1.046
4076 1.04884
4077 1.04663
4078 1.04556
4079 1.05486
4080 1.05295
4081 1.04723
4082 1.04794
4083 1.05293
4084 1.05211
4085 1.04787
4086 1.0504
4087 1.05132
4088 1.04946
4089 1.05113
4090 1.04659
4091 1.04761
4092 1.04769
4093 1.0473
4094 1.0497
4095 1.04731
4096 1.05081
4097 1.053
4098 1.05008
4099 1.04957
4100 1.04744
4101 1.04833
4102 1.04844
4103 1.04732
4104 1.048
4105 1.04736
4106 1.04874
4107 1.04857
4108 1.04968
4109 1.04999
4110 1.05337
4111 1.04851
4112 1.05096
4113 1.05111
4114 1.05016
4115 1.05286
4116 1.04772
4117 1.048
4118 1.04862
4119 1.04759
4120 1.04669
4121 1.0495
4122 1.04829
4123 1.04607
4124 1.04581
4125 1.04826
4126 1.05104
4127 1.04939
4128 1.04486
4129 1.04942
4130 1.05225
4131 1.05241
4132 1.04619
4133 1.05008
4134 1.0504
4135 1.05061
4136 1.04975
4137 1.05136
4138 1.04897
4139 1.05004
4140 1.04294
4141 1.05036
4142 1.04974
4143 1.05144
4144 1.04844
4145 1.04774
4146 1.05089
4147 1.0515
4148 1.04977
4149 1.05007
4150 1.04817
4151 1.04635
4152 1.05383
4153 1.04922
4154 1.04819
4155 1.04809
4156 1.05182
4157 1.04798
4158 1.04866
4159 1.05212
4160 1.04757
4161 1.05023
4162 1.04926
4163 1.05259
4164 1.04943
4165 1.04759
4166 1.04888
4167 1.05052
4168 1.0493
4169 1.04997
4170 1.05017
4171 1.05077
4172 1.05083
4173 1.04812
4174 1.05236
4175 1.05146
4176 1.04833
4177 1.04676
4178 1.04794
4179 1.04583
4180 1.04709
4181 1.04777
4182 1.04702
4183 1.04964
4184 1.05166
4185 1.04813
4186 1.04753
4187 1.05157
4188 1.04578
4189 1.05226
4190 1.04567
4191 1.05493
4192 1.04864
4193 1.04876
4194 1.04759
4195 1.04696
4196 1.05058
4197 1.04975
4198 1.04968
4199 1.05175
4200 1.04884
4201 1.04572
4202 1.05122
4203 1.04664
4204 1.05113
4205 1.04382
4206 1.04637
4207 1.05073
4208 1.04892
4209 1.05458
4210 1.04818
4211 1.05253
4212 1.05016
4213 1.04684
4214 1.04692
4215 1.04678
4216 1.05176
4217 1.05025
4218 1.04866
4219 1.04945
4220 1.04635
4221 1.04947
4222 1.04786
4223 1.05042
4224 1.05195
4225 1.05253
4226 1.05176
4227 1.04975
4228 1.04825
4229 1.0494
4230 1.05114
4231 1.05049
4232 1.04956
4233 1.04849
4234 1.04636
4235 1.05176
4236 1.04984
4237 1.04469
4238 1.0452
4239 1.05047
4240 1.05101
4241 1.04735
4242 1.04733
4243 1.04595
4244 1.04581
4245 1.04818
4246 1.04964
4247 1.05141
4248 1.04971
4249 1.04911
4250 1.04971
4251 1.05091
4252 1.05294
4253 1.05114
4254 1.04805
4255 1.05217
4256 1.05059
4257 1.05194
4258 1.05457
4259 1.04999
4260 1.04848
4261 1.04664
4262 1.04766
4263 1.04786
4264 1.05036
4265 1.05174
4266 1.04906
4267 1.0524
4268 1.05087
4269 1.05237
4270 1.04942
4271 1.05175
4272 1.04707
4273 1.05019
4274 1.04774
4275 1.05248
4276 1.05277
4277 1.04878
4278 1.05161
4279 1.04869
4280 1.04961
4281 1.05013
4282 1.05233
4283 1.05189
4284 1.0473
4285 1.04887
4286 1.05223
4287 1.05214
4288 1.05113
4289 1.04939
4290 1.04897
4291 1.05409
4292 1.05029
4293 1.0507
4294 1.05345
4295 1.04861
4296 1.0501
4297 1.04769
4298 1.05147
4299 1.05263
4300 1.0488
4301 1.05104
4302 1.05328
4303 1.05101
4304 1.05037
4305 1.05052
4306 1.05242
4307 1.04778
4308 1.05087
4309 1.04887
4310 1.04948
4311 1.05363
4312 1.05001
4313 1.05269
4314 1.05087
4315 1.04964
4316 1.04956
4317 1.04985
4318 1.04977
4319 1.04832
4320 1.05072
4321 1.0523
4322 1.0501
4323 1.05204
4324 1.05032
4325 1.0506
4326 1.05472
4327 1.05062
4328 1.04968
4329 1.04705
4330 1.05046
4331 1.05075
4332 1.04969
4333 1.04964
4334 1.05056
4335 1.04897
4336 1.04798
4337 1.05274
4338 1.04658
4339 1.0504
4340 1.04841
4341 1.05241
4342 1.04993
4343 1.04856
4344 1.04869
4345 1.05105
4346 1.05355
4347 1.05026
4348 1.05158
4349 1.04669
4350 1.0495
4351 1.05068
4352 1.04955
4353 1.0502
4354 1.04531
4355 1.04687
4356 1.05009
4357 1.05041
4358 1.05432
4359 1.05186
4360 1.05211
4361 1.05336
4362 1.04769
4363 1.05629
4364 1.05023
4365 1.05167
4366 1.05057
4367 1.04833
4368 1.05323
4369 1.04712
4370 1.05044
4371 1.05224
4372 1.05219
4373 1.05313
4374 1.05068
4375 1.05213
4376 1.05059
4377 1.05377
4378 1.0514
4379 1.04906
4380 1.04982
4381 1.05359
4382 1.04837
4383 1.05066
4384 1.0496
4385 1.04986
4386 1.05311
4387 1.04604
4388 1.04985
4389 1.05015
4390 1.05362
4391 1.05319
4392 1.05167
4393 1.05429
4394 1.05419
4395 1.04873
4396 1.05314
4397 1.04772
4398 1.05416
4399 1.05002
4400 1.05065
4401 1.0552
4402 1.0471
4403 1.05038
4404 1.05118
4405 1.05275
4406 1.05276
4407 1.05231
4408 1.04761
4409 1.04936
4410 1.05217
4411 1.05161
4412 1.05087
4413 1.05007
4414 1.05313
4415 1.05437
4416 1.04494
4417 1.05021
4418 1.05019
4419 1.05297
4420 1.05131
4421 1.04838
4422 1.04944
4423 1.05546
4424 1.05149
4425 1.05555
4426 1.05336
4427 1.04996
4428 1.04835
4429 1.04881
4430 1.05207
4431 1.05503
4432 1.05239
4433 1.05134
4434 1.05111
4435 1.04944
4436 1.05155
4437 1.04974
4438 1.05091
4439 1.05226
4440 1.05024
4441 1.05075
4442 1.05066
4443 1.04559
4444 1.05394
4445 1.05203
4446 1.04729
4447 1.05002
4448 1.05378
4449 1.05327
4450 1.05332
4451 1.04987
4452 1.05048
4453 1.05128
4454 1.04642
4455 1.0518
4456 1.0535
4457 1.05295
4458 1.05208
4459 1.0506
4460 1.05095
4461 1.04868
4462 1.05398
4463 1.05087
4464 1.05236
4465 1.05407
4466 1.05468
4467 1.05325
4468 1.05209
4469 1.0538
4470 1.05475
4471 1.05184
4472 1.05094
4473 1.05134
4474 1.05319
4475 1.05267
4476 1.04853
4477 1.0484
4478 1.05453
4479 1.04811
4480 1.05087
4481 1.05021
4482 1.0491
4483 1.05381
4484 1.0475
4485 1.05257
4486 1.05135
4487 1.05283
4488 1.05103
4489 1.05086
4490 1.05357
4491 1.05096
4492 1.05268
4493 1.05466
4494 1.04951
4495 1.05379
4496 1.0533
4497 1.04863
4498 1.05665
4499 1.05071
4500 1.05048
4501 1.05022
4502 1.05185
4503 1.0509
4504 1.05302
4505 1.05033
4506 1.05244
4507 1.04997
4508 1.05394
4509 1.0475
4510 1.05331
4511 1.05086
4512 1.05493
4513 1.05013
4514 1.05477
4515 1.05506
4516 1.05327
4517 1.05084
4518 1.05158
4519 1.04904
4520 1.05376
4521 1.05298
4522 1.05161
4523 1.04985
4524 1.049
4525 1.05045
4526 1.05507
4527 1.05302
4528 1.05077
4529 1.05117
4530 1.05206
4531 1.04926
4532 1.05047
4533 1.05275
4534 1.05163
4535 1.05377
4536 1.04965
4537 1.05344
4538 1.04965
4539 1.0544
4540 1.05019
4541 1.04647
4542 1.05188
4543 1.04971
4544 1.05251
4545 1.04702
4546 1.05203
4547 1.0535
4548 1.04885
4549 1.05273
4550 1.0507
4551 1.04997
4552 1.05213
4553 1.055
4554 1.04833
4555 1.05076
4556 1.0516
4557 1.05236
4558 1.05093
4559 1.05271
4560 1.05203
4561 1.0515
4562 1.051
4563 1.04927
4564 1.05186
4565 1.05187
4566 1.04999
4567 1.05818
4568 1.05106
4569 1.05034
4570 1.05372
4571 1.05066
4572 1.05041
4573 1.05392
4574 1.04982
4575 1.05273
4576 1.05532
4577 1.05193
4578 1.05147
4579 1.04833
4580 1.04962
4581 1.05214
4582 1.05286
4583 1.04874
4584 1.05192
4585 1.05167
4586 1.05066
4587 1.04834
4588 1.04852
4589 1.05316
4590 1.05272
4591 1.05188
4592 1.05342
4593 1.05325
4594 1.04933
4595 1.05192
4596 1.05296
4597 1.05436
4598 1.05101
4599 1.05416
4600 1.05469
4601 1.05147
4602 1.05288
4603 1.05036
4604 1.05492
4605 1.05
4606 1.05291
4607 1.05312
4608 1.05163
4609 1.0498
4610 1.05048
4611 1.05089
4612 1.05323
4613 1.04964
4614 1.05353
4615 1.05524
4616 1.05368
4617 1.05006
4618 1.05115
4619 1.05464
4620 1.05375
4621 1.05483
4622 1.05186
4623 1.05429
4624 1.05173
4625 1.0501
4626 1.04893
4627 1.05484
4628 1.04882
4629 1.05051
4630 1.05025
4631 1.05482
4632 1.0509
4633 1.0517
4634 1.04903
4635 1.0509
4636 1.05312
4637 1.05012
4638 1.04927
4639 1.04908
4640 1.05187
4641 1.05194
4642 1.05232
4643 1.05376
4644 1.05124
4645 1.05168
4646 1.05066
4647 1.05188
4648 1.05017
4649 1.0537
4650 1.05355
4651 1.05286
4652 1.05274
4653 1.05516
4654 1.04962
4655 1.05479
4656 1.05064
4657 1.05402
4658 1.05212
4659 1.05356
4660 1.05276
4661 1.0518
4662 1.05435
4663 1.04826
4664 1.05188
4665 1.05205
4666 1.05392
4667 1.05424
4668 1.05105
4669 1.05073
4670 1.05323
4671 1.05408
4672 1.05065
4673 1.05156
4674 1.05488
4675 1.05077
4676 1.05167
4677 1.05228
4678 1.04824
4679 1.05059
4680 1.05132
4681 1.04956
4682 1.05097
4683 1.05095
4684 1.05154
4685 1.05366
4686 1.05215
4687 1.05726
4688 1.05414
4689 1.04936
4690 1.05075
4691 1.05308
4692 1.05462
4693 1.05166
4694 1.05324
4695 1.05048
4696 1.05133
4697 1.05092
4698 1.04869
4699 1.05224
4700 1.04777
4701 1.05672
4702 1.05492
4703 1.0489
4704 1.05253
4705 1.05378
4706 1.05001
4707 1.05248
4708 1.05373
4709 1.05333
4710 1.05029
4711 1.04739
4712 1.05164
4713 1.04985
4714 1.05024
4715 1.04992
4716 1.05089
4717 1.05438
4718 1.05143
4719 1.05238
4720 1.05291
4721 1.04956
4722 1.05189
4723 1.05186
4724 1.05351
4725 1.05171
4726 1.05376
4727 1.05539
4728 1.0493
4729 1.05227
4730 1.05017
4731 1.05382
4732 1.05543
4733 1.05264
4734 1.05109
4735 1.0515
4736 1.04951
4737 1.05249
4738 1.056
4739 1.05232
4740 1.04983
4741 1.05268
4742 1.05142
4743 1.04936
4744 1.05351
4745 1.05296
4746 1.0528
4747 1.05184
4748 1.05505
4749 1.04782
4750 1.04821
4751 1.05505
4752 1.05129
4753 1.05187
4754 1.05168
4755 1.05407
4756 1.05358
4757 1.05241
4758 1.0486
4759 1.05083
4760 1.05083
4761 1.05144
4762 1.04753
4763 1.05098
4764 1.05427
4765 1.05181
4766 1.04965
4767 1.05287
4768 1.05032
4769 1.04689
4770 1.05213
4771 1.05072
4772 1.05542
4773 1.05373
4774 1.05408
4775 1.05488
4776 1.05555
4777 1.05099
4778 1.0513
4779 1.05076
4780 1.05084
4781 1.04752
4782 1.05276
4783 1.05242
4784 1.05143
4785 1.05257
4786 1.0474
4787 1.05109
4788 1.05109
4789 1.05151
4790 1.04837
4791 1.04884
4792 1.05324
4793 1.04916
4794 1.05451
4795 1.05542
4796 1.05474
4797 1.05343
4798 1.05191
4799 1.05183
4800 1.0505
4801 1.04837
4802 1.05015
4803 1.0518
4804 1.04973
4805 1.0585
4806 1.05273
4807 1.05045
4808 1.05359
4809 1.04885
4810 1.05345
4811 1.05185
4812 1.05015
4813 1.05172
4814 1.05085
4815 1.04878
4816 1.05147
4817 1.05285
4818 1.05139
4819 1.05298
4820 1.04893
4821 1.05313
4822 1.0506
4823 1.0527
4824 1.05197
4825 1.05146
4826 1.0523
4827 1.05017
4828 1.0535
4829 1.05175
4830 1.05008
4831 1.0502
4832 1.05255
4833 1.05228
4834 1.05273
4835 1.05284
4836 1.05159
4837 1.04997
4838 1.048
4839 1.05447
4840 1.05164
4841 1.05483
4842 1.05315
4843 1.05668
4844 1.05563
4845 1.04984
4846 1.04921
4847 1.05234
4848 1.05343
4849 1.05355
4850 1.05064
4851 1.0514
4852 1.05285
4853 1.05191
4854 1.05474
4855 1.05054
4856 1.05028
4857 1.04911
4858 1.05027
4859 1.05217
4860 1.05564
4861 1.05077
4862 1.04915
4863 1.05428
4864 1.05411
4865 1.05211
4866 1.05207
4867 1.04997
4868 1.04732
4869 1.05186
4870 1.0519
4871 1.05494
4872 1.05262
4873 1.05359
4874 1.0521
4875 1.05297
4876 1.05043
4877 1.0515
4878 1.05144
4879 1.05372
4880 1.05269
4881 1.04852
4882 1.05181
4883 1.05174
4884 1.05137
4885 1.05305
4886 1.05296
4887 1.05053
4888 1.05343
4889 1.05424
4890 1.05237
4891 1.05471
4892 1.05201
4893 1.04935
4894 1.05278
4895 1.05324
4896 1.0544
4897 1.057
4898 1.05347
4899 1.05162
4900 1.05191
4901 1.05192
4902 1.05044
4903 1.05291
4904 1.05272
4905 1.05207
4906 1.05703
4907 1.05352
4908 1.05076
4909 1.0522
4910 1.05101
4911 1.05264
4912 1.05107
4913 1.05335
4914 1.0561
4915 1.05333
4916 1.05243
4917 1.05199
4918 1.0529
4919 1.05509
4920 1.04542
4921 1.05007
4922 1.05445
4923 1.05542
4924 1.05312
4925 1.04868
4926 1.04977
4927 1.05292
4928 1.05174
4929 1.05139
4930 1.05152
4931 1.04894
4932 1.05422
4933 1.05461
4934 1.0498
4935 1.05359
4936 1.05007
4937 1.05242
4938 1.0522
4939 1.05211
4940 1.05159
4941 1.05264
4942 1.05097
4943 1.04915
4944 1.05006
4945 1.05373
4946 1.05303
4947 1.05495
4948 1.05494
4949 1.04999
4950 1.05036
4951 1.05252
4952 1.05549
4953 1.05666
4954 1.04907
4955 1.05325
4956 1.05159
4957 1.05193
4958 1.05146
4959 1.05564
4960 1.05229
4961 1.05136
4962 1.05291
4963 1.04558
4964 1.05273
4965 1.0529
4966 1.05295
4967 1.05268
4968 1.04733
4969 1.04916
4970 1.05052
4971 1.05179
4972 1.05083
4973 1.05145
4974 1.05364
4975 1.05073
4976 1.05163
4977 1.05302
4978 1.04995
4979 1.05221
4980 1.0511
4981 1.05298
4982 1.05551
4983 1.05047
4984 1.05242
4985 1.05484
4986 1.05164
4987 1.05111
4988 1.05311
4989 1.04986
4990 1.05331
4991 1.05161
4992 1.05482
4993 1.05106
4994 1.05211
4995 1.05239
4996 1.05054
4997 1.04875
4998 1.05091
4999 1.04987
