100 0.997113
101 0.998817
102 0.996638
103 1.00144
104 1.00387
105 1.01021
106 1.00598
107 1.01799
108 1.03151
109 1.03892
110 1.03631
111 1.04194
112 1.04215
113 1.05374
114 1.05207
115 1.05042
116 1.0602
117 1.0625
118 1.05421
119 1.06203
120 1.06444
121 1.05644
122 1.05948
123 1.05786
124 1.05599
125 1.05462
126 1.05282
127 1.0514
128 1.04765
129 1.04283
130 1.0429
131 1.04364
132 1.04078
133 1.03826
134 1.03432
135 1.033
136 1.03409
137 1.03188
138 1.02896
139 1.02805
140 1.02769
141 1.02552
142 1.02474
143 1.02259
144 1.02065
145 1.02019
146 1.01869
147 1.01619
148 1.01656
149 1.01398
150 1.01383
151 1.01243
152 1.0104
153 1.00965
154 1.00997
155 1.00783
156 1.01032
157 1.0064
158 1.00683
159 1.00724
160 1.00633
161 1.00537
162 1.00468
163 1.00651
164 1.00651
165 1.00779
166 1.00966
167 1.0089
168 1.00963
169 1.00968
170 1.00837
171 1.00868
172 1.00853
173 1.00779
174 1.00784
175 1.00634
176 1.00508
177 1.00461
178 1.00583
179 1.00529
180 1.00424
181 1.0027
182 1.00431
183 1.00173
184 1.00116
185 0.999168
186 0.998271
187 0.998914
188 0.997415
189 0.998501
190 0.996288
191 0.995714
192 0.995544
193 0.996707
194 0.994933
195 0.993899
196 0.994313
197 0.994853
198 0.99345
199 0.99301
200 0.992623
201 0.992764
202 0.993019
203 0.993052
204 0.998679
205 0.992789
206 0.993097
207 0.993305
208 1.00286
209 0.996462
210 0.999615
211 0.997559
212 1.00931
213 1.00332
214 1.0092
215 1.01212
216 1.0159
217 1.01647
218 1.02069
219 1.01742
220 1.03072
221 1.01681
222 1.0399
223 1.0378
224 1.04694
225 1.06417
226 1.05138
227 1.05449
228 1.05538
229 1.05564
230 1.05516
231 1.06715
232 1.0597
233 1.06781
234 1.06351
235 1.06064
236 1.06031
237 1.0606
238 1.05479
239 1.06022
240 1.06064
241 1.05724
242 1.05684
243 1.05399
244 1.05643
245 1.05484
246 1.05292
247 1.05136
248 1.04876
249 1.04698
250 1.04761
251 1.04634
252 1.04502
253 1.04864
254 1.04313
255 1.0423
256 1.04155
257 1.04215
258 1.03984
259 1.0361
260 1.03472
261 1.03591
262 1.0368
263 1.03343
264 1.03158
265 1.03277
266 1.03226
267 1.0306
268 1.02996
269 1.0294
270 1.02913
271 1.02826
272 1.02814
273 1.02764
274 1.02696
275 1.02571
276 1.02689
277 1.02484
278 1.02436
279 1.0251
280 1.02396
281 1.0249
282 1.02288
283 1.02295
284 1.02277
285 1.02086
286 1.0215
287 1.01933
288 1.02015
289 1.01966
290 1.01939
291 1.0158
292 1.01674
293 1.01603
294 1.0151
295 1.01433
296 1.01415
297 1.01494
298 1.01252
299 1.01298
300 1.01103
301 1.01077
302 1.01235
303 1.00939
304 1.00922
305 1.0082
306 1.0081
307 1.00679
308 1.00723
309 1.0058
310 1.00551
311 1.00597
312 1.006
313 1.00439
314 1.00516
315 1.00451
316 1.00436
317 1.00321
318 1.00451
319 1.00498
320 1.00477
321 1.00342
322 1.00575
323 1.00622
324 1.00858
325 1.00671
326 1.00371
327 1.00723
328 1.00643
329 1.00618
330 1.00592
331 1.00596
332 1.00782
333 1.00878
334 1.00692
335 1.0111
336 1.0104
337 1.00978
338 1.01005
339 1.01092
340 1.01158
341 1.00985
342 1.0112
343 1.00836
344 1.01009
345 1.01028
346 1.00938
347 1.01021
348 1.00784
349 1.00902
350 1.00895
351 1.00812
352 1.00829
353 1.00674
354 1.006
355 1.00647
356 1.00542
357 1.00496
358 1.00523
359 1.00452
360 1.0045
361 1.00238
362 1.00367
363 1.0021
364 1.00247
365 1.00102
366 1.00031
367 1.00001
368 0.999679
369 0.998675
370 0.999499
371 0.99893
372 0.998097
373 0.997995
374 0.997861
375 0.998028
376 0.997671
377 0.998113
378 0.99637
379 0.996756
380 0.996836
381 0.995979
382 0.997151
383 0.996443
384 0.995528
385 0.995505
386 0.995309
387 0.996029
388 0.994573
389 0.995745
390 0.995497
391 0.994686
392 0.99443
393 0.994389
394 0.994433
395 0.994054
396 0.993558
397 0.992884
398 0.994104
399 0.993275
400 0.993219
401 0.993087
402 0.992379
403 0.992817
404 0.99263
405 0.99241
406 0.991717
407 0.993863
408 0.992495
409 0.991296
410 0.99311
411 0.990985
412 0.990576
413 0.991272
414 0.992659
415 0.992044
416 0.989779
417 0.990625
418 0.992987
419 0.990819
420 0.993726
421 0.990677
422 0.993706
423 0.999058
424 0.995703
425 0.995886
426 0.998284
427 1.00189
428 0.997552
429 1.00389
430 1.00341
431 1.00778
432 1.01179
433 1.01655
434 1.01212
435 1.01522
436 1.01876
437 1.01846
438 1.02026
439 1.02912
440 1.02562
441 1.03012
442 1.03852
443 1.03552
444 1.03194
445 1.04502
446 1.04501
447 1.05341
448 1.04566
449 1.05514
450 1.05416
451 1.04899
452 1.06583
453 1.05217
454 1.05926
455 1.05919
456 1.05529
457 1.05726
458 1.05732
459 1.059
460 1.06343
461 1.06137
462 1.06563
463 1.0602
464 1.06292
465 1.06393
466 1.06273
467 1.06249
468 1.06365
469 1.06026
470 1.06383
471 1.06122
472 1.06116
473 1.05941
474 1.05713
475 1.05779
476 1.05842
477 1.05518
478 1.05753
479 1.05265
480 1.05498
481 1.05495
482 1.05482
483 1.05304
484 1.05245
485 1.05085
486 1.05035
487 1.04871
488 1.05067
489 1.04944
490 1.04663
491 1.04784
492 1.04577
493 1.04657
494 1.04614
495 1.04584
496 1.04495
497 1.04385
498 1.04414
499 1.0438
500 1.04222
501 1.0427
502 1.04169
503 1.04125
504 1.03971
505 1.03999
506 1.03912
507 1.03807
508 1.03729
509 1.03874
510 1.03764
511 1.03617
512 1.03622
513 1.03562
514 1.0349
515 1.0357
516 1.0341
517 1.03338
518 1.03267
519 1.03377
520 1.0314
521 1.0312
522 1.03044
523 1.03076
524 1.03133
525 1.02994
526 1.02779
527 1.02805
528 1.0296
529 1.02817
530 1.02886
531 1.02834
532 1.02548
533 1.02846
534 1.02692
535 1.02552
536 1.02549
537 1.02576
538 1.02588
539 1.02519
540 1.02546
541 1.02458
542 1.02489
543 1.0238
544 1.02384
545 1.0243
546 1.02426
547 1.02457
548 1.02413
549 1.02417
550 1.02333
551 1.02351
552 1.023
553 1.02318
554 1.02289
555 1.02303
556 1.02296
557 1.02276
558 1.02297
559 1.0239
560 1.02296
561 1.02224
562 1.02221
563 1.02093
564 1.02099
565 1.02136
566 1.02177
567 1.02127
568 1.02106
569 1.02054
570 1.01991
571 1.01984
572 1.01968
573 1.0191
574 1.01948
575 1.01836
576 1.01737
577 1.01823
578 1.01631
579 1.01768
580 1.01663
581 1.0172
582 1.01636
583 1.01596
584 1.01544
585 1.01436
586 1.01442
587 1.01344
588 1.01316
589 1.01321
590 1.01188
591 1.01308
592 1.01177
593 1.01099
594 1.01177
595 1.01106
596 1.01138
597 1.01016
598 1.01141
599 1.01091
600 1.00994
601 1.00954
602 1.00984
603 1.00861
604 1.00929
605 1.00843
606 1.0085
607 1.00731
608 1.00677
609 1.00728
610 1.00743
611 1.0068
612 1.00615
613 1.00661
614 1.00633
615 1.0056
616 1.00526
617 1.00548
618 1.00495
619 1.00562
620 1.00494
621 1.00487
622 1.00385
623 1.00387
624 1.00404
625 1.00357
626 1.0039
627 1.0031
628 1.00315
629 1.00264
630 1.00376
631 1.00227
632 1.00225
633 1.00214
634 1.00182
635 1.0012
636 1.00142
637 1.00191
638 1.00369
639 1.00128
640 1.00163
641 1.00206
642 1.0025
643 1.00106
644 1.00194
645 1.00257
646 1.00162
647 1.0026
648 1.00282
649 1.00344
650 1.00195
651 1.00371
652 1.00426
653 1.0063
654 1.00289
655 1.00537
656 1.00342
657 1.00671
658 1.00819
659 1.00555
660 1.00735
661 1.00932
662 1.00818
663 1.00752
664 1.00888
665 1.0101
666 1.01057
667 1.01102
668 1.00758
669 1.00966
670 1.01248
671 1.00933
672 1.01123
673 1.01175
674 1.01205
675 1.01168
676 1.01221
677 1.01076
678 1.01214
679 1.01362
680 1.01224
681 1.01254
682 1.0135
683 1.01087
684 1.01056
685 1.01093
686 1.01124
687 1.01161
688 1.01223
689 1.0116
690 1.0104
691 1.01154
692 1.01145
693 1.01054
694 1.00927
695 1.00962
696 1.00982
697 1.00942
698 1.00915
699 1.00912
700 1.00904
701 1.0083
702 1.00727
703 1.00781
704 1.00774
705 1.00669
706 1.00604
707 1.00633
708 1.00576
709 1.00574
710 1.00492
711 1.00573
712 1.00544
713 1.00495
714 1.00502
715 1.00451
716 1.00395
717 1.00318
718 1.00317
719 1.00426
720 1.003
721 1.00338
722 1.00305
723 1.00232
724 1.00207
725 1.00184
726 1.00301
727 1.00149
728 1.00187
729 1.00107
730 1.00028
731 1.00078
732 1.00089
733 0.999908
734 1.00011
735 0.999606
736 0.999563
737 0.999393
738 0.998763
739 0.998952
740 0.999412
741 0.998368
742 0.998087
743 0.998612
744 0.998212
745 0.997035
746 0.997986
747 0.997715
748 0.997015
749 0.996921
750 0.997632
751 0.996988
752 0.997694
753 0.996602
754 0.996706
755 0.996466
756 0.996447
757 0.997023
758 0.996552
759 0.995902
760 0.996563
761 0.996466
762 0.996696
763 0.996074
764 0.996045
765 0.995863
766 0.996661
767 0.995845
768 0.995982
769 0.996256
770 0.99591
771 0.996055
772 0.996338
773 0.995313
774 0.996607
775 0.997283
776 0.995406
777 0.996481
778 0.996077
779 0.996214
780 0.996502
781 0.996131
782 0.996418
783 0.99631
784 0.995306
785 0.995953
786 0.995623
787 0.995517
788 0.995108
789 0.995534
790 0.996174
791 0.996078
792 0.995262
793 0.99553
794 0.995255
795 0.995229
796 0.995015
797 0.995285
798 0.994821
799 0.994544
800 0.994506
801 0.994457
802 0.994936
803 0.994313
804 0.993735
805 0.994088
806 0.993542
807 0.993532
808 0.99382
809 0.994222
810 0.99284
811 0.993327
812 0.992572
813 0.992558
814 0.992914
815 0.992701
816 0.993099
817 0.991901
818 0.992044
819 0.991833
820 0.991792
821 0.991145
822 0.991783
823 0.991391
824 0.991759
825 0.991438
826 0.991104
827 0.991212
828 0.990821
829 0.990963
830 0.990931
831 0.990742
832 0.990713
833 0.990275
834 0.990522
835 0.991806
836 0.990208
837 0.99121
838 0.991337
839 0.99113
840 0.991188
841 0.991079
842 0.990708
843 0.990708
844 0.989834
845 0.990591
846 0.989248
847 0.99283
848 0.99006
849 0.992727
850 0.994855
851 0.992065
852 0.993115
853 0.992412
854 0.990792
855 0.992124
856 0.998113
857 0.997972
858 1.00231
859 0.999427
860 0.99877
861 0.995413
862 1.00542
863 1.00317
864 0.999808
865 1.00286
866 1.00149
867 1.00256
868 1.0051
869 1.01046
870 1.00426
871 1.00826
872 1.01251
873 1.01345
874 1.00992
875 1.01886
876 1.01261
877 1.02249
878 1.01394
879 1.02755
880 1.02896
881 1.02763
882 1.02329
883 1.03245
884 1.03287
885 1.0354
886 1.03162
887 1.04387
888 1.04252
889 1.03705
890 1.03927
891 1.04144
892 1.05082
893 1.05504
894 1.04374
895 1.0459
896 1.05421
897 1.0522
898 1.06377
899 1.052
900 1.05334
901 1.05299
902 1.06049
903 1.05759
904 1.05574
905 1.06008
906 1.05817
907 1.0586
908 1.06025
909 1.06292
910 1.06462
911 1.06211
912 1.06233
913 1.06099
914 1.06285
915 1.06469
916 1.06202
917 1.06621
918 1.06244
919 1.06251
920 1.06058
921 1.06228
922 1.05837
923 1.0622
924 1.05779
925 1.06123
926 1.06263
927 1.06046
928 1.06229
929 1.05862
930 1.0604
931 1.05948
932 1.0582
933 1.05942
934 1.05834
935 1.05805
936 1.0586
937 1.05786
938 1.05758
939 1.05748
940 1.05642
941 1.05572
942 1.05498
943 1.05541
944 1.05485
945 1.05429
946 1.0542
947 1.05372
948 1.0527
949 1.05268
950 1.0512
951 1.05163
952 1.05063
953 1.05272
954 1.05277
955 1.05167
956 1.0513
957 1.05121
958 1.04938
959 1.0492
960 1.04859
961 1.0479
962 1.04852
963 1.04804
964 1.04801
965 1.04699
966 1.04714
967 1.04686
968 1.04588
969 1.04585
970 1.04504
971 1.04532
972 1.04466
973 1.04556
974 1.04458
975 1.04435
976 1.04405
977 1.04337
978 1.04372
979 1.04354
980 1.04383
981 1.04309
982 1.04267
983 1.04195
984 1.04177
985 1.04199
986 1.04171
987 1.04168
988 1.04241
989 1.04114
990 1.04077
991 1.04077
992 1.04066
993 1.04032
994 1.04068
995 1.03956
996 1.03994
997 1.03939
998 1.03897
999 1.03891
1000 1.03825
1001 1.03832
1002 1.03809
1003 1.03833
1004 1.03872
1005 1.03788
1006 1.03767
1007 1.03792
1008 1.0366
1009 1.036
1010 1.03676
1011 1.03623
1012 1.03626
1013 1.03572
1014 1.03476
1015 1.03454
1016 1.03539
1017 1.03495
1018 1.03537
1019 1.03368
1020 1.0346
1021 1.03362
1022 1.03413
1023 1.03315
1024 1.03252
1025 1.03242
1026 1.03307
1027 1.03236
1028 1.03062
1029 1.03136
1030 1.03135
1031 1.03106
1032 1.03198
1033 1.02994
1034 1.02964
1035 1.03034
1036 1.03051
1037 1.02899
1038 1.0284
1039 1.02889
1040 1.02877
1041 1.02898
1042 1.0277
1043 1.0279
1044 1.02835
1045 1.02767
1046 1.02794
1047 1.02686
1048 1.02768
1049 1.02584
1050 1.02679
1051 1.02629
1052 1.02636
1053 1.02617
1054 1.0255
1055 1.02553
1056 1.02549
1057 1.02538
1058 1.02442
1059 1.02482
1060 1.02428
1061 1.02441
1062 1.0242
1063 1.02375
1064 1.02325
1065 1.0228
1066 1.02325
1067 1.0229
1068 1.0226
1069 1.02277
1070 1.02264
1071 1.02274
1072 1.02207
1073 1.02188
1074 1.02153
1075 1.02218
1076 1.02167
1077 1.02111
1078 1.02156
1079 1.0217
1080 1.02185
1081 1.02142
1082 1.02143
1083 1.02088
1084 1.02114
1085 1.02195
1086 1.02106
1087 1.02022
1088 1.0218
1089 1.02116
1090 1.02111
1091 1.02129
1092 1.02155
1093 1.02125
1094 1.0199
1095 1.02153
1096 1.02166
1097 1.02104
1098 1.0209
1099 1.02194
1100 1.02282
1101 1.02245
1102 1.02192
1103 1.02113
1104 1.02157
1105 1.02131
1106 1.02113
1107 1.02055
1108 1.02184
1109 1.02133
1110 1.02159
1111 1.02163
1112 1.02279
1113 1.02195
1114 1.02211
1115 1.02169
1116 1.02166
1117 1.02255
1118 1.02105
1119 1.02096
1120 1.02188
1121 1.02109
1122 1.02189
1123 1.02229
1124 1.02164
1125 1.02139
1126 1.02135
1127 1.02134
1128 1.02171
1129 1.0203
1130 1.0209
1131 1.01961
1132 1.02037
1133 1.02009
1134 1.02052
1135 1.02076
1136 1.01987
1137 1.0192
1138 1.02001
1139 1.01947
1140 1.0193
1141 1.01843
1142 1.01874
1143 1.019
1144 1.01795
1145 1.01823
1146 1.01832
1147 1.01775
1148 1.01781
1149 1.01688
1150 1.01726
1151 1.01639
1152 1.01668
1153 1.01637
1154 1.01645
1155 1.01608
1156 1.01524
1157 1.01596
1158 1.01544
1159 1.01506
1160 1.01513
1161 1.01538
1162 1.01409
1163 1.01506
1164 1.01463
1165 1.01364
1166 1.0137
1167 1.0138
1168 1.01324
1169 1.01328
1170 1.01285
1171 1.01297
1172 1.01294
1173 1.01281
1174 1.0124
1175 1.01247
1176 1.0122
1177 1.01195
1178 1.01212
1179 1.0119
1180 1.01062
1181 1.01113
1182 1.01058
1183 1.01034
1184 1.01045
1185 1.00984
1186 1.0111
1187 1.01019
1188 1.01034
1189 1.00994
1190 1.00968
1191 1.00946
1192 1.00951
1193 1.00933
1194 1.00884
1195 1.00854
1196 1.00894
1197 1.009
1198 1.00882
1199 1.00854
1200 1.00864
1201 1.00829
1202 1.00856
1203 1.00813
1204 1.00814
1205 1.00765
1206 1.00781
1207 1.00767
1208 1.0078
1209 1.00792
1210 1.0073
1211 1.00741
1212 1.00738
1213 1.00706
1214 1.00699
1215 1.00698
1216 1.00645
1217 1.00668
1218 1.00738
1219 1.00671
1220 1.00726
1221 1.00648
1222 1.00622
1223 1.00639
1224 1.00612
1225 1.00589
1226 1.00593
1227 1.0057
1228 1.00588
1229 1.00608
1230 1.0056
1231 1.00497
1232 1.00622
1233 1.00538
1234 1.00485
1235 1.00493
1236 1.0051
1237 1.00398
1238 1.00525
1239 1.00448
1240 1.00459
1241 1.00512
1242 1.00423
1243 1.00424
1244 1.00418
1245 1.0038
1246 1.00389
1247 1.00366
1248 1.00388
1249 1.00361
1250 1.00342
1251 1.00304
1252 1.00302
1253 1.00318
1254 1.00301
1255 1.00277
1256 1.00267
1257 1.00212
1258 1.00214
1259 1.0022
1260 1.00203
1261 1.00235
1262 1.00162
1263 1.00157
1264 1.00214
1265 1.00107
1266 1.00135
1267 1.00124
1268 1.00086
1269 1.00139
1270 1.00101
1271 1.0013
1272 1.00077
1273 1.00039
1274 1.00055
1275 1.0001
1276 1.0007
1277 0.99983
1278 1.00044
1279 1.00065
1280 1.0002
1281 1.00011
1282 1.00031
1283 0.999438
1284 0.999822
1285 1.00054
1286 0.999685
1287 1.00007
1288 1.00057
1289 1.00057
1290 0.999401
1291 0.999569
1292 0.998959
1293 1.00083
1294 1.00059
1295 1.00108
1296 1.00249
1297 1.00124
1298 1.00107
1299 1.00125
1300 1.00171
1301 1.0002
1302 1.00175
1303 1.00183
1304 1.00138
1305 1.00385
1306 1.00197
1307 1.00365
1308 1.00186
1309 1.00312
1310 1.00308
1311 1.00312
1312 1.0025
1313 1.00374
1314 1.00503
1315 1.00637
1316 1.00635
1317 1.00496
1318 1.00618
1319 1.00489
1320 1.00492
1321 1.00663
1322 1.00503
1323 1.00735
1324 1.00941
1325 1.00971
1326 1.0058
1327 1.00846
1328 1.00858
1329 1.00869
1330 1.00802
1331 1.00924
1332 1.00924
1333 1.00967
1334 1.00942
1335 1.01279
1336 1.0123
1337 1.01262
1338 1.01338
1339 1.01017
1340 1.01175
1341 1.01319
1342 1.01104
1343 1.01287
1344 1.01358
1345 1.01307
1346 1.01278
1347 1.01098
1348 1.01261
1349 1.01226
1350 1.01419
1351 1.01333
1352 1.01403
1353 1.01254
1354 1.01394
1355 1.01307
1356 1.01531
1357 1.01284
1358 1.01319
1359 1.01306
1360 1.01383
1361 1.01398
1362 1.01144
1363 1.01262
1364 1.01375
1365 1.01206
1366 1.01208
1367 1.01239
1368 1.01208
1369 1.01287
1370 1.01134
1371 1.01323
1372 1.01162
1373 1.01151
1374 1.01159
1375 1.01182
1376 1.01181
1377 1.0105
1378 1.0108
1379 1.01136
1380 1.01099
1381 1.01158
1382 1.01025
1383 1.01013
1384 1.01082
1385 1.00997
1386 1.00945
1387 1.0099
1388 1.00972
1389 1.00898
1390 1.00926
1391 1.00939
1392 1.0086
1393 1.00867
1394 1.00886
1395 1.00876
1396 1.00793
1397 1.00811
1398 1.00733
1399 1.0069
1400 1.00775
1401 1.00771
1402 1.00718
1403 1.00728
1404 1.00696
1405 1.00654
1406 1.00643
1407 1.00662
1408 1.0061
1409 1.00672
1410 1.00692
1411 1.00649
1412 1.00616
1413 1.00644
1414 1.00536
1415 1.00564
1416 1.00604
1417 1.00565
1418 1.00583
1419 1.00471
1420 1.00545
1421 1.00518
1422 1.00495
1423 1.00465
1424 1.00402
1425 1.00443
1426 1.00382
1427 1.00464
1428 1.00402
1429 1.00381
1430 1.00342
1431 1.00414
1432 1.00367
1433 1.00357
1434 1.0034
1435 1.00374
1436 1.00334
1437 1.00302
1438 1.00309
1439 1.00312
1440 1.00283
1441 1.00287
1442 1.00294
1443 1.00226
1444 1.00243
1445 1.0028
1446 1.00236
1447 1.00285
1448 1.00188
1449 1.00198
1450 1.00238
1451 1.0023
1452 1.00191
1453 1.00122
1454 1.00185
1455 1.00135
1456 1.00156
1457 1.00105
1458 1.00151
1459 1.00117
1460 1.00071
1461 1.00035
1462 1.00076
1463 1.00076
1464 1.00056
1465 1.00009
1466 1.00073
1467 1.00028
1468 0.999779
1469 1.00002
1470 0.999647
1471 0.999742
1472 0.999705
1473 0.999695
1474 0.999578
1475 0.999095
1476 0.999718
1477 0.998602
1478 0.999413
1479 0.998654
1480 0.998769
1481 0.998727
1482 0.998398
1483 0.998289
1484 0.998873
1485 0.998164
1486 0.998186
1487 0.998119
1488 0.997891
1489 0.997959
1490 0.997757
1491 0.99763
1492 0.998084
1493 0.997339
1494 0.997291
1495 0.997235
1496 0.99707
1497 0.997197
1498 0.996976
1499 0.997136
1500 0.996836
1501 0.996148
1502 0.996711
1503 0.996569
1504 0.996444
1505 0.996921
1506 0.996761
1507 0.996746
1508 0.996376
1509 0.996516
1510 0.99616
1511 0.99618
1512 0.996072
1513 0.996145
1514 0.9966
1515 0.996347
1516 0.996038
1517 0.996392
1518 0.99622
1519 0.99613
1520 0.995781
1521 0.99595
1522 0.99556
1523 0.995974
1524 0.995747
1525 0.995971
1526 0.995861
1527 0.996394
1528 0.996381
1529 0.996312
1530 0.995595
1531 0.996053
1532 0.996095
1533 0.995704
1534 0.996136
1535 0.996675
1536 0.996069
1537 0.996738
1538 0.997043
1539 0.996273
1540 0.996364
1541 0.996656
1542 0.996857
1543 0.996236
1544 0.996016
1545 0.996645
1546 0.996828
1547 0.99724
1548 0.99697
1549 0.99746
1550 0.997027
1551 0.996829
1552 0.997086
1553 0.997223
1554 0.997395
1555 0.997672
1556 0.997054
1557 0.997362
1558 0.996488
1559 0.997102
1560 0.996862
1561 0.997545
1562 0.997781
1563 0.996792
1564 0.997082
1565 0.997452
1566 0.997432
1567 0.997155
1568 0.997178
1569 0.99659
1570 0.996478
1571 0.997383
1572 0.997175
1573 0.996846
1574 0.997314
1575 0.9977
1576 0.997748
1577 0.997359
1578 0.996871
1579 0.996706
1580 0.99699
1581 0.997023
1582 0.996824
1583 0.996617
1584 0.996402
1585 0.996717
1586 0.996051
1587 0.996466
1588 0.996125
1589 0.996469
1590 0.995774
1591 0.995938
1592 0.995996
1593 0.995993
1594 0.99587
1595 0.995823
1596 0.99555
1597 0.99568
1598 0.995703
1599 0.99569
1600 0.995059
1601 0.995208
1602 0.995015
1603 0.99518
1604 0.995046
1605 0.994552
1606 0.994233
1607 0.994797
1608 0.994365
1609 0.994272
1610 0.994544
1611 0.994045
1612 0.994094
1613 0.994171
1614 0.993642
1615 0.99411
1616 0.993559
1617 0.993752
1618 0.993766
1619 0.993894
1620 0.993796
1621 0.99366
1622 0.993396
1623 0.993438
1624 0.993207
1625 0.993449
1626 0.993237
1627 0.993248
1628 0.993036
1629 0.992663
1630 0.993069
1631 0.992965
1632 0.992564
1633 0.992813
1634 0.992515
1635 0.992713
1636 0.992755
1637 0.992469
1638 0.992497
1639 0.992548
1640 0.992289
1641 0.992386
1642 0.992392
1643 0.992447
1644 0.992464
1645 0.992329
1646 0.992067
1647 0.992034
1648 0.992218
1649 0.991872
1650 0.992064
1651 0.99208
1652 0.991877
1653 0.992014
1654 0.991769
1655 0.991739
1656 0.991806
1657 0.991739
1658 0.991704
1659 0.991695
1660 0.9918
1661 0.99172
1662 0.991916
1663 0.991878
1664 0.991552
1665 0.991372
1666 0.991303
1667 0.991431
1668 0.991399
1669 0.991398
1670 0.991757
1671 0.991263
1672 0.991565
1673 0.99125
1674 0.991365
1675 0.991487
1676 0.991135
1677 0.991356
1678 0.991531
1679 0.990966
1680 0.990916
1681 0.991132
1682 0.990977
1683 0.991109
1684 0.990789
1685 0.990673
1686 0.990958
1687 0.990769
1688 0.990743
1689 0.991475
1690 0.990516
1691 0.992653
1692 0.990506
1693 0.990502
1694 0.99055
1695 0.990363
1696 0.990217
1697 0.991194
1698 0.991071
1699 0.990266
1700 0.990402
1701 0.991324
1702 0.990003
1703 0.990939
1704 0.989835
1705 0.991005
1706 0.990838
1707 0.990829
1708 0.991748
1709 0.990064
1710 0.989693
1711 0.99127
1712 0.991554
1713 0.990217
1714 0.990437
1715 0.991172
1716 0.991177
1717 0.993765
1718 0.995504
1719 0.993056
1720 0.992067
1721 0.992018
1722 0.992158
1723 0.992709
1724 0.993294
1725 0.991572
1726 0.996569
1727 0.997824
1728 0.999567
1729 0.994242
1730 0.995847
1731 0.99405
1732 0.991488
1733 1.0009
1734 1.00255
1735 0.998286
1736 1.00342
1737 0.998435
1738 1.00005
1739 0.998113
1740 1.00375
1741 0.997719
1742 1.00398
1743 1.00632
1744 1.00414
1745 1.00748
1746 1.01054
1747 1.00949
1748 1.00997
1749 1.00823
1750 1.0043
1751 1.01121
1752 1.01753
1753 1.0088
1754 1.02048
1755 1.01405
1756 1.0154
1757 1.01613
1758 1.01595
1759 1.01419
1760 1.02101
1761 1.01729
1762 1.01664
1763 1.02322
1764 1.01607
1765 1.02067
1766 1.02853
1767 1.02994
1768 1.02419
1769 1.0309
1770 1.03274
1771 1.03478
1772 1.03385
1773 1.03681
1774 1.04054
1775 1.03677
1776 1.04547
1777 1.03866
1778 1.03807
1779 1.04137
1780 1.04489
1781 1.04063
1782 1.04575
1783 1.04513
1784 1.05189
1785 1.04882
1786 1.05468
1787 1.05123
1788 1.04964
1789 1.05616
1790 1.04802
1791 1.05552
1792 1.05205
1793 1.05315
1794 1.05981
1795 1.05348
1796 1.05113
1797 1.05694
1798 1.05795
1799 1.05638
1800 1.05711
1801 1.05925
1802 1.05555
1803 1.06119
1804 1.05921
1805 1.05887
1806 1.05868
1807 1.06437
1808 1.0558
1809 1.06062
1810 1.06012
1811 1.05997
1812 1.06102
1813 1.0592
1814 1.05896
1815 1.06132
1816 1.06054
1817 1.06083
1818 1.05968
1819 1.06246
1820 1.06015
1821 1.06177
1822 1.06255
1823 1.06137
1824 1.06283
1825 1.06087
1826 1.06176
1827 1.05927
1828 1.06097
1829 1.05919
1830 1.0596
1831 1.06088
1832 1.05982
1833 1.06033
1834 1.06044
1835 1.05833
1836 1.05846
1837 1.05891
1838 1.05935
1839 1.05715
1840 1.05781
1841 1.05833
1842 1.05885
1843 1.05756
1844 1.05817
1845 1.05724
1846 1.05835
1847 1.05714
1848 1.05593
1849 1.05622
1850 1.05648
1851 1.05652
1852 1.05566
1853 1.05547
1854 1.05599
1855 1.05527
1856 1.05615
1857 1.05491
1858 1.0551
1859 1.05551
1860 1.05434
1861 1.05549
1862 1.05462
1863 1.05403
1864 1.05399
1865 1.0533
1866 1.0542
1867 1.05419
1868 1.05319
1869 1.05248
1870 1.05337
1871 1.05226
1872 1.05237
1873 1.05289
1874 1.05216
1875 1.05208
1876 1.05203
1877 1.05171
1878 1.05171
1879 1.05136
1880 1.05133
1881 1.05075
1882 1.05145
1883 1.05066
1884 1.0509
1885 1.05029
1886 1.04951
1887 1.04966
1888 1.04964
1889 1.05008
1890 1.04945
1891 1.04902
1892 1.0491
1893 1.04774
1894 1.04891
1895 1.04933
1896 1.04856
1897 1.0487
1898 1.04847
1899 1.04828
1900 1.04753
1901 1.04811
1902 1.04796
1903 1.04808
1904 1.04653
1905 1.04701
1906 1.04622
1907 1.04654
1908 1.04591
1909 1.04622
1910 1.04593
1911 1.04604
1912 1.0452
1913 1.04573
1914 1.04519
1915 1.04498
1916 1.04468
1917 1.04499
1918 1.04386
1919 1.04433
1920 1.0456
1921 1.04437
1922 1.04451
1923 1.04403
1924 1.04315
1925 1.04328
1926 1.044
1927 1.04356
1928 1.0433
1929 1.04274
1930 1.04341
1931 1.04282
1932 1.04277
1933 1.043
1934 1.04218
1935 1.04177
1936 1.04117
1937 1.04172
1938 1.04149
1939 1.04155
1940 1.04142
1941 1.0408
1942 1.04115
1943 1.04089
1944 1.04071
1945 1.04058
1946 1.04017
1947 1.0402
1948 1.03998
1949 1.03974
1950 1.03941
1951 1.03944
1952 1.04018
1953 1.03913
1954 1.03993
1955 1.03905
1956 1.0386
1957 1.03935
1958 1.03866
1959 1.03876
1960 1.03844
1961 1.03828
1962 1.03804
1963 1.03933
1964 1.03801
1965 1.03812
1966 1.03831
1967 1.03804
1968 1.03824
1969 1.03778
1970 1.03766
1971 1.0375
1972 1.03734
1973 1.03716
1974 1.03782
1975 1.03748
1976 1.03668
1977 1.03731
1978 1.03697
1979 1.03749
1980 1.03771
1981 1.03718
1982 1.03682
1983 1.03674
1984 1.03713
1985 1.03695
1986 1.03623
1987 1.03689
1988 1.03595
1989 1.03654
1990 1.03626
1991 1.03606
1992 1.03631
1993 1.03618
1994 1.03636
1995 1.03621
1996 1.03584
1997 1.03626
1998 1.03609
1999 1.03595
2000 1.03578
2001 1.03614
2002 1.03549
2003 1.03581
2004 1.0346
2005 1.03531
2006 1.03555
2007 1.03455
2008 1.03557
2009 1.03547
2010 1.03546
2011 1.0339
2012 1.03548
2013 1.0347
2014 1.03453
2015 1.0342
2016 1.03447
2017 1.03474
2018 1.03385
2019 1.03427
2020 1.03387
2021 1.03445
2022 1.03345
2023 1.03325
2024 1.03394
2025 1.03338
2026 1.03268
2027 1.03316
2028 1.0325
2029 1.0322
2030 1.03243
2031 1.03261
2032 1.03204
2033 1.03202
2034 1.03192
2035 1.03172
2036 1.03201
2037 1.03159
2038 1.03189
2039 1.03148
2040 1.03125
2041 1.03149
2042 1.03086
2043 1.03029
2044 1.03127
2045 1.03083
2046 1.03081
2047 1.03043
2048 1.03057
2049 1.02992
2050 1.02983
2051 1.02983
2052 1.02871
2053 1.02989
2054 1.02981
2055 1.02959
2056 1.02911
2057 1.02885
2058 1.02819
2059 1.02931
2060 1.02799
2061 1.02852
2062 1.02833
2063 1.02802
2064 1.0283
2065 1.02822
2066 1.02787
2067 1.02725
2068 1.02667
2069 1.02737
2070 1.02736
2071 1.0271
2072 1.0276
2073 1.02675
2074 1.02647
2075 1.02713
2076 1.0264
2077 1.02613
2078 1.02633
2079 1.02621
2080 1.0259
2081 1.02597
2082 1.02591
2083 1.02572
2084 1.02545
2085 1.02559
2086 1.02521
2087 1.02534
2088 1.02529
2089 1.0244
2090 1.02521
2091 1.02484
2092 1.02474
2093 1.02517
2094 1.02468
2095 1.02415
2096 1.02403
2097 1.02349
2098 1.02421
2099 1.02391
2100 1.02418
2101 1.02368
2102 1.02329
2103 1.02362
2104 1.02291
2105 1.02335
2106 1.02261
2107 1.02335
2108 1.02321
2109 1.02352
2110 1.02368
2111 1.02291
2112 1.02295
2113 1.02238
2114 1.02262
2115 1.02213
2116 1.02232
2117 1.02211
2118 1.02183
2119 1.02194
2120 1.02189
2121 1.02145
2122 1.02173
2123 1.02141
2124 1.02162
2125 1.02089
2126 1.02086
2127 1.02122
2128 1.02116
2129 1.02061
2130 1.02082
2131 1.02087
2132 1.0208
2133 1.02047
2134 1.02096
2135 1.02037
2136 1.02043
2137 1.02004
2138 1.01987
2139 1.02003
2140 1.01992
2141 1.02015
2142 1.01975
2143 1.01953
2144 1.0193
2145 1.01925
2146 1.01869
2147 1.01895
2148 1.01889
2149 1.01878
2150 1.01854
2151 1.01842
2152 1.01847
2153 1.01899
2154 1.01922
2155 1.01823
2156 1.01869
2157 1.01851
2158 1.01839
2159 1.0182
2160 1.01799
2161 1.01823
2162 1.01873
2163 1.01791
2164 1.01805
2165 1.0177
2166 1.01785
2167 1.01813
2168 1.01785
2169 1.01852
2170 1.01852
2171 1.01843
2172 1.01747
2173 1.01831
2174 1.01811
2175 1.01805
2176 1.01775
2177 1.0173
2178 1.01827
2179 1.01771
2180 1.01807
2181 1.01847
2182 1.0175
2183 1.01786
2184 1.0176
2185 1.01845
2186 1.01859
2187 1.0177
2188 1.01755
2189 1.01818
2190 1.01866
2191 1.01821
2192 1.01774
2193 1.01852
2194 1.01866
2195 1.01868
2196 1.01913
2197 1.01974
2198 1.01867
2199 1.01928
2200 1.01903
2201 1.01904
2202 1.01878
2203 1.01946
2204 1.02017
2205 1.01908
2206 1.01844
2207 1.02034
2208 1.01992
2209 1.02
2210 1.01921
2211 1.01907
2212 1.02073
2213 1.02096
2214 1.02033
2215 1.02054
2216 1.01999
2217 1.02113
2218 1.02008
2219 1.01996
2220 1.02032
2221 1.02118
2222 1.01967
2223 1.02124
2224 1.02099
2225 1.02035
2226 1.02072
2227 1.02098
2228 1.02145
2229 1.02081
2230 1.01946
2231 1.02125
2232 1.0217
2233 1.0211
2234 1.02044
2235 1.02139
2236 1.0212
2237 1.02096
2238 1.02112
2239 1.02104
2240 1.02053
2241 1.02191
2242 1.02036
2243 1.02071
2244 1.02158
2245 1.02117
2246 1.02132
2247 1.02114
2248 1.02046
2249 1.02099
2250 1.02158
2251 1.02088
2252 1.02075
2253 1.02048
2254 1.02019
2255 1.0208
2256 1.02048
2257 1.01937
2258 1.01968
2259 1.01992
2260 1.02047
2261 1.01961
2262 1.02036
2263 1.01935
2264 1.02003
2265 1.01946
2266 1.01916
2267 1.01907
2268 1.01866
2269 1.01954
2270 1.01961
2271 1.01933
2272 1.01851
2273 1.01857
2274 1.01816
2275 1.01822
2276 1.01778
2277 1.01871
2278 1.01825
2279 1.01766
2280 1.01794
2281 1.01781
2282 1.0175
2283 1.01718
2284 1.01693
2285 1.01656
2286 1.01711
2287 1.01683
2288 1.01731
2289 1.01716
2290 1.01708
2291 1.01629
2292 1.01651
2293 1.0164
2294 1.01581
2295 1.0162
2296 1.01633
2297 1.01617
2298 1.01621
2299 1.01563
2300 1.01604
2301 1.01539
2302 1.01543
2303 1.0153
2304 1.01496
2305 1.01515
2306 1.01511
2307 1.01499
2308 1.01527
2309 1.01504
2310 1.01466
2311 1.01475
2312 1.01406
2313 1.01404
2314 1.0138
2315 1.01434
2316 1.0143
2317 1.01386
2318 1.01357
2319 1.01366
2320 1.01398
2321 1.01371
2322 1.01388
2323 1.01344
2324 1.01265
2325 1.01355
2326 1.01334
2327 1.01312
2328 1.01273
2329 1.01304
2330 1.01296
2331 1.01261
2332 1.01217
2333 1.01265
2334 1.01275
2335 1.0127
2336 1.01203
2337 1.01238
2338 1.01217
2339 1.01193
2340 1.0119
2341 1.01148
2342 1.01187
2343 1.01191
2344 1.01117
2345 1.01116
2346 1.01113
2347 1.0111
2348 1.01126
2349 1.01142
2350 1.011
2351 1.01075
2352 1.01137
2353 1.01084
2354 1.01041
2355 1.01036
2356 1.01066
2357 1.01041
2358 1.00988
2359 1.01056
2360 1.00991
2361 1.00983
2362 1.01025
2363 1.01006
2364 1.00989
2365 1.00959
2366 1.00952
2367 1.00927
2368 1.00903
2369 1.00962
2370 1.00942
2371 1.00944
2372 1.00903
2373 1.00945
2374 1.00902
2375 1.00885
2376 1.0086
2377 1.00881
2378 1.00863
2379 1.00884
2380 1.00871
2381 1.00824
2382 1.00819
2383 1.00835
2384 1.00824
2385 1.00827
2386 1.00787
2387 1.00788
2388 1.00752
2389 1.00797
2390 1.00763
2391 1.00743
2392 1.00747
2393 1.00788
2394 1.00725
2395 1.00712
2396 1.00745
2397 1.00775
2398 1.00748
2399 1.00735
2400 1.00797
2401 1.00751
2402 1.00718
2403 1.00746
2404 1.00688
2405 1.00706
2406 1.00686
2407 1.00724
2408 1.00704
2409 1.00699
2410 1.0068
2411 1.00701
2412 1.00681
2413 1.00688
2414 1.00668
2415 1.00677
2416 1.00702
2417 1.00671
2418 1.00679
2419 1.00642
2420 1.00666
2421 1.00638
2422 1.00669
2423 1.0065
2424 1.00643
2425 1.00678
2426 1.007
2427 1.00645
2428 1.00637
2429 1.00688
2430 1.0063
2431 1.00642
2432 1.00621
2433 1.00638
2434 1.00658
2435 1.00648
2436 1.00638
2437 1.00634
2438 1.00633
2439 1.00607
2440 1.00621
2441 1.00652
2442 1.0066
2443 1.00622
2444 1.00621
2445 1.0063
2446 1.00613
2447 1.00612
2448 1.00608
2449 1.00612
2450 1.00591
2451 1.00583
2452 1.00611
2453 1.00577
2454 1.00554
2455 1.00563
2456 1.00573
2457 1.00563
2458 1.00546
2459 1.00576
2460 1.00533
2461 1.00531
2462 1.00532
2463 1.00504
2464 1.00565
2465 1.00561
2466 1.00566
2467 1.00519
2468 1.00468
2469 1.00484
2470 1.00508
2471 1.00504
2472 1.00507
2473 1.0048
2474 1.00484
2475 1.00498
2476 1.00432
2477 1.0044
2478 1.00489
2479 1.00404
2480 1.00497
2481 1.0045
2482 1.00443
2483 1.00475
2484 1.0042
2485 1.00393
2486 1.00384
2487 1.00379
2488 1.00373
2489 1.0034
2490 1.00275
2491 1.00362
2492 1.00329
2493 1.00368
2494 1.00344
2495 1.00338
2496 1.00341
2497 1.00318
2498 1.00322
2499 1.003
2500 1.0033
2501 1.00283
2502 1.00283
2503 1.00272
2504 1.00265
2505 1.00258
2506 1.00257
2507 1.00251
2508 1.00237
2509 1.00245
2510 1.0024
2511 1.00219
2512 1.00209
2513 1.00211
2514 1.00206
2515 1.00182
2516 1.00172
2517 1.00164
2518 1.00189
2519 1.00174
2520 1.00186
2521 1.00197
2522 1.0017
2523 1.00161
2524 1.00154
2525 1.00158
2526 1.00087
2527 1.00145
2528 1.00138
2529 1.00105
2530 1.00111
2531 1.001
2532 1.00087
2533 1.00133
2534 1.00073
2535 1.00094
2536 1.00109
2537 1.00113
2538 1.00088
2539 1.0006
2540 1.00055
2541 1.00045
2542 1.00038
2543 1.00039
2544 1.00054
2545 1.00039
2546 1.00074
2547 1.00035
2548 1.00021
2549 1.00026
2550 1.00001
2551 1.00026
2552 0.999991
2553 1.00005
2554 1.00007
2555 0.99998
2556 0.999999
2557 0.999902
2558 0.999727
2559 1.00004
2560 0.99967
2561 0.999429
2562 0.999721
2563 0.999605
2564 0.999594
2565 0.99937
2566 0.999663
2567 0.999893
2568 0.999178
2569 0.999169
2570 0.999518
2571 0.999389
2572 0.999067
2573 0.999351
2574 0.999328
2575 0.99874
2576 0.999449
2577 0.998914
2578 0.999112
2579 0.99903
2580 0.999206
2581 0.99879
2582 0.998899
2583 0.999083
2584 0.998928
2585 0.998927
2586 0.999266
2587 0.998653
2588 0.998563
2589 0.998589
2590 0.998159
2591 0.999816
2592 0.998705
2593 0.998768
2594 0.999633
2595 0.999368
2596 0.998561
2597 0.998764
2598 0.998356
2599 0.999361
2600 0.999048
2601 1.00011
2602 0.999922
2603 0.999768
2604 0.99959
2605 0.998825
2606 0.999543
2607 1.00033
2608 0.999318
2609 0.99881
2610 0.999123
2611 1.0003
2612 1.00138
2613 0.998903
2614 1.00089
2615 1.00035
2616 0.99901
2617 0.999621
2618 1.00077
2619 1.00006
2620 1.00073
2621 1.00092
2622 1.00072
2623 1.00189
2624 1.00192
2625 1.00215
2626 1.0019
2627 1.00275
2628 1.00277
2629 1.0032
2630 1.00409
2631 1.0023
2632 1.00388
2633 1.00241
2634 1.00246
2635 1.00522
2636 1.00429
2637 1.00498
2638 1.00516
2639 1.0062
2640 1.00561
2641 1.00414
2642 1.00345
2643 1.00593
2644 1.00887
2645 1.00905
2646 1.00762
2647 1.00942
2648 1.00679
2649 1.00874
2650 1.00795
2651 1.00629
2652 1.00824
2653 1.00924
2654 1.00908
2655 1.00992
2656 1.00967
2657 1.00798
2658 1.01053
2659 1.01063
2660 1.00812
2661 1.01008
2662 1.01066
2663 1.01273
2664 1.0125
2665 1.01012
2666 1.01212
2667 1.01018
2668 1.01234
2669 1.01034
2670 1.00957
2671 1.01168
2672 1.01256
2673 1.01349
2674 1.01189
2675 1.0125
2676 1.01363
2677 1.01231
2678 1.01407
2679 1.01277
2680 1.01252
2681 1.01294
2682 1.01385
2683 1.013
2684 1.0149
2685 1.01308
2686 1.01541
2687 1.01304
2688 1.01406
2689 1.01454
2690 1.01268
2691 1.0144
2692 1.01384
2693 1.01373
2694 1.01459
2695 1.01415
2696 1.01488
2697 1.0138
2698 1.01408
2699 1.01428
2700 1.01308
2701 1.0137
2702 1.014
2703 1.0141
2704 1.01387
2705 1.01398
2706 1.01409
2707 1.01413
2708 1.01419
2709 1.01311
2710 1.01422
2711 1.01293
2712 1.01346
2713 1.01341
2714 1.01408
2715 1.01438
2716 1.01433
2717 1.01342
2718 1.01294
2719 1.0134
2720 1.01315
2721 1.01363
2722 1.01277
2723 1.0133
2724 1.01349
2725 1.01313
2726 1.0129
2727 1.01234
2728 1.0122
2729 1.01208
2730 1.01227
2731 1.01292
2732 1.01203
2733 1.01237
2734 1.01203
2735 1.01211
2736 1.01164
2737 1.01222
2738 1.01144
2739 1.01181
2740 1.01181
2741 1.0112
2742 1.01145
2743 1.01156
2744 1.01156
2745 1.01151
2746 1.01113
2747 1.01107
2748 1.01169
2749 1.01048
2750 1.01107
2751 1.01095
2752 1.01084
2753 1.01051
2754 1.01024
2755 1.01048
2756 1.0102
2757 1.01025
2758 1.01025
2759 1.01007
2760 1.01
2761 1.00935
2762 1.00997
2763 1.00996
2764 1.00965
2765 1.00943
2766 1.00934
2767 1.00971
2768 1.00912
2769 1.00922
2770 1.00921
2771 1.00918
2772 1.00901
2773 1.00882
2774 1.00913
2775 1.00888
2776 1.0079
2777 1.00899
2778 1.00815
2779 1.00813
2780 1.00801
2781 1.00811
2782 1.00807
2783 1.00798
2784 1.00794
2785 1.00784
2786 1.00828
2787 1.00762
2788 1.00754
2789 1.00748
2790 1.00762
2791 1.00774
2792 1.00713
2793 1.0071
2794 1.00696
2795 1.00683
2796 1.00712
2797 1.007
2798 1.00677
2799 1.00696
2800 1.00627
2801 1.00641
2802 1.00637
2803 1.00656
2804 1.00649
2805 1.00606
2806 1.00606
2807 1.00644
2808 1.00599
2809 1.0058
2810 1.00576
2811 1.0065
2812 1.00578
2813 1.00606
2814 1.00584
2815 1.00577
2816 1.00528
2817 1.00562
2818 1.00559
2819 1.00508
2820 1.00517
2821 1.00523
2822 1.0053
2823 1.00477
2824 1.00512
2825 1.00534
2826 1.00484
2827 1.00465
2828 1.00485
2829 1.00445
2830 1.00467
2831 1.00444
2832 1.00456
2833 1.00465
2834 1.00421
2835 1.00447
2836 1.00447
2837 1.00438
2838 1.00444
2839 1.00401
2840 1.00422
2841 1.00437
2842 1.00425
2843 1.00442
2844 1.00379
2845 1.00376
2846 1.00395
2847 1.00427
2848 1.00376
2849 1.00392
2850 1.00392
2851 1.0038
2852 1.00379
2853 1.00344
2854 1.00399
2855 1.00358
2856 1.00389
2857 1.00356
2858 1.00393
2859 1.00339
2860 1.00366
2861 1.00349
2862 1.00337
2863 1.00348
2864 1.0031
2865 1.00346
2866 1.00312
2867 1.00347
2868 1.00319
2869 1.00281
2870 1.00327
2871 1.00341
2872 1.00311
2873 1.00318
2874 1.0032
2875 1.00303
2876 1.00297
2877 1.00277
2878 1.00302
2879 1.00285
2880 1.0027
2881 1.00298
2882 1.0033
2883 1.00274
2884 1.00276
2885 1.00279
2886 1.00279
2887 1.00275
2888 1.00273
2889 1.0029
2890 1.00287
2891 1.00233
2892 1.00295
2893 1.00287
2894 1.00237
2895 1.00247
2896 1.00253
2897 1.00268
2898 1.00201
2899 1.00166
2900 1.00173
2901 1.00229
2902 1.00204
2903 1.00223
2904 1.0021
2905 1.00221
2906 1.00173
2907 1.00211
2908 1.00181
2909 1.0018
2910 1.00159
2911 1.00194
2912 1.0016
2913 1.00157
2914 1.00181
2915 1.00167
2916 1.00118
2917 1.00108
2918 1.00151
2919 1.00108
2920 1.00093
2921 1.00113
2922 1.00102
2923 1.00114
2924 1.00097
2925 1.00075
2926 1.00057
2927 1.00073
2928 1.00063
2929 1.00034
2930 1.00005
2931 1.00052
2932 1.00067
2933 1.00036
2934 1.0003
2935 1.00038
2936 1.00009
2937 1.00068
2938 0.999941
2939 0.999953
2940 0.999867
2941 0.999831
2942 1.00005
2943 0.999499
2944 0.999399
2945 0.999361
2946 0.999688
2947 0.999656
2948 0.999538
2949 0.999352
2950 0.999241
2951 0.999354
2952 0.999494
2953 0.999091
2954 0.999048
2955 0.998875
2956 0.99905
2957 0.998976
2958 0.998436
2959 0.999007
2960 0.99869
2961 0.998948
2962 0.998728
2963 0.998302
2964 0.998573
2965 0.998315
2966 0.998564
2967 0.998082
2968 0.998392
2969 0.998446
2970 0.998514
2971 0.998067
2972 0.998199
2973 0.998145
2974 0.998086
2975 0.997924
2976 0.997986
2977 0.997771
2978 0.997633
2979 0.997775
2980 0.997689
2981 0.997851
2982 0.99768
2983 0.997421
2984 0.997743
2985 0.997527
2986 0.997536
2987 0.997223
2988 0.99741
2989 0.997127
2990 0.99731
2991 0.99744
2992 0.997254
2993 0.99699
2994 0.99681
2995 0.997206
2996 0.997137
2997 0.996925
2998 0.996983
2999 0.997194
3000 0.996655
3001 0.996828
3002 0.996614
3003 0.996844
3004 0.996737
3005 0.996326
3006 0.996696
3007 0.996323
3008 0.996435
3009 0.996549
3010 0.996626
3011 0.996327
3012 0.996733
3013 0.996501
3014 0.996557
3015 0.996117
3016 0.995783
3017 0.996045
3018 0.995948
3019 0.996563
3020 0.995822
3021 0.996229
3022 0.995593
3023 0.995677
3024 0.995755
3025 0.995947
3026 0.99592
3027 0.995953
3028 0.995967
3029 0.995593
3030 0.995701
3031 0.995583
3032 0.995757
3033 0.995612
3034 0.996037
3035 0.995631
3036 0.995797
3037 0.995322
3038 0.995514
3039 0.99567
3040 0.996058
3041 0.996269
3042 0.995789
3043 0.995538
3044 0.995445
3045 0.995344
3046 0.995927
3047 0.995078
3048 0.99552
3049 0.995676
3050 0.995262
3051 0.995486
3052 0.995633
3053 0.995699
3054 0.99566
3055 0.995792
3056 0.995139
3057 0.995406
3058 0.99522
3059 0.995486
3060 0.995875
3061 0.995659
3062 0.995841
3063 0.995944
3064 0.995876
3065 0.996742
3066 0.995975
3067 0.996123
3068 0.996379
3069 0.997011
3070 0.996004
3071 0.995686
3072 0.995729
3073 0.996301
3074 0.995585
3075 0.995728
3076 0.996455
3077 0.996898
3078 0.996743
3079 0.99662
3080 0.996066
3081 0.997092
3082 0.997145
3083 0.996835
3084 0.99763
3085 0.996386
3086 0.997109
3087 0.996456
3088 0.997493
3089 0.996723
3090 0.997275
3091 0.99698
3092 0.997643
3093 0.997671
3094 0.997399
3095 0.997911
3096 0.99756
3097 0.997192
3098 0.997585
3099 0.997015
3100 0.997159
3101 0.998205
3102 0.997767
3103 0.997743
3104 0.99752
3105 0.998486
3106 0.997865
3107 0.997426
3108 0.998388
3109 0.998237
3110 0.997901
3111 0.998049
3112 0.998252
3113 0.998106
3114 0.998703
3115 0.998373
3116 0.998461
3117 0.998606
3118 0.998639
3119 0.998131
3120 0.997985
3121 0.998434
3122 0.997701
3123 0.998839
3124 0.998736
3125 0.998598
3126 0.998288
3127 0.998799
3128 0.997959
3129 0.998418
3130 0.998328
3131 0.998447
3132 0.998808
3133 0.99832
3134 0.997829
3135 0.998846
3136 0.998433
3137 0.99828
3138 0.998221
3139 0.998458
3140 0.998603
3141 0.998485
3142 0.998324
3143 0.998527
3144 0.998787
3145 0.998219
3146 0.998149
3147 0.998731
3148 0.998528
3149 0.998349
3150 0.997502
3151 0.998166
3152 0.997867
3153 0.997436
3154 0.997302
3155 0.997587
3156 0.997785
3157 0.997704
3158 0.997672
3159 0.998007
3160 0.997382
3161 0.997077
3162 0.997508
3163 0.997668
3164 0.997005
3165 0.997271
3166 0.997833
3167 0.997408
3168 0.997072
3169 0.997425
3170 0.996905
3171 0.99732
3172 0.997197
3173 0.996654
3174 0.997192
3175 0.996798
3176 0.996906
3177 0.996644
3178 0.996808
3179 0.99673
3180 0.996741
3181 0.996767
3182 0.996437
3183 0.99671
3184 0.996583
3185 0.996228
3186 0.996091
3187 0.996317
3188 0.996276
3189 0.996601
3190 0.996255
3191 0.996167
3192 0.995761
3193 0.996053
3194 0.995932
3195 0.995504
3196 0.995734
3197 0.995924
3198 0.99548
3199 0.995708
3200 0.995453
3201 0.995598
3202 0.995621
3203 0.995384
3204 0.995508
3205 0.99497
3206 0.995668
3207 0.995106
3208 0.995414
3209 0.995246
3210 0.995126
3211 0.995263
3212 0.995355
3213 0.995316
3214 0.995166
3215 0.99501
3216 0.995116
3217 0.994705
3218 0.994868
3219 0.995133
3220 0.994566
3221 0.994791
3222 0.994633
3223 0.994803
3224 0.994591
3225 0.994523
3226 0.994595
3227 0.994542
3228 0.994223
3229 0.994265
3230 0.994418
3231 0.994388
3232 0.994264
3233 0.994091
3234 0.994126
3235 0.994241
3236 0.994349
3237 0.994084
3238 0.994082
3239 0.99417
3240 0.993989
3241 0.994011
3242 0.993648
3243 0.99376
3244 0.993605
3245 0.993738
3246 0.993786
3247 0.993459
3248 0.9937
3249 0.993517
3250 0.993312
3251 0.993801
3252 0.993649
3253 0.993277
3254 0.993329
3255 0.993381
3256 0.993389
3257 0.9933
3258 0.993129
3259 0.993122
3260 0.993234
3261 0.99335
3262 0.993348
3263 0.99313
3264 0.993287
3265 0.993159
3266 0.992914
3267 0.993153
3268 0.993108
3269 0.993268
3270 0.992906
3271 0.993096
3272 0.992819
3273 0.992771
3274 0.992612
3275 0.9928
3276 0.992881
3277 0.992836
3278 0.992786
3279 0.992807
3280 0.992842
3281 0.992675
3282 0.992697
3283 0.992568
3284 0.992499
3285 0.992591
3286 0.992701
3287 0.993037
3288 0.992838
3289 0.992762
3290 0.992588
3291 0.992673
3292 0.992512
3293 0.992772
3294 0.992645
3295 0.992908
3296 0.992761
3297 0.992445
3298 0.992455
3299 0.992498
3300 0.992665
3301 0.992664
3302 0.992863
3303 0.992445
3304 0.992929
3305 0.992701
3306 0.992723
3307 0.992577
3308 0.992475
3309 0.992623
3310 0.992513
3311 0.992635
3312 0.992625
3313 0.992734
3314 0.992864
3315 0.992606
3316 0.992605
3317 0.992684
3318 0.992462
3319 0.992725
3320 0.992423
3321 0.992445
3322 0.992611
3323 0.992695
3324 0.992538
3325 0.9925
3326 0.992405
3327 0.992486
3328 0.99279
3329 0.992594
3330 0.992334
3331 0.992475
3332 0.99217
3333 0.992669
3334 0.99253
3335 0.992235
3336 0.992454
3337 0.992508
3338 0.992284
3339 0.992408
3340 0.992286
3341 0.992381
3342 0.992374
3343 0.992322
3344 0.992339
3345 0.992356
3346 0.992331
3347 0.992618
3348 0.99234
3349 0.992066
3350 0.992159
3351 0.992144
3352 0.991886
3353 0.992184
3354 0.99213
3355 0.992108
3356 0.992261
3357 0.992038
3358 0.99225
3359 0.991986
3360 0.99191
3361 0.991949
3362 0.99214
3363 0.991856
3364 0.992243
3365 0.991845
3366 0.991701
3367 0.991872
3368 0.99191
3369 0.991667
3370 0.991892
3371 0.991844
3372 0.991815
3373 0.991602
3374 0.991681
3375 0.991808
3376 0.991549
3377 0.991558
3378 0.991717
3379 0.99159
3380 0.991735
3381 0.991466
3382 0.991594
3383 0.991182
3384 0.991593
3385 0.991632
3386 0.991159
3387 0.991396
3388 0.99135
3389 0.991182
3390 0.991297
3391 0.991225
3392 0.991175
3393 0.990986
3394 0.991086
3395 0.991044
3396 0.991259
3397 0.990737
3398 0.990926
3399 0.991087
3400 0.990871
3401 0.990919
3402 0.990911
3403 0.990969
3404 0.990814
3405 0.990766
3406 0.990896
3407 0.990701
3408 0.990738
3409 0.990666
3410 0.990812
3411 0.990709
3412 0.990695
3413 0.990772
3414 0.990651
3415 0.990581
3416 0.990591
3417 0.990644
3418 0.990526
3419 0.990578
3420 0.990493
3421 0.990419
3422 0.991372
3423 0.992188
3424 0.990547
3425 0.990509
3426 0.991317
3427 0.990334
3428 0.990384
3429 0.990972
3430 0.9903
3431 0.991034
3432 0.990354
3433 0.99118
3434 0.990224
3435 0.990309
3436 0.990107
3437 0.990192
3438 0.990184
3439 0.990818
3440 0.99002
3441 0.990228
3442 0.991956
3443 0.990917
3444 0.98996
3445 0.990849
3446 0.990035
3447 0.990051
3448 0.98996
3449 0.990073
3450 0.990814
3451 0.98995
3452 0.989851
3453 0.990709
3454 0.992399
3455 0.990811
3456 0.991513
3457 0.994017
3458 0.990673
3459 0.992154
3460 0.98969
3461 0.992102
3462 0.991437
3463 0.991397
3464 0.991336
3465 0.996275
3466 0.993707
3467 0.992807
3468 0.991288
3469 0.992015
3470 0.993545
3471 0.991227
3472 0.993688
3473 0.99357
3474 0.992755
3475 0.993645
3476 0.99501
3477 0.996569
3478 0.993423
3479 0.997621
3480 0.993641
3481 0.995831
3482 0.995186
3483 0.994157
3484 0.997486
3485 1.00155
3486 0.999156
3487 0.997361
3488 1.00345
3489 1.00071
3490 0.997385
3491 1.00142
3492 1.00383
3493 0.998707
3494 0.999617
3495 1.01026
3496 0.999789
3497 1.00411
3498 1.01012
3499 1.00196
3500 1.00696
3501 1.00108
3502 1.01245
3503 1.002
3504 1.0075
3505 1.00666
3506 1.01078
3507 1.00986
3508 1.00517
3509 1.00583
3510 1.00589
3511 1.00736
3512 1.01618
3513 1.01294
3514 1.00879
3515 1.01703
3516 1.01376
3517 1.01691
3518 1.00948
3519 1.02144
3520 1.02037
3521 1.02161
3522 1.0189
3523 1.01362
3524 1.02116
3525 1.01268
3526 1.01598
3527 1.0174
3528 1.02487
3529 1.02533
3530 1.02486
3531 1.02788
3532 1.02777
3533 1.0325
3534 1.03443
3535 1.02623
3536 1.03811
3537 1.0322
3538 1.02951
3539 1.03413
3540 1.0308
3541 1.03473
3542 1.03678
3543 1.03536
3544 1.02936
3545 1.03508
3546 1.03738
3547 1.03488
3548 1.03535
3549 1.04577
3550 1.04042
3551 1.04273
3552 1.04006
3553 1.04085
3554 1.04058
3555 1.04127
3556 1.04456
3557 1.03812
3558 1.04685
3559 1.04332
3560 1.05124
3561 1.04359
3562 1.04969
3563 1.0439
3564 1.04535
3565 1.05431
3566 1.05186
3567 1.05466
3568 1.05229
3569 1.05067
3570 1.05052
3571 1.04874
3572 1.05433
3573 1.0585
3574 1.05085
3575 1.05089
3576 1.05534
3577 1.05501
3578 1.05314
3579 1.05183
3580 1.05566
3581 1.05721
3582 1.05488
3583 1.05524
3584 1.05597
3585 1.0556
3586 1.05715
3587 1.05323
3588 1.05697
3589 1.05888
3590 1.05449
3591 1.05679
3592 1.05846
3593 1.05654
3594 1.05975
3595 1.05743
3596 1.05978
3597 1.06062
3598 1.05998
3599 1.05742
3600 1.05808
3601 1.05848
3602 1.06077
3603 1.05897
3604 1.05758
3605 1.06071
3606 1.05794
3607 1.05849
3608 1.05801
3609 1.0594
3610 1.05922
3611 1.05926
3612 1.05821
3613 1.05983
3614 1.06033
3615 1.0578
3616 1.05974
3617 1.05963
3618 1.05879
3619 1.05765
3620 1.05861
3621 1.06058
3622 1.05862
3623 1.05789
3624 1.05853
3625 1.05856
3626 1.05972
3627 1.05922
3628 1.05887
3629 1.05774
3630 1.05892
3631 1.05747
3632 1.05761
3633 1.05843
3634 1.05667
3635 1.05833
3636 1.05816
3637 1.05881
3638 1.05822
3639 1.0574
3640 1.05774
3641 1.05767
3642 1.05724
3643 1.05701
3644 1.05748
3645 1.05709
3646 1.05698
3647 1.05707
3648 1.05693
3649 1.05702
3650 1.05659
3651 1.05695
3652 1.05578
3653 1.05681
3654 1.05659
3655 1.05603
3656 1.05522
3657 1.05628
3658 1.05604
3659 1.05605
3660 1.05577
3661 1.05518
3662 1.05511
3663 1.05469
3664 1.05541
3665 1.05444
3666 1.05581
3667 1.05449
3668 1.05543
3669 1.05426
3670 1.05408
3671 1.05467
3672 1.0544
3673 1.05434
3674 1.05443
3675 1.05446
3676 1.05394
3677 1.05475
3678 1.05362
3679 1.05358
3680 1.05354
3681 1.05311
3682 1.05346
3683 1.05322
3684 1.05301
3685 1.05296
3686 1.05343
3687 1.05282
3688 1.05238
3689 1.05285
3690 1.05285
3691 1.05198
3692 1.05243
3693 1.05146
3694 1.05206
3695 1.05213
3696 1.05213
3697 1.05178
3698 1.05222
3699 1.05223
3700 1.05168
3701 1.05118
3702 1.05201
3703 1.05194
3704 1.05131
3705 1.05074
3706 1.05127
3707 1.05088
3708 1.05145
3709 1.0509
3710 1.05105
3711 1.05079
3712 1.05055
3713 1.05006
3714 1.05048
3715 1.05005
3716 1.04973
3717 1.0503
3718 1.05027
3719 1.05038
3720 1.05023
3721 1.04966
3722 1.05009
3723 1.0493
3724 1.04889
3725 1.04915
3726 1.04938
3727 1.04974
3728 1.04925
3729 1.04901
3730 1.0493
3731 1.04902
3732 1.04892
3733 1.04837
3734 1.04886
3735 1.04898
3736 1.04883
3737 1.04869
3738 1.04853
3739 1.04794
3740 1.0483
3741 1.04807
3742 1.04839
3743 1.04826
3744 1.04789
3745 1.04813
3746 1.04806
3747 1.04799
3748 1.04729
3749 1.04765
3750 1.0478
3751 1.04763
3752 1.04757
3753 1.04745
3754 1.04736
3755 1.04687
3756 1.04754
3757 1.0467
3758 1.04708
3759 1.04727
3760 1.04705
3761 1.04685
3762 1.04672
3763 1.04701
3764 1.04645
3765 1.0465
3766 1.04717
3767 1.04643
3768 1.04675
3769 1.04602
3770 1.04638
3771 1.04658
3772 1.0457
3773 1.04595
3774 1.04598
3775 1.04604
3776 1.0457
3777 1.04583
3778 1.04591
3779 1.04532
3780 1.04577
3781 1.04523
3782 1.04554
3783 1.04521
3784 1.04496
3785 1.04536
3786 1.04496
3787 1.04465
3788 1.04466
3789 1.0448
3790 1.04507
3791 1.04477
3792 1.04437
3793 1.04442
3794 1.04485
3795 1.04373
3796 1.04411
3797 1.04403
3798 1.04337
3799 1.04403
3800 1.04422
3801 1.04384
3802 1.04458
3803 1.04383
3804 1.04349
3805 1.04322
3806 1.04332
3807 1.04333
3808 1.04325
3809 1.04347
3810 1.04297
3811 1.04289
3812 1.04249
3813 1.04255
3814 1.04257
3815 1.04293
3816 1.04213
3817 1.04256
3818 1.0422
3819 1.04178
3820 1.04238
3821 1.04167
3822 1.04171
3823 1.04205
3824 1.04161
3825 1.0416
3826 1.04209
3827 1.0423
3828 1.04117
3829 1.04131
3830 1.04167
3831 1.04133
3832 1.04154
3833 1.04099
3834 1.04114
3835 1.04082
3836 1.04111
3837 1.04089
3838 1.04064
3839 1.04051
3840 1.04081
3841 1.04073
3842 1.04
3843 1.04001
3844 1.04005
3845 1.04023
3846 1.04013
3847 1.03955
3848 1.03987
3849 1.03987
3850 1.03972
3851 1.03943
3852 1.03924
3853 1.03977
3854 1.03929
3855 1.03908
3856 1.03929
3857 1.03903
3858 1.03873
3859 1.03886
3860 1.03873
3861 1.03884
3862 1.03853
3863 1.03836
3864 1.03831
3865 1.03829
3866 1.03861
3867 1.03878
3868 1.03815
3869 1.0382
3870 1.03834
3871 1.03815
3872 1.03843
3873 1.03789
3874 1.03772
3875 1.03809
3876 1.03766
3877 1.03771
3878 1.03802
3879 1.03729
3880 1.03673
3881 1.03719
3882 1.03728
3883 1.03696
3884 1.03734
3885 1.03724
3886 1.03738
3887 1.03643
3888 1.03671
3889 1.03663
3890 1.03724
3891 1.03709
3892 1.03659
3893 1.03676
3894 1.03634
3895 1.03621
3896 1.03662
3897 1.03638
3898 1.03631
3899 1.03634
3900 1.0355
3901 1.03594
3902 1.03607
3903 1.03584
3904 1.03571
3905 1.03598
3906 1.03553
3907 1.03541
3908 1.03595
3909 1.03551
3910 1.03512
3911 1.03543
3912 1.03557
3913 1.03544
3914 1.03471
3915 1.03525
3916 1.03526
3917 1.03454
3918 1.03505
3919 1.03532
3920 1.03487
3921 1.03522
3922 1.03435
3923 1.03474
3924 1.0347
3925 1.03488
3926 1.03448
3927 1.03498
3928 1.03451
3929 1.03454
3930 1.03524
3931 1.03412
3932 1.03467
3933 1.03423
3934 1.03414
3935 1.03419
3936 1.03447
3937 1.0342
3938 1.03391
3939 1.03448
3940 1.03432
3941 1.03409
3942 1.03428
3943 1.03424
3944 1.03366
3945 1.03429
3946 1.03432
3947 1.03379
3948 1.03375
3949 1.03394
3950 1.03351
3951 1.03376
3952 1.03374
3953 1.03403
3954 1.03379
3955 1.03415
3956 1.03393
3957 1.03398
3958 1.03392
3959 1.0341
3960 1.03423
3961 1.03427
3962 1.03373
3963 1.03392
3964 1.03392
3965 1.03375
3966 1.03422
3967 1.03353
3968 1.03336
3969 1.03406
3970 1.03341
3971 1.03383
3972 1.03425
3973 1.03364
3974 1.03422
3975 1.03383
3976 1.03364
3977 1.03363
3978 1.03429
3979 1.03341
3980 1.03377
3981 1.03357
3982 1.03368
3983 1.0339
3984 1.0333
3985 1.03391
3986 1.03402
3987 1.03423
3988 1.03376
3989 1.03318
3990 1.03342
3991 1.03328
3992 1.03386
3993 1.03332
3994 1.03327
3995 1.03358
3996 1.03333
3997 1.03366
3998 1.03351
3999 1.03327
4000 1.03296
4001 1.03358
4002 1.03348
4003 1.03293
4004 1.03357
4005 1.03319
4006 1.03316
4007 1.03339
4008 1.03306
4009 1.03309
4010 1.0331
4011 1.03307
4012 1.03319
4013 1.0329
4014 1.03318
4015 1.03296
4016 1.03319
4017 1.03304
4018 1.03264
4019 1.03278
4020 1.03264
4021 1.0329
4022 1.03216
4023 1.03238
4024 1.0326
4025 1.03233
4026 1.03192
4027 1.0322
4028 1.03241
4029 1.03207
4030 1.03209
4031 1.03185
4032 1.03191
4033 1.03203
4034 1.03214
4035 1.03128
4036 1.03184
4037 1.03114
4038 1.03137
4039 1.03125
4040 1.03194
4041 1.03176
4042 1.03126
4043 1.03166
4044 1.03124
4045 1.03116
4046 1.03093
4047 1.03099
4048 1.03074
4049 1.03137
4050 1.03047
4051 1.03114
4052 1.03038
4053 1.03092
4054 1.03106
4055 1.03081
4056 1.03056
4057 1.03038
4058 1.03067
4059 1.0298
4060 1.03
4061 1.03094
4062 1.03067
4063 1.02975
4064 1.0297
4065 1.02988
4066 1.02976
4067 1.02946
4068 1.02995
4069 1.02907
4070 1.03
4071 1.0297
4072 1.02897
4073 1.0294
4074 1.02939
4075 1.02901
4076 1.02934
4077 1.02879
4078 1.02885
4079 1.02806
4080 1.02864
4081 1.02902
4082 1.02834
4083 1.02844
4084 1.02852
4085 1.02852
4086 1.02846
4087 1.02835
4088 1.02849
4089 1.02826
4090 1.02777
4091 1.02783
4092 1.02779
4093 1.02762
4094 1.02818
4095 1.02741
4096 1.02818
4097 1.02758
4098 1.02739
4099 1.02744
4100 1.02736
4101 1.02756
4102 1.02707
4103 1.02738
4104 1.02695
4105 1.0275
4106 1.02691
4107 1.02694
4108 1.02672
4109 1.02689
4110 1.02644
4111 1.02644
4112 1.02622
4113 1.02604
4114 1.02682
4115 1.02633
4116 1.02593
4117 1.02596
4118 1.02589
4119 1.02597
4120 1.0262
4121 1.02598
4122 1.02574
4123 1.02579
4124 1.02561
4125 1.02591
4126 1.02517
4127 1.02557
4128 1.02511
4129 1.02535
4130 1.02564
4131 1.02535
4132 1.02483
4133 1.02486
4134 1.02495
4135 1.02481
4136 1.02488
4137 1.02466
4138 1.02459
4139 1.02486
4140 1.02475
4141 1.02439
4142 1.02457
4143 1.02457
4144 1.02417
4145 1.02442
4146 1.02406
4147 1.02391
4148 1.02435
4149 1.02408
4150 1.02396
4151 1.02438
4152 1.02381
4153 1.02445
4154 1.02407
4155 1.02352
4156 1.02357
4157 1.02413
4158 1.02397
4159 1.02394
4160 1.02368
4161 1.02336
4162 1.02353
4163 1.0234
4164 1.02327
4165 1.02319
4166 1.02325
4167 1.02325
4168 1.02332
4169 1.02314
4170 1.02314
4171 1.02311
4172 1.02316
4173 1.02326
4174 1.0227
4175 1.02286
4176 1.02296
4177 1.02261
4178 1.02309
4179 1.02261
4180 1.02267
4181 1.02252
4182 1.02241
4183 1.02278
4184 1.02252
4185 1.02281
4186 1.02268
4187 1.02262
4188 1.02231
4189 1.02226
4190 1.02222
4191 1.02242
4192 1.02223
4193 1.02232
4194 1.02214
4195 1.02217
4196 1.02217
4197 1.02183
4198 1.02213
4199 1.02184
4200 1.02194
4201 1.02188
4202 1.02203
4203 1.02184
4204 1.02179
4205 1.02167
4206 1.02188
4207 1.02142
4208 1.02159
4209 1.02161
4210 1.02183
4211 1.02159
4212 1.02152
4213 1.02166
4214 1.02142
4215 1.02158
4216 1.02141
4217 1.02128
4218 1.02089
4219 1.02127
4220 1.02128
4221 1.02059
4222 1.02116
4223 1.02096
4224 1.02074
4225 1.02092
4226 1.02106
4227 1.02086
4228 1.02067
4229 1.02084
4230 1.0203
4231 1.02096
4232 1.02033
4233 1.02058
4234 1.02044
4235 1.02061
4236 1.02011
4237 1.02064
4238 1.02024
4239 1.02031
4240 1.01971
4241 1.01996
4242 1.02038
4243 1.01977
4244 1.01975
4245 1.01996
4246 1.02003
4247 1.01958
4248 1.01983
4249 1.01957
4250 1.01961
4251 1.01935
4252 1.01952
4253 1.01967
4254 1.01918
4255 1.01967
4256 1.01923
4257 1.01923
4258 1.01922
4259 1.01934
4260 1.01913
4261 1.01972
4262 1.01902
4263 1.0191
4264 1.01935
4265 1.01921
4266 1.01911
4267 1.01879
4268 1.01918
4269 1.0186
4270 1.01898
4271 1.01885
4272 1.01812
4273 1.0185
4274 1.01825
4275 1.0185
4276 1.01826
4277 1.01826
4278 1.01852
4279 1.01839
4280 1.01822
4281 1.01821
4282 1.01785
4283 1.01797
4284 1.01858
4285 1.01787
4286 1.01758
4287 1.01738
4288 1.01766
4289 1.0177
4290 1.01764
4291 1.01737
4292 1.01738
4293 1.01747
4294 1.01782
4295 1.0175
4296 1.0172
4297 1.01717
4298 1.01763
4299 1.01712
4300 1.01723
4301 1.01709
4302 1.0171
4303 1.01724
4304 1.01688
4305 1.01688
4306 1.01666
4307 1.0168
4308 1.01676
4309 1.01676
4310 1.01649
4311 1.01674
4312 1.0166
4313 1.01654
4314 1.016
4315 1.01668
4316 1.01627
4317 1.01671
4318 1.0159
4319 1.01648
4320 1.01606
4321 1.01644
4322 1.01622
4323 1.01619
4324 1.01636
4325 1.01596
4326 1.0159
4327 1.01654
4328 1.01563
4329 1.01598
4330 1.01579
4331 1.01578
4332 1.0159
4333 1.01577
4334 1.01589
4335 1.01579
4336 1.01563
4337 1.01552
4338 1.01527
4339 1.01538
4340 1.01581
4341 1.01592
4342 1.01552
4343 1.016
4344 1.01543
4345 1.01587
4346 1.01565
4347 1.01576
4348 1.016
4349 1.01556
4350 1.01581
4351 1.01561
4352 1.01562
4353 1.01604
4354 1.01551
4355 1.01537
4356 1.0152
4357 1.01584
4358 1.01609
4359 1.01571
4360 1.01547
4361 1.01552
4362 1.0153
4363 1.0154
4364 1.01638
4365 1.01533
4366 1.01491
4367 1.01633
4368 1.01677
4369 1.01551
4370 1.01595
4371 1.01559
4372 1.01614
4373 1.01584
4374 1.01589
4375 1.01701
4376 1.01567
4377 1.01572
4378 1.01659
4379 1.01651
4380 1.01643
4381 1.01624
4382 1.01582
4383 1.01671
4384 1.01601
4385 1.01624
4386 1.01707
4387 1.01654
4388 1.0168
4389 1.01668
4390 1.01598
4391 1.01602
4392 1.01725
4393 1.01718
4394 1.01645
4395 1.01704
4396 1.01633
4397 1.01712
4398 1.0173
4399 1.01731
4400 1.01753
4401 1.01692
4402 1.01764
4403 1.01792
4404 1.0167
4405 1.01715
4406 1.01644
4407 1.01731
4408 1.01734
4409 1.01732
4410 1.01793
4411 1.01713
4412 1.0175
4413 1.01817
4414 1.01773
4415 1.01788
4416 1.01886
4417 1.01941
4418 1.01962
4419 1.01918
4420 1.01842
4421 1.01831
4422 1.01953
4423 1.01929
4424 1.01892
4425 1.02021
4426 1.01891
4427 1.01888
4428 1.01977
4429 1.01974
4430 1.01969
4431 1.01933
4432 1.01972
4433 1.01884
4434 1.02008
4435 1.01973
4436 1.02089
4437 1.01996
4438 1.01924
4439 1.01957
4440 1.01977
4441 1.02111
4442 1.02008
4443 1.021
4444 1.0204
4445 1.02076
4446 1.02023
4447 1.02055
4448 1.02178
4449 1.02048
4450 1.02024
4451 1.02053
4452 1.02133
4453 1.02113
4454 1.02022
4455 1.02084
4456 1.02071
4457 1.01959
4458 1.02084
4459 1.02156
4460 1.02096
4461 1.02094
4462 1.02025
4463 1.0208
4464 1.0203
4465 1.02058
4466 1.02046
4467 1.02116
4468 1.02109
4469 1.02123
4470 1.02098
4471 1.02089
4472 1.02147
4473 1.02106
4474 1.02099
4475 1.02084
4476 1.0202
4477 1.02035
4478 1.02085
4479 1.02066
4480 1.02056
4481 1.02139
4482 1.02023
4483 1.02029
4484 1.02042
4485 1.02032
4486 1.02095
4487 1.02069
4488 1.02017
4489 1.01997
4490 1.0202
4491 1.02054
4492 1.02052
4493 1.02081
4494 1.02028
4495 1.01969
4496 1.01974
4497 1.0197
4498 1.0205
4499 1.01906
4500 1.0194
4501 1.01978
4502 1.02004
4503 1.01972
4504 1.01983
4505 1.0198
4506 1.01938
4507 1.01922
4508 1.01873
4509 1.01936
4510 1.01963
4511 1.01979
4512 1.01866
4513 1.01875
4514 1.0185
4515 1.01913
4516 1.01925
4517 1.01916
4518 1.01844
4519 1.01849
4520 1.01861
4521 1.01866
4522 1.01836
4523 1.01876
4524 1.01822
4525 1.01842
4526 1.01833
4527 1.01835
4528 1.01841
4529 1.0182
4530 1.0183
4531 1.01805
4532 1.01824
4533 1.01767
4534 1.01769
4535 1.01774
4536 1.01789
4537 1.01731
4538 1.01745
4539 1.01744
4540 1.01726
4541 1.01738
4542 1.01682
4543 1.01739
4544 1.01692
4545 1.01746
4546 1.01693
4547 1.01653
4548 1.01666
4549 1.01671
4550 1.01719
4551 1.01694
4552 1.01635
4553 1.01686
4554 1.01585
4555 1.0167
4556 1.01627
4557 1.01662
4558 1.01649
4559 1.01641
4560 1.01653
4561 1.01631
4562 1.01609
4563 1.01583
4564 1.01586
4565 1.01581
4566 1.0156
4567 1.01607
4568 1.01544
4569 1.01533
4570 1.01533
4571 1.01553
4572 1.01586
4573 1.01527
4574 1.0154
4575 1.01575
4576 1.0153
4577 1.01492
4578 1.01549
4579 1.01543
4580 1.01544
4581 1.01533
4582 1.01513
4583 1.01506
4584 1.01506
4585 1.0148
4586 1.01479
4587 1.01471
4588 1.01472
4589 1.01466
4590 1.01487
4591 1.0144
4592 1.01468
4593 1.01429
4594 1.01408
4595 1.01454
4596 1.01438
4597 1.01368
4598 1.01413
4599 1.01459
4600 1.01425
4601 1.01365
4602 1.01414
4603 1.01418
4604 1.01407
4605 1.01408
4606 1.0139
4607 1.01356
4608 1.01407
4609 1.01421
4610 1.01346
4611 1.01384
4612 1.01326
4613 1.01367
4614 1.01366
4615 1.01359
4616 1.01364
4617 1.01373
4618 1.01308
4619 1.0131
4620 1.01362
4621 1.01341
4622 1.0132
4623 1.01291
4624 1.01334
4625 1.01325
4626 1.01325
4627 1.01305
4628 1.01284
4629 1.01315
4630 1.01267
4631 1.0129
4632 1.01299
4633 1.01317
4634 1.01288
4635 1.01299
4636 1.01256
4637 1.01256
4638 1.01251
4639 1.01264
4640 1.01281
4641 1.01253
4642 1.0127
4643 1.01246
4644 1.01218
4645 1.01277
4646 1.01222
4647 1.01228
4648 1.01204
4649 1.01247
4650 1.0124
4651 1.01208
4652 1.01222
4653 1.0123
4654 1.01221
4655 1.01211
4656 1.01216
4657 1.01196
4658 1.01181
4659 1.01183
4660 1.01197
4661 1.0118
4662 1.01193
4663 1.01181
4664 1.01155
4665 1.01194
4666 1.01137
4667 1.01191
4668 1.01197
4669 1.01112
4670 1.01134
4671 1.01172
4672 1.01149
4673 1.01089
4674 1.01132
4675 1.01127
4676 1.01155
4677 1.01076
4678 1.0109
4679 1.01094
4680 1.01106
4681 1.01095
4682 1.0113
4683 1.01126
4684 1.01091
4685 1.0106
4686 1.01054
4687 1.01074
4688 1.01113
4689 1.0105
4690 1.01077
4691 1.01045
4692 1.01052
4693 1.0107
4694 1.01051
4695 1.01081
4696 1.01034
4697 1.01017
4698 1.01031
4699 1.01022
4700 1.01001
4701 1.01001
4702 1.00997
4703 1.0099
4704 1.00987
4705 1.00966
4706 1.00978
4707 1.00987
4708 1.00933
4709 1.00985
4710 1.00935
4711 1.00966
4712 1.00986
4713 1.00959
4714 1.00937
4715 1.00948
4716 1.00926
4717 1.00944
4718 1.00959
4719 1.00907
4720 1.00949
4721 1.00943
4722 1.00898
4723 1.0094
4724 1.00897
4725 1.00889
4726 1.0091
4727 1.00894
4728 1.00894
4729 1.00881
4730 1.00891
4731 1.00852
4732 1.0084
4733 1.00895
4734 1.00864
4735 1.00872
4736 1.00852
4737 1.0086
4738 1.00855
4739 1.00821
4740 1.00831
4741 1.00811
4742 1.00806
4743 1.00852
4744 1.0082
4745 1.00813
4746 1.00805
4747 1.00822
4748 1.00802
4749 1.00817
4750 1.00801
4751 1.00766
4752 1.0077
4753 1.0078
4754 1.00751
4755 1.00794
4756 1.0074
4757 1.00753
4758 1.00756
4759 1.00744
4760 1.00776
4761 1.00746
4762 1.00723
4763 1.00732
4764 1.00743
4765 1.00705
4766 1.00718
4767 1.00738
4768 1.00704
4769 1.0073
4770 1.00727
4771 1.00748
4772 1.00695
4773 1.007
4774 1.00685
4775 1.00699
4776 1.00712
4777 1.00689
4778 1.00649
4779 1.00681
4780 1.00666
4781 1.00647
4782 1.00652
4783 1.00684
4784 1.00653
4785 1.00655
4786 1.00641
4787 1.00662
4788 1.00639
4789 1.00645
4790 1.00645
4791 1.00664
4792 1.00633
4793 1.0066
4794 1.00611
4795 1.0063
4796 1.00651
4797 1.006
4798 1.00647
4799 1.00611
4800 1.00624
4801 1.00626
4802 1.0062
4803 1.00614
4804 1.00625
4805 1.00601
4806 1.00604
4807 1.00607
4808 1.00605
4809 1.00607
4810 1.0059
4811 1.00602
4812 1.006
4813 1.00597
4814 1.00593
4815 1.00626
4816 1.00618
4817 1.00617
4818 1.0059
4819 1.00626
4820 1.00595
4821 1.00584
4822 1.00641
4823 1.00609
4824 1.00598
4825 1.00574
4826 1.00602
4827 1.00596
4828 1.00568
4829 1.00632
4830 1.00586
4831 1.00614
4832 1.00592
4833 1.00618
4834 1.0058
4835 1.00624
4836 1.00574
4837 1.00586
4838 1.00608
4839 1.00622
4840 1.00611
4841 1.00573
4842 1.0063
4843 1.00596
4844 1.00627
4845 1.00626
4846 1.00611
4847 1.00587
4848 1.00581
4849 1.00623
4850 1.00614
4851 1.0058
4852 1.00603
4853 1.00616
4854 1.00599
4855 1.0058
4856 1.00578
4857 1.00599
4858 1.00607
4859 1.00573
4860 1.00646
4861 1.00602
4862 1.00674
4863 1.00647
4864 1.00658
4865 1.006
4866 1.00626
4867 1.00586
4868 1.00631
4869 1.00608
4870 1.0064
4871 1.00618
4872 1.00619
4873 1.00578
4874 1.00611
4875 1.00604
4876 1.00633
4877 1.00593
4878 1.00612
4879 1.00608
4880 1.0063
4881 1.00631
4882 1.00641
4883 1.0065
4884 1.00618
4885 1.0059
4886 1.00604
4887 1.0062
4888 1.00606
4889 1.00655
4890 1.00617
4891 1.00616
4892 1.00621
4893 1.00598
4894 1.00632
4895 1.00596
4896 1.00594
4897 1.00607
4898 1.00587
4899 1.00606
4900 1.00573
4901 1.00589
4902 1.00584
4903 1.00591
4904 1.00596
4905 1.00568
4906 1.00583
4907 1.00571
4908 1.0059
4909 1.00578
4910 1.00576
4911 1.00553
4912 1.00593
4913 1.00583
4914 1.00566
4915 1.00573
4916 1.00542
4917 1.00561
4918 1.0055
4919 1.00573
4920 1.00567
4921 1.00528
4922 1.00532
4923 1.00533
4924 1.00523
4925 1.00548
4926 1.00528
4927 1.00582
4928 1.00537
4929 1.00525
4930 1.00527
4931 1.00484
4932 1.005
4933 1.00505
4934 1.00518
4935 1.00518
4936 1.00471
4937 1.00493
4938 1.00502
4939 1.00467
4940 1.005
4941 1.00487
4942 1.00484
4943 1.00474
4944 1.00488
4945 1.00479
4946 1.00428
4947 1.00462
4948 1.0046
4949 1.00431
4950 1.00437
4951 1.00451
4952 1.0046
4953 1.00458
4954 1.00421
4955 1.00427
4956 1.00425
4957 1.00403
4958 1.00377
4959 1.00405
4960 1.0041
4961 1.00407
4962 1.00407
4963 1.00405
4964 1.00401
4965 1.00365
4966 1.00411
4967 1.00386
4968 1.00399
4969 1.00393
4970 1.00373
4971 1.0035
4972 1.00382
4973 1.00363
4974 1.00358
4975 1.00331
4976 1.00338
4977 1.0033
4978 1.00347
4979 1.0032
4980 1.00332
4981 1.00333
4982 1.00318
4983 1.00335
4984 1.00339
4985 1.00334
4986 1.00352
4987 1.00304
4988 1.00306
4989 1.00319
4990 1.00321
4991 1.00306
4992 1.00288
4993 1.00272
4994 1.00278
4995 1.00276
4996 1.00278
4997 1.00272
4998 1.00247
4999 1.00245
