100 0.986347
101 0.98573
102 0.986973
103 0.985842
104 0.986268
105 0.986645
106 0.98667
107 0.987352
108 0.987514
109 0.986455
110 0.986156
111 0.98762
112 0.98705
113 0.986211
114 0.9863
115 0.98739
116 0.986343
117 0.987567
118 0.987914
119 0.9878
120 0.987068
121 0.987232
122 0.987524
123 0.987742
124 0.987809
125 0.987624
126 0.987821
127 0.988413
128 0.987012
129 0.987987
130 0.987616
131 0.987518
132 0.987617
133 0.987636
134 0.987103
135 0.987068
136 0.987436
137 0.987697
138 0.987895
139 0.987586
140 0.987584
141 0.987076
142 0.987631
143 0.98808
144 0.987638
145 0.988086
146 0.986909
147 0.987497
148 0.988117
149 0.987678
150 0.987537
151 0.987193
152 0.987088
153 0.987405
154 0.987517
155 0.987393
156 0.987649
157 0.987405
158 0.988204
159 0.987584
160 0.987321
161 0.988357
162 0.987087
163 0.987725
164 0.986802
165 0.987664
166 0.98754
167 0.987168
168 0.98769
169 0.988469
170 0.987316
171 0.987833
172 0.987435
173 0.987631
174 0.987752
175 0.987838
176 0.987172
177 0.987722
178 0.987546
179 0.987561
180 0.987505
181 0.987705
182 0.987523
183 0.987687
184 0.987444
185 0.987462
186 0.98801
187 0.987684
188 0.98723
189 0.987695
190 0.987598
191 0.987814
192 0.987819
193 0.987755
194 0.987869
195 0.987517
196 0.988281
197 0.988114
198 0.98795
199 0.98779
200 0.988188
201 0.987463
202 0.987724
203 0.988085
204 0.98823
205 0.987531
206 0.988073
207 0.98771
208 0.988779
209 0.988275
210 0.988355
211 0.988233
212 0.988482
213 0.988026
214 0.988371
215 0.988182
216 0.987928
217 0.988738
218 0.98808
219 0.988333
220 0.988496
221 0.987976
222 0.988362
223 0.988771
224 0.988608
225 0.989059
226 0.988604
227 0.988842
228 0.988658
229 0.988611
230 0.988998
231 0.988858
232 0.988824
233 0.98865
234 0.988865
235 0.988108
236 0.988811
237 0.988975
238 0.989415
239 0.988852
240 0.989304
241 0.988853
242 0.988828
243 0.988453
244 0.988984
245 0.989081
246 0.988792
247 0.989029
248 0.988964
249 0.989224
250 0.989191
251 0.989062
252 0.989085
253 0.988922
254 0.989805
255 0.989084
256 0.98944
257 0.988939
258 0.989148
259 0.988829
260 0.989299
261 0.98919
262 0.98943
263 0.989545
264 0.989184
265 0.989648
266 0.989432
267 0.989266
268 0.98907
269 0.989263
270 0.989638
271 0.989086
272 0.988923
273 0.988945
274 0.989475
275 0.989137
276 0.989188
277 0.989703
278 0.988898
279 0.988961
280 0.989061
281 0.989144
282 0.989219
283 0.989163
284 0.988984
285 0.988917
286 0.989293
287 0.989187
288 0.989041
289 0.989151
290 0.989275
291 0.989104
292 0.9892
293 0.988728
294 0.989012
295 0.988879
296 0.989006
297 0.988911
298 0.988977
299 0.988916
300 0.98917
301 0.989152
302 0.989114
303 0.988824
304 0.989398
305 0.988803
306 0.988784
307 0.988951
308 0.989362
309 0.989465
310 0.98902
311 0.988893
312 0.988889
313 0.988947
314 0.989089
315 0.989251
316 0.988768
317 0.989146
318 0.989246
319 0.989022
320 0.989066
321 0.989069
322 0.98917
323 0.989591
324 0.989327
325 0.989186
326 0.989225
327 0.988962
328 0.989515
329 0.989258
330 0.988868
331 0.989147
332 0.988726
333 0.989347
334 0.988722
335 0.988746
336 0.988844
337 0.989065
338 0.988852
339 0.989201
340 0.988974
341 0.988936
342 0.989183
343 0.988916
344 0.989263
345 0.989099
346 0.989089
347 0.989169
348 0.988599
349 0.98906
350 0.989018
351 0.989086
352 0.989102
353 0.988778
354 0.988781
355 0.988949
356 0.989062
357 0.988936
358 0.989429
359 0.989125
360 0.988955
361 0.989336
362 0.98892
363 0.989305
364 0.988935
365 0.988844
366 0.989291
367 0.988939
368 0.989046
369 0.988864
370 0.989173
371 0.988989
372 0.989479
373 0.989227
374 0.989054
375 0.988822
376 0.9892
377 0.988884
378 0.989194
379 0.989054
380 0.989099
381 0.989028
382 0.989001
383 0.989137
384 0.989015
385 0.989109
386 0.989063
387 0.989074
388 0.989007
389 0.98918
390 0.989287
391 0.989347
392 0.989282
393 0.989407
394 0.989527
395 0.989563
396 0.989028
397 0.989205
398 0.989386
399 0.988978
400 0.989354
401 0.989397
402 0.989099
403 0.989297
404 0.989237
405 0.989226
406 0.98952
407 0.989315
408 0.989194
409 0.989285
410 0.989594
411 0.989328
412 0.988992
413 0.989237
414 0.98962
415 0.989766
416 0.989519
417 0.98954
418 0.989371
419 0.989711
420 0.989354
421 0.989232
422 0.989345
423 0.989277
424 0.989353
425 0.989537
426 0.989293
427 0.98951
428 0.989231
429 0.989827
430 0.989608
431 0.989627
432 0.989949
433 0.989624
434 0.98958
435 0.98995
436 0.989584
437 0.989558
438 0.989383
439 0.989802
440 0.989506
441 0.989758
442 0.989718
443 0.989994
444 0.989519
445 0.989524
446 0.989835
447 0.989792
448 0.989787
449 0.989744
450 0.989637
451 0.990082
452 0.989596
453 0.989632
454 0.989935
455 0.989835
456 0.989664
457 0.989759
458 0.989949
459 0.989683
460 0.989841
461 0.989827
462 0.99008
463 0.99006
464 0.989693
465 0.989997
466 0.989809
467 0.990109
468 0.99025
469 0.990003
470 0.989799
471 0.990215
472 0.99037
473 0.990137
474 0.990057
475 0.99023
476 0.989905
477 0.99004
478 0.989716
479 0.990311
480 0.99016
481 0.989987
482 0.990039
483 0.990201
484 0.99011
485 0.990245
486 0.990278
487 0.990194
488 0.990167
489 0.990075
490 0.990145
491 0.990084
492 0.990148
493 0.990316
494 0.990034
495 0.990202
496 0.990212
497 0.989949
498 0.990141
499 0.990238
500 0.990379
501 0.990155
502 0.990343
503 0.990154
504 0.99023
505 0.990258
506 0.990175
507 0.990324
508 0.990334
509 0.990078
510 0.990221
511 0.990416
512 0.990434
513 0.990291
514 0.990196
515 0.990192
516 0.990564
517 0.990301
518 0.990401
519 0.990421
520 0.990291
521 0.99037
522 0.990458
523 0.990509
524 0.990462
525 0.990428
526 0.990241
527 0.990527
528 0.990352
529 0.990396
530 0.990415
531 0.990431
532 0.990439
533 0.99054
534 0.990512
535 0.990258
536 0.990513
537 0.990466
538 0.990571
539 0.990387
540 0.990261
541 0.990368
542 0.990395
543 0.990349
544 0.990393
545 0.990399
546 0.990403
547 0.990709
548 0.990239
549 0.990335
550 0.990595
551 0.990359
552 0.990399
553 0.990269
554 0.990515
555 0.990405
556 0.99027
557 0.990742
558 0.990552
559 0.990369
560 0.990449
561 0.990558
562 0.990228
563 0.990354
564 0.990216
565 0.990113
566 0.99036
567 0.990238
568 0.990359
569 0.990351
570 0.990531
571 0.990603
572 0.990449
573 0.990492
574 0.990402
575 0.990366
576 0.990499
577 0.990242
578 0.99023
579 0.990417
580 0.990206
581 0.99027
582 0.990182
583 0.990321
584 0.990412
585 0.990468
586 0.990079
587 0.990296
588 0.990265
589 0.990525
590 0.990403
591 0.990485
592 0.990309
593 0.990476
594 0.990183
595 0.990324
596 0.990358
597 0.990523
598 0.990282
599 0.990273
600 0.990479
601 0.990375
602 0.98997
603 0.990394
604 0.990342
605 0.990416
606 0.990129
607 0.990235
608 0.990384
609 0.990473
610 0.990424
611 0.990453
612 0.990213
613 0.990295
614 0.990034
615 0.99034
616 0.990239
617 0.990172
618 0.990187
619 0.990262
620 0.990228
621 0.990179
622 0.990239
623 0.990123
624 0.990161
625 0.990138
626 0.989941
627 0.990158
628 0.990349
629 0.990157
630 0.990146
631 0.990235
632 0.990338
633 0.99016
634 0.990309
635 0.990414
636 0.990287
637 0.990379
638 0.99032
639 0.990091
640 0.990376
641 0.99021
642 0.990206
643 0.990135
644 0.990263
645 0.990156
646 0.990109
647 0.99024
648 0.990138
649 0.990252
650 0.990273
651 0.990393
652 0.990128
653 0.990154
654 0.99017
655 0.99013
656 0.99004
657 0.990128
658 0.990259
659 0.990346
660 0.990189
661 0.990381
662 0.990285
663 0.990263
664 0.990108
665 0.990028
666 0.989995
667 0.990251
668 0.99019
669 0.9901
670 0.990155
671 0.990269
672 0.990333
673 0.99025
674 0.990259
675 0.990371
676 0.990071
677 0.990168
678 0.990045
679 0.990086
680 0.990123
681 0.99027
682 0.990412
683 0.990092
684 0.989993
685 0.99001
686 0.99015
687 0.990111
688 0.990108
689 0.990262
690 0.990163
691 0.990105
692 0.990097
693 0.990163
694 0.990176
695 0.990235
696 0.990246
697 0.990207
698 0.990134
699 0.990097
700 0.98995
701 0.990182
702 0.990197
703 0.990107
704 0.990347
705 0.990326
706 0.990293
707 0.990114
708 0.990204
709 0.990019
710 0.990057
711 0.990372
712 0.9902
713 0.990318
714 0.990122
715 0.99023
716 0.990065
717 0.990262
718 0.990175
719 0.990194
720 0.990233
721 0.990261
722 0.99023
723 0.990322
724 0.989965
725 0.990254
726 0.990143
727 0.990133
728 0.990284
729 0.99022
730 0.989876
731 0.990197
732 0.990093
733 0.99021
734 0.989967
735 0.990159
736 0.990191
737 0.990263
738 0.99018
739 0.989956
740 0.990245
741 0.990033
742 0.990149
743 0.990265
744 0.990413
745 0.990453
746 0.990285
747 0.990271
748 0.990167
749 0.990335
750 0.990116
751 0.990354
752 0.990161
753 0.990171
754 0.990296
755 0.990201
756 0.990166
757 0.990232
758 0.990369
759 0.990212
760 0.990112
761 0.990148
762 0.990341
763 0.990289
764 0.990145
765 0.990015
766 0.990278
767 0.990108
768 0.99037
769 0.990465
770 0.990256
771 0.990302
772 0.990074
773 0.990154
774 0.990168
775 0.99046
776 0.990407
777 0.990445
778 0.990346
779 0.990347
780 0.990459
781 0.990337
782 0.990213
783 0.990307
784 0.990183
785 0.99029
786 0.990184
787 0.990623
788 0.990315
789 0.990423
790 0.990323
791 0.990358
792 0.99023
793 0.990531
794 0.990493
795 0.990275
796 0.990411
797 0.990403
798 0.990413
799 0.990345
800 0.9904
801 0.990149
802 0.9904
803 0.990124
804 0.990293
805 0.99041
806 0.990472
807 0.990677
808 0.990343
809 0.99036
810 0.990472
811 0.990303
812 0.990356
813 0.990377
814 0.990333
815 0.990419
816 0.990316
817 0.990447
818 0.990652
819 0.990524
820 0.990429
821 0.990238
822 0.990392
823 0.990503
824 0.990367
825 0.990503
826 0.990636
827 0.990419
828 0.990397
829 0.990507
830 0.990546
831 0.990533
832 0.990284
833 0.990416
834 0.990473
835 0.990605
836 0.990506
837 0.990709
838 0.990358
839 0.990657
840 0.990526
841 0.990669
842 0.990644
843 0.990572
844 0.990342
845 0.99068
846 0.99062
847 0.990555
848 0.99062
849 0.990498
850 0.99026
851 0.990473
852 0.990664
853 0.990695
854 0.990422
855 0.990708
856 0.990619
857 0.990671
858 0.990584
859 0.990767
860 0.990796
861 0.990635
862 0.990751
863 0.990562
864 0.990774
865 0.990928
866 0.990803
867 0.990653
868 0.99075
869 0.990664
870 0.990817
871 0.990806
872 0.990768
873 0.9907
874 0.990663
875 0.990799
876 0.990725
877 0.990715
878 0.991027
879 0.990923
880 0.990646
881 0.990568
882 0.990705
883 0.990652
884 0.990957
885 0.990611
886 0.990688
887 0.990765
888 0.990856
889 0.990826
890 0.990977
891 0.990816
892 0.990756
893 0.990952
894 0.990836
895 0.990907
896 0.990937
897 0.990644
898 0.990808
899 0.990962
900 0.990943
901 0.991011
902 0.990855
903 0.99101
904 0.990873
905 0.990832
906 0.990914
907 0.990994
908 0.990892
909 0.990905
910 0.990894
911 0.990808
912 0.990908
913 0.991102
914 0.991132
915 0.990842
916 0.990886
917 0.990827
918 0.99068
919 0.990963
920 0.991133
921 0.991047
922 0.990975
923 0.990907
924 0.990775
925 0.990991
926 0.991013
927 0.991226
928 0.991069
929 0.99091
930 0.991058
931 0.990953
932 0.991029
933 0.991007
934 0.991002
935 0.990945
936 0.990877
937 0.991098
938 0.991072
939 0.99114
940 0.991087
941 0.99101
942 0.991076
943 0.990808
944 0.990879
945 0.990956
946 0.991129
947 0.99101
948 0.991136
949 0.991006
950 0.991101
951 0.991207
952 0.991219
953 0.991066
954 0.990995
955 0.991067
956 0.99101
957 0.990884
958 0.991218
959 0.991039
960 0.991097
961 0.99126
962 0.991208
963 0.99124
964 0.991017
965 0.991042
966 0.991109
967 0.990994
968 0.991088
969 0.991258
970 0.991169
971 0.991099
972 0.99134
973 0.9912
974 0.991118
975 0.991205
976 0.991171
977 0.99123
978 0.991109
979 0.991102
980 0.991223
981 0.991249
982 0.991022
983 0.991209
984 0.991033
985 0.991016
986 0.991205
987 0.991262
988 0.991369
989 0.991111
990 0.991048
991 0.991233
992 0.991261
993 0.991221
994 0.991152
995 0.991133
996 0.991139
997 0.991082
998 0.991321
999 0.991362
1000 0.99113
1001 0.991004
1002 0.991332
1003 0.991369
1004 0.991275
1005 0.991343
1006 0.99118
1007 0.991036
1008 0.991173
1009 0.991241
1010 0.991294
1011 0.991269
1012 0.991318
1013 0.991457
1014 0.991254
1015 0.991457
1016 0.99141
1017 0.991296
1018 0.991191
1019 0.991221
1020 0.991264
1021 0.991238
1022 0.991143
1023 0.991099
1024 0.991273
1025 0.991303
1026 0.991292
1027 0.991298
1028 0.991234
1029 0.991432
1030 0.991345
1031 0.991361
1032 0.991277
1033 0.991312
1034 0.991194
1035 0.991274
1036 0.991315
1037 0.991238
1038 0.991332
1039 0.991346
1040 0.991284
1041 0.991401
1042 0.991391
1043 0.99122
1044 0.991333
1045 0.991211
1046 0.991361
1047 0.991288
1048 0.991158
1049 0.991225
1050 0.991321
1051 0.991373
1052 0.991347
1053 0.991246
1054 0.991331
1055 0.99151
1056 0.991136
1057 0.991385
1058 0.991361
1059 0.991361
1060 0.991193
1061 0.991274
1062 0.991455
1063 0.991513
1064 0.991364
1065 0.99133
1066 0.991141
1067 0.991432
1068 0.991232
1069 0.991326
1070 0.991399
1071 0.991255
1072 0.991422
1073 0.991419
1074 0.991375
1075 0.991397
1076 0.991274
1077 0.991259
1078 0.991426
1079 0.991457
1080 0.991357
1081 0.991228
1082 0.991254
1083 0.991484
1084 0.991197
1085 0.991496
1086 0.991283
1087 0.991181
1088 0.991492
1089 0.991332
1090 0.991321
1091 0.991317
1092 0.991376
1093 0.99134
1094 0.991419
1095 0.991442
1096 0.991477
1097 0.991359
1098 0.991291
1099 0.991276
1100 0.991176
1101 0.991273
1102 0.991355
1103 0.991388
1104 0.991349
1105 0.99127
1106 0.991302
1107 0.991164
1108 0.991189
1109 0.99132
1110 0.991399
1111 0.99137
1112 0.991252
1113 0.991391
1114 0.991562
1115 0.991305
1116 0.991315
1117 0.991375
1118 0.991419
1119 0.991333
1120 0.991286
1121 0.991254
1122 0.991399
1123 0.991341
1124 0.991277
1125 0.991206
1126 0.991354
1127 0.991383
1128 0.991342
1129 0.991385
1130 0.99129
1131 0.991445
1132 0.991433
1133 0.991254
1134 0.991275
1135 0.991314
1136 0.991314
1137 0.991376
1138 0.991156
1139 0.991295
1140 0.991569
1141 0.991319
1142 0.991189
1143 0.991232
1144 0.991381
1145 0.991426
1146 0.991283
1147 0.991226
1148 0.991185
1149 0.991372
1150 0.991365
1151 0.991292
1152 0.99137
1153 0.991202
1154 0.991269
1155 0.991281
1156 0.991319
1157 0.991372
1158 0.991386
1159 0.991273
1160 0.991193
1161 0.991281
1162 0.991206
1163 0.991358
1164 0.991325
1165 0.991155
1166 0.991226
1167 0.991403
1168 0.991251
1169 0.991373
1170 0.991341
1171 0.99117
1172 0.9913
1173 0.991244
1174 0.991371
1175 0.991437
1176 0.99145
1177 0.99133
1178 0.991318
1179 0.991276
1180 0.991337
1181 0.991372
1182 0.991179
1183 0.991203
1184 0.99139
1185 0.991131
1186 0.991214
1187 0.991131
1188 0.991408
1189 0.99133
1190 0.991101
1191 0.991271
1192 0.991367
1193 0.991291
1194 0.991257
1195 0.991265
1196 0.991259
1197 0.991239
1198 0.991331
1199 0.991233
1200 0.991322
1201 0.991226
1202 0.991259
1203 0.991238
1204 0.991318
1205 0.991184
1206 0.991313
1207 0.991176
1208 0.991367
1209 0.991338
1210 0.991245
1211 0.991259
1212 0.991164
1213 0.991273
1214 0.991225
1215 0.991214
1216 0.991151
1217 0.991123
1218 0.991215
1219 0.991307
1220 0.991185
1221 0.991164
1222 0.991156
1223 0.991235
1224 0.991236
1225 0.991216
1226 0.991191
1227 0.991285
1228 0.991154
1229 0.991338
1230 0.991081
1231 0.991277
1232 0.991009
1233 0.991171
1234 0.991179
1235 0.991214
1236 0.991191
1237 0.991288
1238 0.991233
1239 0.991283
1240 0.991168
1241 0.991178
1242 0.991196
1243 0.991359
1244 0.991357
1245 0.991309
1246 0.991269
1247 0.991084
1248 0.991179
1249 0.991296
1250 0.99121
1251 0.991067
1252 0.991261
1253 0.991303
1254 0.991208
1255 0.991197
1256 0.991254
1257 0.991258
1258 0.990973
1259 0.991266
1260 0.991227
1261 0.991223
1262 0.991157
1263 0.991162
1264 0.991125
1265 0.991087
1266 0.991045
1267 0.991167
1268 0.991187
1269 0.991094
1270 0.991236
1271 0.991272
1272 0.991238
1273 0.991135
1274 0.991112
1275 0.991237
1276 0.991082
1277 0.991257
1278 0.991152
1279 0.991274
1280 0.991219
1281 0.99116
1282 0.991103
1283 0.991212
1284 0.991108
1285 0.991359
1286 0.99118
1287 0.991097
1288 0.991168
1289 0.991245
1290 0.991177
1291 0.991165
1292 0.991182
1293 0.991168
1294 0.991039
1295 0.991066
1296 0.991313
1297 0.991252
1298 0.991047
1299 0.991357
1300 0.991115
1301 0.99115
1302 0.991063
1303 0.991092
1304 0.99104
1305 0.991149
1306 0.991205
1307 0.991221
1308 0.990997
1309 0.991226
1310 0.991146
1311 0.991233
1312 0.99113
1313 0.991185
1314 0.991141
1315 0.991099
1316 0.991191
1317 0.9912
1318 0.991094
1319 0.991219
1320 0.991103
1321 0.991178
1322 0.991153
1323 0.99106
1324 0.991059
1325 0.991083
1326 0.991023
1327 0.991178
1328 0.991133
1329 0.990988
1330 0.991268
1331 0.991181
1332 0.991082
1333 0.990938
1334 0.991225
1335 0.991184
1336 0.991103
1337 0.991147
1338 0.991174
1339 0.991154
1340 0.991183
1341 0.991098
1342 0.991111
1343 0.991143
1344 0.991228
1345 0.991194
1346 0.991107
1347 0.991
1348 0.991135
1349 0.991007
1350 0.991118
1351 0.991067
1352 0.99117
1353 0.991085
1354 0.99121
1355 0.991054
1356 0.990963
1357 0.99107
1358 0.991114
1359 0.991205
1360 0.991117
1361 0.99105
1362 0.99119
1363 0.990946
1364 0.991087
1365 0.991139
1366 0.991104
1367 0.991063
1368 0.991055
1369 0.990956
1370 0.991144
1371 0.991112
1372 0.991035
1373 0.991114
1374 0.991093
1375 0.991021
1376 0.991196
1377 0.991112
1378 0.99102
1379 0.991136
1380 0.99108
1381 0.991004
1382 0.991118
1383 0.991066
1384 0.991063
1385 0.991134
1386 0.991226
1387 0.991062
1388 0.9911
1389 0.991127
1390 0.991188
1391 0.991135
1392 0.991147
1393 0.991067
1394 0.991146
1395 0.99112
1396 0.991101
1397 0.99105
1398 0.990931
1399 0.991062
1400 0.99115
1401 0.991101
1402 0.991151
1403 0.99098
1404 0.991049
1405 0.991054
1406 0.991105
1407 0.99107
1408 0.991168
1409 0.991058
1410 0.991167
1411 0.991075
1412 0.990932
1413 0.991173
1414 0.991144
1415 0.991074
1416 0.991057
1417 0.991094
1418 0.991132
1419 0.991105
1420 0.990994
1421 0.991147
1422 0.991097
1423 0.991041
1424 0.991182
1425 0.991041
1426 0.991015
1427 0.991046
1428 0.991068
1429 0.991091
1430 0.991116
1431 0.991102
1432 0.991017
1433 0.991127
1434 0.991115
1435 0.991001
1436 0.991195
1437 0.990924
1438 0.991136
1439 0.991222
1440 0.991186
1441 0.991103
1442 0.991266
1443 0.991219
1444 0.991083
1445 0.991131
1446 0.99108
1447 0.9912
1448 0.991122
1449 0.991156
1450 0.991033
1451 0.990962
1452 0.991106
1453 0.991034
1454 0.991053
1455 0.991108
1456 0.99101
1457 0.991091
1458 0.991044
1459 0.991107
1460 0.991081
1461 0.991066
1462 0.991037
1463 0.991211
1464 0.991058
1465 0.991062
1466 0.991246
1467 0.991016
1468 0.991191
1469 0.991189
1470 0.990966
1471 0.991164
1472 0.991106
1473 0.991235
1474 0.99107
1475 0.991049
1476 0.991064
1477 0.991145
1478 0.991189
1479 0.991144
1480 0.991016
1481 0.99104
1482 0.991139
1483 0.991056
1484 0.991197
1485 0.991104
1486 0.991115
1487 0.991162
1488 0.99106
1489 0.99124
1490 0.991042
1491 0.99102
1492 0.991069
1493 0.990982
1494 0.990992
1495 0.991146
1496 0.991169
1497 0.991109
1498 0.991095
1499 0.991097
1500 0.991173
1501 0.991232
1502 0.991108
1503 0.991212
1504 0.991078
1505 0.991077
1506 0.991122
1507 0.991148
1508 0.991131
1509 0.99119
1510 0.991155
1511 0.991236
1512 0.991266
1513 0.9911
1514 0.991204
1515 0.991151
1516 0.991048
1517 0.991122
1518 0.991199
1519 0.991199
1520 0.991128
1521 0.991025
1522 0.991248
1523 0.991037
1524 0.991132
1525 0.991144
1526 0.991003
1527 0.991208
1528 0.991075
1529 0.991189
1530 0.991019
1531 0.991258
1532 0.991129
1533 0.991012
1534 0.991005
1535 0.991175
1536 0.991183
1537 0.991215
1538 0.99105
1539 0.991184
1540 0.99123
1541 0.991149
1542 0.99112
1543 0.991065
1544 0.99116
1545 0.991187
1546 0.991249
1547 0.991115
1548 0.991091
1549 0.991127
1550 0.99127
1551 0.991343
1552 0.991216
1553 0.99115
1554 0.991202
1555 0.991102
1556 0.991261
1557 0.991233
1558 0.991078
1559 0.991202
1560 0.991103
1561 0.991244
1562 0.991281
1563 0.991215
1564 0.991169
1565 0.991239
1566 0.991209
1567 0.991211
1568 0.991272
1569 0.991234
1570 0.991116
1571 0.991272
1572 0.991119
1573 0.991116
1574 0.99123
1575 0.991218
1576 0.991245
1577 0.991205
1578 0.991181
1579 0.991293
1580 0.991312
1581 0.991221
1582 0.991218
1583 0.991428
1584 0.991171
1585 0.991201
1586 0.991204
1587 0.991116
1588 0.991217
1589 0.991207
1590 0.991328
1591 0.991326
1592 0.991397
1593 0.991357
1594 0.99129
1595 0.99124
1596 0.991268
1597 0.991211
1598 0.991301
1599 0.991274
1600 0.99142
1601 0.991417
1602 0.99139
1603 0.991304
1604 0.991341
1605 0.991151
1606 0.991329
1607 0.991257
1608 0.991342
1609 0.991255
1610 0.991307
1611 0.991372
1612 0.991409
1613 0.99141
1614 0.991358
1615 0.991272
1616 0.991407
1617 0.991307
1618 0.991296
1619 0.991192
1620 0.991195
1621 0.991354
1622 0.991391
1623 0.991348
1624 0.991214
1625 0.991245
1626 0.991396
1627 0.991288
1628 0.99127
1629 0.991303
1630 0.991263
1631 0.991299
1632 0.991343
1633 0.991409
1634 0.991174
1635 0.991158
1636 0.991406
1637 0.991279
1638 0.991258
1639 0.991414
1640 0.991214
1641 0.991332
1642 0.991287
1643 0.991444
1644 0.99135
1645 0.99136
1646 0.991474
1647 0.991389
1648 0.99145
1649 0.991399
1650 0.991241
1651 0.991404
1652 0.991444
1653 0.991394
1654 0.991445
1655 0.991369
1656 0.991364
1657 0.99157
1658 0.991396
1659 0.991425
1660 0.991517
1661 0.991441
1662 0.991518
1663 0.991372
1664 0.991405
1665 0.99137
1666 0.99145
1667 0.99151
1668 0.991378
1669 0.991486
1670 0.991328
1671 0.991284
1672 0.991417
1673 0.991331
1674 0.99149
1675 0.991332
1676 0.991368
1677 0.991389
1678 0.991452
1679 0.991404
1680 0.991348
1681 0.991383
1682 0.991472
1683 0.991402
1684 0.991467
1685 0.991339
1686 0.991486
1687 0.991435
1688 0.99143
1689 0.991528
1690 0.991411
1691 0.9913
1692 0.991326
1693 0.991557
1694 0.991445
1695 0.991439
1696 0.991398
1697 0.991476
1698 0.991395
1699 0.991538
1700 0.991381
1701 0.99134
1702 0.991516
1703 0.991384
1704 0.991534
1705 0.991582
1706 0.991514
1707 0.991432
1708 0.9915
1709 0.991563
1710 0.991477
1711 0.991579
1712 0.991604
1713 0.991476
1714 0.991539
1715 0.991519
1716 0.991437
1717 0.991474
1718 0.991438
1719 0.991466
1720 0.991564
1721 0.991577
1722 0.991476
1723 0.991539
1724 0.991572
1725 0.991427
1726 0.991505
1727 0.991467
1728 0.991394
1729 0.991604
1730 0.991533
1731 0.991635
1732 0.991543
1733 0.991424
1734 0.991612
1735 0.991532
1736 0.99151
1737 0.991478
1738 0.991626
1739 0.991374
1740 0.991529
1741 0.991602
1742 0.991507
1743 0.991688
1744 0.991542
1745 0.991644
1746 0.991485
1747 0.991727
1748 0.991534
1749 0.991433
1750 0.991422
1751 0.99172
1752 0.991707
1753 0.99154
1754 0.991459
1755 0.99167
1756 0.991426
1757 0.991598
1758 0.991576
1759 0.99158
1760 0.991666
1761 0.991655
1762 0.991687
1763 0.99177
1764 0.991684
1765 0.991652
1766 0.991572
1767 0.991615
1768 0.991656
1769 0.991752
1770 0.991588
1771 0.991647
1772 0.991478
1773 0.991618
1774 0.991606
1775 0.991719
1776 0.991575
1777 0.991624
1778 0.991756
1779 0.99152
1780 0.991714
1781 0.991668
1782 0.99166
1783 0.991669
1784 0.991633
1785 0.991753
1786 0.991638
1787 0.991583
1788 0.991733
1789 0.991588
1790 0.99161
1791 0.991749
1792 0.991667
1793 0.991693
1794 0.991714
1795 0.991654
1796 0.991602
1797 0.991724
1798 0.991691
1799 0.991699
1800 0.99158
1801 0.99169
1802 0.991734
1803 0.99176
1804 0.991592
1805 0.991837
1806 0.991687
1807 0.991817
1808 0.991667
1809 0.991644
1810 0.991769
1811 0.991755
1812 0.991668
1813 0.991728
1814 0.991677
1815 0.991836
1816 0.991783
1817 0.991656
1818 0.991674
1819 0.991734
1820 0.99183
1821 0.991765
1822 0.99177
1823 0.991673
1824 0.991707
1825 0.991828
1826 0.991716
1827 0.991813
1828 0.991742
1829 0.991676
1830 0.991746
1831 0.99193
1832 0.991877
1833 0.991722
1834 0.991872
1835 0.99189
1836 0.991754
1837 0.991807
1838 0.991906
1839 0.991832
1840 0.991723
1841 0.991697
1842 0.991749
1843 0.991841
1844 0.991737
1845 0.991858
1846 0.991869
1847 0.991771
1848 0.99174
1849 0.991726
1850 0.991787
1851 0.991795
1852 0.991781
1853 0.991849
1854 0.991745
1855 0.991824
1856 0.991771
1857 0.991889
1858 0.991868
1859 0.991922
1860 0.991765
1861 0.991922
1862 0.991835
1863 0.99186
1864 0.991903
1865 0.991897
1866 0.991979
1867 0.991774
1868 0.991813
1869 0.991827
1870 0.991735
1871 0.991862
1872 0.991765
1873 0.99186
1874 0.991903
1875 0.991764
1876 0.991847
1877 0.991873
1878 0.991818
1879 0.99192
1880 0.991883
1881 0.991814
1882 0.9918
1883 0.991832
1884 0.9919
1885 0.991911
1886 0.99184
1887 0.991858
1888 0.99188
1889 0.991918
1890 0.991793
1891 0.991772
1892 0.99199
1893 0.99184
1894 0.991875
1895 0.991998
1896 0.991813
1897 0.991874
1898 0.991916
1899 0.991786
1900 0.991959
1901 0.991842
1902 0.99194
1903 0.991904
1904 0.991929
1905 0.991887
1906 0.991817
1907 0.991892
1908 0.99192
1909 0.991997
1910 0.992035
1911 0.991858
1912 0.99195
1913 0.991867
1914 0.991839
1915 0.991877
1916 0.99195
1917 0.991906
1918 0.992001
1919 0.991793
1920 0.992014
1921 0.99189
1922 0.991993
1923 0.991949
1924 0.991986
1925 0.991962
1926 0.991986
1927 0.991945
1928 0.991941
1929 0.991995
1930 0.991969
1931 0.992011
1932 0.991941
1933 0.991924
1934 0.992043
1935 0.992022
1936 0.991989
1937 0.991922
1938 0.991886
1939 0.991936
1940 0.991926
1941 0.991872
1942 0.991906
1943 0.991975
1944 0.991909
1945 0.992003
1946 0.991973
1947 0.991998
1948 0.991941
1949 0.99195
1950 0.991911
1951 0.992103
1952 0.992043
1953 0.992024
1954 0.991979
1955 0.991968
1956 0.992054
1957 0.992033
1958 0.992002
1959 0.991981
1960 0.991935
1961 0.991969
1962 0.992099
1963 0.991964
1964 0.991939
1965 0.992091
1966 0.991972
1967 0.992079
1968 0.991984
1969 0.991906
1970 0.991896
1971 0.992121
1972 0.992048
1973 0.992035
1974 0.992075
1975 0.991952
1976 0.991979
1977 0.992051
1978 0.992015
1979 0.992084
1980 0.99196
1981 0.992155
1982 0.991993
1983 0.992092
1984 0.992087
1985 0.992045
1986 0.99189
1987 0.99217
1988 0.992005
1989 0.992043
1990 0.991996
1991 0.99215
1992 0.991995
1993 0.992052
1994 0.991992
1995 0.992076
1996 0.992007
1997 0.992014
1998 0.99208
1999 0.99196
2000 0.992121
2001 0.992053
2002 0.991912
2003 0.992087
2004 0.991972
2005 0.992164
2006 0.992112
2007 0.991996
2008 0.992031
2009 0.991948
2010 0.99198
2011 0.991993
2012 0.992097
2013 0.992028
2014 0.99206
2015 0.992036
2016 0.992136
2017 0.992034
2018 0.992059
2019 0.992049
2020 0.992008
2021 0.992064
2022 0.992015
2023 0.992074
2024 0.992172
2025 0.992034
2026 0.992132
2027 0.991992
2028 0.992104
2029 0.992052
2030 0.992117
2031 0.99204
2032 0.992064
2033 0.99206
2034 0.992174
2035 0.992
2036 0.992133
2037 0.992056
2038 0.99211
2039 0.991984
2040 0.992027
2041 0.992034
2042 0.99212
2043 0.992062
2044 0.992087
2045 0.992081
2046 0.99218
2047 0.992062
2048 0.992156
2049 0.992042
2050 0.992001
2051 0.992122
2052 0.992165
2053 0.992063
2054 0.992159
2055 0.992053
2056 0.992088
2057 0.992069
2058 0.992076
2059 0.992115
2060 0.992109
2061 0.99207
2062 0.9921
2063 0.992058
2064 0.992091
2065 0.99198
2066 0.992021
2067 0.992008
2068 0.992014
2069 0.992094
2070 0.992094
2071 0.992049
2072 0.9921
2073 0.991957
2074 0.992147
2075 0.992086
2076 0.992071
2077 0.992188
2078 0.992144
2079 0.992077
2080 0.992188
2081 0.992102
2082 0.99207
2083 0.992087
2084 0.992128
2085 0.992052
2086 0.99217
2087 0.992156
2088 0.992131
2089 0.992132
2090 0.992109
2091 0.992051
2092 0.992046
2093 0.992121
2094 0.992125
2095 0.992093
2096 0.992101
2097 0.992051
2098 0.992186
2099 0.992069
2100 0.99213
2101 0.992067
2102 0.992014
2103 0.992079
2104 0.992157
2105 0.992124
2106 0.992181
2107 0.992086
2108 0.992084
2109 0.992091
2110 0.992204
2111 0.992075
2112 0.992199
2113 0.992116
2114 0.99206
2115 0.99199
2116 0.992125
2117 0.992074
2118 0.992046
2119 0.992094
2120 0.992094
2121 0.991951
2122 0.992115
2123 0.992121
2124 0.992232
2125 0.992047
2126 0.991936
2127 0.992056
2128 0.992233
2129 0.992042
2130 0.992192
2131 0.991964
2132 0.992149
2133 0.992114
2134 0.992079
2135 0.992021
2136 0.99221
2137 0.992089
2138 0.992113
2139 0.9921
2140 0.99216
2141 0.992107
2142 0.99219
2143 0.992016
2144 0.992146
2145 0.992084
2146 0.992116
2147 0.992077
2148 0.992116
2149 0.992084
2150 0.992162
2151 0.992153
2152 0.992081
2153 0.992171
2154 0.992077
2155 0.992164
2156 0.992128
2157 0.992121
2158 0.992085
2159 0.992051
2160 0.992057
2161 0.992222
2162 0.99209
2163 0.992083
2164 0.992136
2165 0.992074
2166 0.992162
2167 0.992079
2168 0.992178
2169 0.992088
2170 0.992065
2171 0.992077
2172 0.992116
2173 0.992124
2174 0.992073
2175 0.992062
2176 0.992256
2177 0.992113
2178 0.992182
2179 0.992134
2180 0.992271
2181 0.992126
2182 0.99201
2183 0.992113
2184 0.992096
2185 0.992157
2186 0.992034
2187 0.992104
2188 0.992054
2189 0.992041
2190 0.992174
2191 0.992211
2192 0.992119
2193 0.992178
2194 0.992137
2195 0.992099
2196 0.992094
2197 0.992136
2198 0.992191
2199 0.992095
2200 0.992149
2201 0.992095
2202 0.992147
2203 0.992199
2204 0.99212
2205 0.992119
2206 0.99209
2207 0.992034
2208 0.992065
2209 0.992102
2210 0.992148
2211 0.992094
2212 0.992094
2213 0.992097
2214 0.992013
2215 0.992122
2216 0.992102
2217 0.992136
2218 0.992097
2219 0.992062
2220 0.992093
2221 0.992034
2222 0.99214
2223 0.992131
2224 0.992182
2225 0.992174
2226 0.991989
2227 0.992108
2228 0.992086
2229 0.992154
2230 0.992052
2231 0.992133
2232 0.992015
2233 0.992093
2234 0.992082
2235 0.991985
2236 0.992098
2237 0.992126
2238 0.992104
2239 0.991992
2240 0.992037
2241 0.992084
2242 0.992154
2243 0.991993
2244 0.992115
2245 0.992138
2246 0.992084
2247 0.992062
2248 0.992004
2249 0.992097
2250 0.992091
2251 0.992061
2252 0.992165
2253 0.992052
2254 0.992073
2255 0.992125
2256 0.992061
2257 0.99212
2258 0.992126
2259 0.992038
2260 0.992106
2261 0.992145
2262 0.992145
2263 0.992081
2264 0.992117
2265 0.992141
2266 0.99219
2267 0.992001
2268 0.99209
2269 0.992068
2270 0.99209
2271 0.992109
2272 0.992156
2273 0.992073
2274 0.992082
2275 0.992147
2276 0.992147
2277 0.992033
2278 0.992082
2279 0.992178
2280 0.99211
2281 0.99202
2282 0.992103
2283 0.992118
2284 0.992096
2285 0.992105
2286 0.992143
2287 0.99206
2288 0.992142
2289 0.992165
2290 0.992079
2291 0.992051
2292 0.991976
2293 0.992068
2294 0.992047
2295 0.992153
2296 0.991947
2297 0.9921
2298 0.992
2299 0.992017
2300 0.992119
2301 0.992195
2302 0.992162
2303 0.992045
2304 0.992043
2305 0.992179
2306 0.991977
2307 0.9921
2308 0.992054
2309 0.99209
2310 0.992065
2311 0.992135
2312 0.992002
2313 0.99214
2314 0.99205
2315 0.992108
2316 0.99208
2317 0.992115
2318 0.99212
2319 0.992079
2320 0.992082
2321 0.992103
2322 0.992117
2323 0.991995
2324 0.992092
2325 0.992127
2326 0.992123
2327 0.992098
2328 0.992143
2329 0.992055
2330 0.992058
2331 0.992051
2332 0.992109
2333 0.99203
2334 0.99206
2335 0.992125
2336 0.992073
2337 0.992081
2338 0.992047
2339 0.992111
2340 0.992102
2341 0.992124
2342 0.992022
2343 0.992119
2344 0.99203
2345 0.992085
2346 0.992072
2347 0.992149
2348 0.991994
2349 0.992071
2350 0.992111
2351 0.992161
2352 0.992096
2353 0.992154
2354 0.992009
2355 0.991989
2356 0.992005
2357 0.992021
2358 0.992057
2359 0.991998
2360 0.991991
2361 0.992107
2362 0.992079
2363 0.992019
2364 0.992032
2365 0.992045
2366 0.992038
2367 0.99207
2368 0.992027
2369 0.992009
2370 0.992028
2371 0.992022
2372 0.991999
2373 0.992046
2374 0.992146
2375 0.992117
2376 0.992029
2377 0.992039
2378 0.992008
2379 0.99203
2380 0.992019
2381 0.992065
2382 0.992097
2383 0.991924
2384 0.991948
2385 0.9921
2386 0.99206
2387 0.991982
2388 0.992048
2389 0.992102
2390 0.991987
2391 0.991987
2392 0.992078
2393 0.992081
2394 0.991967
2395 0.991993
2396 0.992024
2397 0.992046
2398 0.992079
2399 0.992005
2400 0.992048
2401 0.992057
2402 0.992064
2403 0.992009
2404 0.992015
2405 0.992068
2406 0.992068
2407 0.992106
2408 0.99206
2409 0.992004
2410 0.992048
2411 0.992117
2412 0.991967
2413 0.991951
2414 0.992004
2415 0.992107
2416 0.991988
2417 0.991949
2418 0.991881
2419 0.992026
2420 0.991936
2421 0.992037
2422 0.99206
2423 0.99199
2424 0.992034
2425 0.99203
2426 0.992095
2427 0.99204
2428 0.991984
2429 0.991978
2430 0.99202
2431 0.992014
2432 0.991951
2433 0.992024
2434 0.991977
2435 0.991972
2436 0.992009
2437 0.991911
2438 0.992001
2439 0.991996
2440 0.992073
2441 0.992025
2442 0.991916
2443 0.991982
2444 0.991964
2445 0.99197
2446 0.99204
2447 0.991971
2448 0.991948
2449 0.992012
2450 0.992053
2451 0.992046
2452 0.992033
2453 0.992009
2454 0.991993
2455 0.992014
2456 0.992027
2457 0.991942
2458 0.992052
2459 0.992034
2460 0.991972
2461 0.992031
2462 0.991936
2463 0.991993
2464 0.991949
2465 0.991966
2466 0.992067
2467 0.992015
2468 0.991976
2469 0.99194
2470 0.99196
2471 0.991962
2472 0.991985
2473 0.991976
2474 0.991949
2475 0.992001
2476 0.992012
2477 0.992039
2478 0.991943
2479 0.991961
2480 0.991979
2481 0.992035
2482 0.992023
2483 0.992005
2484 0.991992
2485 0.991968
2486 0.992038
2487 0.992126
2488 0.991995
2489 0.991975
2490 0.992016
2491 0.992056
2492 0.991974
2493 0.991992
2494 0.991928
2495 0.991958
2496 0.991954
2497 0.991928
2498 0.991981
2499 0.991973
2500 0.991948
2501 0.991929
2502 0.99196
2503 0.991898
2504 0.99197
2505 0.992013
2506 0.992005
2507 0.992027
2508 0.991962
2509 0.991965
2510 0.991946
2511 0.992005
2512 0.991941
2513 0.991985
2514 0.991942
2515 0.991931
2516 0.991977
2517 0.992
2518 0.992009
2519 0.991887
2520 0.99194
2521 0.991939
2522 0.991974
2523 0.99198
2524 0.991969
2525 0.99182
2526 0.992007
2527 0.992015
2528 0.99204
2529 0.992005
2530 0.992005
2531 0.99199
2532 0.991948
2533 0.991958
2534 0.991894
2535 0.991925
2536 0.991929
2537 0.991958
2538 0.991902
2539 0.991947
2540 0.99206
2541 0.991979
2542 0.991965
2543 0.991915
2544 0.991934
2545 0.991936
2546 0.991925
2547 0.991935
2548 0.991992
2549 0.992077
2550 0.99192
2551 0.992001
2552 0.991908
2553 0.991983
2554 0.991925
2555 0.992011
2556 0.99191
2557 0.991908
2558 0.991905
2559 0.991955
2560 0.991992
2561 0.991904
2562 0.991919
2563 0.991908
2564 0.991923
2565 0.991986
2566 0.991938
2567 0.991893
2568 0.991931
2569 0.991976
2570 0.991951
2571 0.99198
2572 0.992021
2573 0.991927
2574 0.991917
2575 0.991862
2576 0.991879
2577 0.991945
2578 0.991939
2579 0.991891
2580 0.991961
2581 0.991871
2582 0.991975
2583 0.992011
2584 0.992019
2585 0.99193
2586 0.991934
2587 0.991883
2588 0.991917
2589 0.99189
2590 0.991939
2591 0.991856
2592 0.991913
2593 0.99192
2594 0.991859
2595 0.991912
2596 0.991874
2597 0.991989
2598 0.991884
2599 0.991826
2600 0.991952
2601 0.991868
2602 0.99186
2603 0.991977
2604 0.991943
2605 0.991951
2606 0.991911
2607 0.991897
2608 0.992053
2609 0.991897
2610 0.991966
2611 0.99194
2612 0.991932
2613 0.991927
2614 0.99189
2615 0.991882
2616 0.99186
2617 0.991872
2618 0.991879
2619 0.991818
2620 0.991887
2621 0.99197
2622 0.991911
2623 0.991992
2624 0.991922
2625 0.991961
2626 0.991911
2627 0.991902
2628 0.991856
2629 0.991889
2630 0.991898
2631 0.992003
2632 0.991847
2633 0.991974
2634 0.991981
2635 0.991877
2636 0.991907
2637 0.991924
2638 0.991887
2639 0.991873
2640 0.991864
2641 0.991964
2642 0.991838
2643 0.991796
2644 0.99195
2645 0.991828
2646 0.991901
2647 0.991915
2648 0.991935
2649 0.991936
2650 0.991833
2651 0.991918
2652 0.991916
2653 0.991939
2654 0.991885
2655 0.992009
2656 0.991867
2657 0.991902
2658 0.991806
2659 0.991749
2660 0.991917
2661 0.991853
2662 0.991893
2663 0.991831
2664 0.991841
2665 0.991987
2666 0.99184
2667 0.991842
2668 0.991968
2669 0.991862
2670 0.991895
2671 0.991826
2672 0.991901
2673 0.991776
2674 0.99187
2675 0.991846
2676 0.991784
2677 0.991874
2678 0.991922
2679 0.991914
2680 0.991884
2681 0.991794
2682 0.991861
2683 0.991866
2684 0.991885
2685 0.991874
2686 0.991922
2687 0.991919
2688 0.991815
2689 0.991907
2690 0.991854
2691 0.991912
2692 0.991888
2693 0.991996
2694 0.991834
2695 0.991847
2696 0.991824
2697 0.991898
2698 0.991912
2699 0.991927
2700 0.991862
2701 0.99192
2702 0.99189
2703 0.991988
2704 0.991956
2705 0.991865
2706 0.991893
2707 0.991904
2708 0.99184
2709 0.991981
2710 0.991867
2711 0.991764
2712 0.991781
2713 0.99181
2714 0.991872
2715 0.991814
2716 0.99184
2717 0.991851
2718 0.991786
2719 0.991892
2720 0.991844
2721 0.991855
2722 0.991888
2723 0.991809
2724 0.991805
2725 0.991785
2726 0.991908
2727 0.991843
2728 0.991786
2729 0.991838
2730 0.991792
2731 0.991815
2732 0.991936
2733 0.991874
2734 0.991885
2735 0.991832
2736 0.991809
2737 0.99183
2738 0.991837
2739 0.991874
2740 0.991888
2741 0.991835
2742 0.991817
2743 0.991846
2744 0.991904
2745 0.991826
2746 0.99179
2747 0.991962
2748 0.991877
2749 0.99193
2750 0.991888
2751 0.99189
2752 0.991866
2753 0.991928
2754 0.991916
2755 0.991828
2756 0.991846
2757 0.991849
2758 0.991818
2759 0.991876
2760 0.991887
2761 0.991971
2762 0.991919
2763 0.992011
2764 0.991896
2765 0.991885
2766 0.991894
2767 0.99182
2768 0.991853
2769 0.991866
2770 0.991884
2771 0.99185
2772 0.991896
2773 0.991908
2774 0.991868
2775 0.991963
2776 0.991887
2777 0.991866
2778 0.991815
2779 0.991971
2780 0.991934
2781 0.991801
2782 0.991874
2783 0.991922
2784 0.991897
2785 0.991857
2786 0.991906
2787 0.991881
2788 0.991914
2789 0.991845
2790 0.991943
2791 0.991834
2792 0.991873
2793 0.991906
2794 0.991877
2795 0.991906
2796 0.991899
2797 0.991942
2798 0.991969
2799 0.991916
2800 0.991859
2801 0.991852
2802 0.991877
2803 0.991916
2804 0.991886
2805 0.991923
2806 0.991858
2807 0.991866
2808 0.991901
2809 0.99185
2810 0.991911
2811 0.991877
2812 0.991817
2813 0.991855
2814 0.991816
2815 0.991803
2816 0.991916
2817 0.991849
2818 0.991829
2819 0.991934
2820 0.991852
2821 0.991952
2822 0.991908
2823 0.991929
2824 0.991901
2825 0.991892
2826 0.991843
2827 0.991877
2828 0.991796
2829 0.991833
2830 0.991908
2831 0.991876
2832 0.991857
2833 0.991826
2834 0.99193
2835 0.991881
2836 0.991922
2837 0.991775
2838 0.991814
2839 0.99182
2840 0.991902
2841 0.991941
2842 0.991883
2843 0.991862
2844 0.991825
2845 0.991841
2846 0.991883
2847 0.991848
2848 0.991957
2849 0.991856
2850 0.991847
2851 0.991746
2852 0.991875
2853 0.991904
2854 0.991936
2855 0.991882
2856 0.991921
2857 0.991798
2858 0.991885
2859 0.991846
2860 0.991899
2861 0.991809
2862 0.991851
2863 0.99181
2864 0.991836
2865 0.991807
2866 0.991773
2867 0.9918
2868 0.991827
2869 0.991926
2870 0.991913
2871 0.991856
2872 0.991841
2873 0.991847
2874 0.991855
2875 0.991833
2876 0.991852
2877 0.991808
2878 0.991798
2879 0.991872
2880 0.991864
2881 0.991833
2882 0.991803
2883 0.99188
2884 0.991733
2885 0.991867
2886 0.991897
2887 0.991866
2888 0.991854
2889 0.991705
2890 0.991866
2891 0.991889
2892 0.991913
2893 0.991855
2894 0.991901
2895 0.991906
2896 0.991914
2897 0.991802
2898 0.991803
2899 0.991835
2900 0.991838
2901 0.991935
2902 0.991871
2903 0.99186
2904 0.991806
2905 0.991936
2906 0.991866
2907 0.991831
2908 0.99188
2909 0.991889
2910 0.991837
2911 0.99182
2912 0.991843
2913 0.991838
2914 0.991875
2915 0.991829
2916 0.991863
2917 0.991822
2918 0.991869
2919 0.991867
2920 0.991898
2921 0.99191
2922 0.99183
2923 0.991793
2924 0.991802
2925 0.991934
2926 0.991911
2927 0.991856
2928 0.991775
2929 0.991836
2930 0.991862
2931 0.991882
2932 0.991801
2933 0.991924
2934 0.991837
2935 0.991922
2936 0.991838
2937 0.99187
2938 0.991883
2939 0.991969
2940 0.99184
2941 0.99184
2942 0.991858
2943 0.991868
2944 0.991847
2945 0.991852
2946 0.991868
2947 0.991804
2948 0.991858
2949 0.991888
2950 0.991884
2951 0.991866
2952 0.991977
2953 0.99184
2954 0.991823
2955 0.991911
2956 0.991919
2957 0.991749
2958 0.991801
2959 0.991916
2960 0.991851
2961 0.991894
2962 0.991869
2963 0.991874
2964 0.991882
2965 0.991884
2966 0.992035
2967 0.99191
2968 0.991869
2969 0.991829
2970 0.991927
2971 0.991877
2972 0.991957
2973 0.991953
2974 0.991811
2975 0.991939
2976 0.991771
2977 0.991923
2978 0.991905
2979 0.991884
2980 0.991885
2981 0.991925
2982 0.991946
2983 0.991826
2984 0.991921
2985 0.991915
2986 0.99195
2987 0.99197
2988 0.991889
2989 0.991936
2990 0.991834
2991 0.991894
2992 0.991826
2993 0.991958
2994 0.99196
2995 0.991917
2996 0.99181
2997 0.991848
2998 0.991891
2999 0.991853
3000 0.991951
3001 0.991868
3002 0.991874
3003 0.991798
3004 0.991883
3005 0.991843
3006 0.991943
3007 0.991915
3008 0.991898
3009 0.991859
3010 0.991884
3011 0.99195
3012 0.991895
3013 0.991922
3014 0.99192
3015 0.991936
3016 0.991988
3017 0.991891
3018 0.99188
3019 0.99181
3020 0.991947
3021 0.991891
3022 0.991941
3023 0.991894
3024 0.991888
3025 0.991887
3026 0.991867
3027 0.991922
3028 0.99178
3029 0.991972
3030 0.99197
3031 0.991937
3032 0.991902
3033 0.991892
3034 0.991966
3035 0.991902
3036 0.991973
3037 0.99197
3038 0.991901
3039 0.992014
3040 0.991897
3041 0.991905
3042 0.991908
3043 0.991976
3044 0.991899
3045 0.991939
3046 0.991965
3047 0.991916
3048 0.991884
3049 0.991858
3050 0.991945
3051 0.991936
3052 0.99196
3053 0.9919
3054 0.991895
3055 0.99188
3056 0.991945
3057 0.991927
3058 0.991989
3059 0.991977
3060 0.991899
3061 0.991966
3062 0.991907
3063 0.991958
3064 0.991876
3065 0.991833
3066 0.991971
3067 0.991904
3068 0.991872
3069 0.991893
3070 0.991984
3071 0.991861
3072 0.992022
3073 0.99202
3074 0.991947
3075 0.991931
3076 0.991971
3077 0.991872
3078 0.992006
3079 0.991882
3080 0.991952
3081 0.99193
3082 0.991787
3083 0.991889
3084 0.991885
3085 0.991947
3086 0.991932
3087 0.991905
3088 0.991977
3089 0.99197
3090 0.992066
3091 0.991955
3092 0.991955
3093 0.991866
3094 0.991884
3095 0.991949
3096 0.991943
3097 0.991896
3098 0.991846
3099 0.99192
3100 0.991944
3101 0.991923
3102 0.991881
3103 0.991892
3104 0.991841
3105 0.992015
3106 0.991968
3107 0.991852
3108 0.991882
3109 0.99198
3110 0.991992
3111 0.992008
3112 0.992064
3113 0.991934
3114 0.992022
3115 0.991947
3116 0.991991
3117 0.991912
3118 0.992
3119 0.991974
3120 0.991987
3121 0.991932
3122 0.991887
3123 0.991774
3124 0.992087
3125 0.991923
3126 0.992041
3127 0.991905
3128 0.992038
3129 0.991941
3130 0.991934
3131 0.991837
3132 0.991998
3133 0.992024
3134 0.992019
3135 0.992022
3136 0.991946
3137 0.99196
3138 0.991905
3139 0.991907
3140 0.992034
3141 0.991954
3142 0.991874
3143 0.991931
3144 0.991932
3145 0.991974
3146 0.991952
3147 0.991912
3148 0.991972
3149 0.991889
3150 0.991949
3151 0.991937
3152 0.992039
3153 0.991945
3154 0.99195
3155 0.991995
3156 0.992008
3157 0.992031
3158 0.992018
3159 0.991972
3160 0.992083
3161 0.992
3162 0.991913
3163 0.991984
3164 0.991899
3165 0.991987
3166 0.991987
3167 0.992056
3168 0.991974
3169 0.991961
3170 0.992107
3171 0.991998
3172 0.991999
3173 0.992008
3174 0.991961
3175 0.991997
3176 0.991943
3177 0.99198
3178 0.991918
3179 0.991961
3180 0.992043
3181 0.991976
3182 0.991994
3183 0.991929
3184 0.99204
3185 0.992029
3186 0.992019
3187 0.992003
3188 0.992055
3189 0.992014
3190 0.991989
3191 0.991968
3192 0.99191
3193 0.992022
3194 0.992052
3195 0.991976
3196 0.992005
3197 0.991996
3198 0.991904
3199 0.991967
3200 0.992044
3201 0.992015
3202 0.992072
3203 0.991919
3204 0.991855
3205 0.992041
3206 0.992036
3207 0.992046
3208 0.991976
3209 0.992014
3210 0.991984
3211 0.992056
3212 0.992025
3213 0.992113
3214 0.99202
3215 0.991941
3216 0.992046
3217 0.991968
3218 0.991988
3219 0.992024
3220 0.991963
3221 0.992005
3222 0.992043
3223 0.992059
3224 0.992024
3225 0.992069
3226 0.992047
3227 0.991956
3228 0.992047
3229 0.992036
3230 0.992021
3231 0.992042
3232 0.991991
3233 0.992075
3234 0.992107
3235 0.991901
3236 0.991996
3237 0.992049
3238 0.992063
3239 0.992104
3240 0.992061
3241 0.992005
3242 0.992206
3243 0.992074
3244 0.992065
3245 0.992068
3246 0.992112
3247 0.992015
3248 0.99209
3249 0.992027
3250 0.992091
3251 0.992009
3252 0.992059
3253 0.992045
3254 0.992091
3255 0.992108
3256 0.99212
3257 0.992107
3258 0.99208
3259 0.992045
3260 0.992084
3261 0.992064
3262 0.992014
3263 0.992037
3264 0.992102
3265 0.992147
3266 0.99214
3267 0.992066
3268 0.99214
3269 0.992108
3270 0.991993
3271 0.992069
3272 0.992029
3273 0.992051
3274 0.992199
3275 0.992075
3276 0.992083
3277 0.992118
3278 0.99211
3279 0.992087
3280 0.992181
3281 0.992054
3282 0.992092
3283 0.992027
3284 0.992113
3285 0.992101
3286 0.992158
3287 0.992142
3288 0.992052
3289 0.991987
3290 0.992109
3291 0.992024
3292 0.992069
3293 0.992106
3294 0.992118
3295 0.992149
3296 0.992092
3297 0.992082
3298 0.992065
3299 0.992155
3300 0.992113
3301 0.992155
3302 0.992072
3303 0.992038
3304 0.992138
3305 0.992004
3306 0.992105
3307 0.992077
3308 0.992043
3309 0.991974
3310 0.992129
3311 0.992156
3312 0.99216
3313 0.992054
3314 0.992042
3315 0.992151
3316 0.992094
3317 0.992025
3318 0.992103
3319 0.992123
3320 0.992055
3321 0.992136
3322 0.992155
3323 0.992146
3324 0.992081
3325 0.992135
3326 0.992094
3327 0.992161
3328 0.992108
3329 0.99219
3330 0.992119
3331 0.992161
3332 0.992142
3333 0.992116
3334 0.992152
3335 0.9921
3336 0.992148
3337 0.992143
3338 0.992158
3339 0.992069
3340 0.99215
3341 0.992092
3342 0.992136
3343 0.992194
3344 0.992104
3345 0.992024
3346 0.992076
3347 0.992127
3348 0.992064
3349 0.992115
3350 0.992217
3351 0.99212
3352 0.992061
3353 0.992165
3354 0.992135
3355 0.992178
3356 0.992126
3357 0.992108
3358 0.992161
3359 0.992221
3360 0.992086
3361 0.992211
3362 0.992097
3363 0.992103
3364 0.992088
3365 0.99221
3366 0.992123
3367 0.99224
3368 0.992124
3369 0.992181
3370 0.992192
3371 0.992311
3372 0.992171
3373 0.992256
3374 0.992133
3375 0.992117
3376 0.992151
3377 0.992106
3378 0.992219
3379 0.99216
3380 0.992128
3381 0.992172
3382 0.992169
3383 0.992091
3384 0.992217
3385 0.992191
3386 0.992229
3387 0.992163
3388 0.992139
3389 0.992202
3390 0.99225
3391 0.99215
3392 0.992253
3393 0.992212
3394 0.992107
3395 0.992178
3396 0.992166
3397 0.99214
3398 0.992198
3399 0.992234
3400 0.992197
3401 0.992231
3402 0.992227
3403 0.992241
3404 0.992122
3405 0.992264
3406 0.992264
3407 0.992257
3408 0.992254
3409 0.992158
3410 0.992263
3411 0.992128
3412 0.992192
3413 0.992169
3414 0.99211
3415 0.992268
3416 0.992256
3417 0.992248
3418 0.99216
3419 0.992239
3420 0.992227
3421 0.992197
3422 0.992227
3423 0.992252
3424 0.992215
3425 0.992094
3426 0.992215
3427 0.992172
3428 0.99227
3429 0.992183
3430 0.992208
3431 0.992284
3432 0.992227
3433 0.992242
3434 0.992125
3435 0.992212
3436 0.992246
3437 0.992142
3438 0.992265
3439 0.992182
3440 0.992236
3441 0.99224
3442 0.992236
3443 0.992241
3444 0.99223
3445 0.992187
3446 0.992226
3447 0.992137
3448 0.992233
3449 0.992309
3450 0.992249
3451 0.992222
3452 0.9923
3453 0.992216
3454 0.992246
3455 0.992183
3456 0.992267
3457 0.992278
3458 0.992279
3459 0.992288
3460 0.992289
3461 0.992254
3462 0.992257
3463 0.99225
3464 0.992261
3465 0.99226
3466 0.992292
3467 0.992291
3468 0.992198
3469 0.992206
3470 0.992266
3471 0.992249
3472 0.992253
3473 0.992307
3474 0.992302
3475 0.992276
3476 0.992311
3477 0.992268
3478 0.992277
3479 0.992293
3480 0.992223
3481 0.992285
3482 0.992209
3483 0.992219
3484 0.992314
3485 0.992251
3486 0.992266
3487 0.99229
3488 0.992303
3489 0.992175
3490 0.992207
3491 0.992225
3492 0.992258
3493 0.992352
3494 0.992332
3495 0.99229
3496 0.992283
3497 0.992305
3498 0.9923
3499 0.992324
3500 0.992274
3501 0.992353
3502 0.992281
3503 0.992259
3504 0.992295
3505 0.99227
3506 0.99238
3507 0.992265
3508 0.992316
3509 0.992225
3510 0.992324
3511 0.992361
3512 0.992282
3513 0.992343
3514 0.992258
3515 0.992277
3516 0.992256
3517 0.992298
3518 0.992337
3519 0.992278
3520 0.992361
3521 0.992279
3522 0.992332
3523 0.992313
3524 0.992312
3525 0.992269
3526 0.992347
3527 0.992288
3528 0.992345
3529 0.99241
3530 0.99227
3531 0.992277
3532 0.992321
3533 0.992308
3534 0.992299
3535 0.992358
3536 0.992305
3537 0.992396
3538 0.992304
3539 0.992337
3540 0.9924
3541 0.992382
3542 0.992379
3543 0.992313
3544 0.992296
3545 0.992396
3546 0.992366
3547 0.992311
3548 0.992333
3549 0.992342
3550 0.992297
3551 0.992339
3552 0.992394
3553 0.992405
3554 0.9924
3555 0.992336
3556 0.992386
3557 0.992367
3558 0.992427
3559 0.992376
3560 0.992355
3561 0.992435
3562 0.99231
3563 0.992394
3564 0.992302
3565 0.992316
3566 0.992285
3567 0.992416
3568 0.99233
3569 0.992322
3570 0.992393
3571 0.99238
3572 0.992343
3573 0.99233
3574 0.99236
3575 0.992392
3576 0.99231
3577 0.992397
3578 0.992354
3579 0.992391
3580 0.99238
3581 0.992314
3582 0.992347
3583 0.992394
3584 0.992355
3585 0.992402
3586 0.992331
3587 0.992365
3588 0.992409
3589 0.99241
3590 0.992347
3591 0.99233
3592 0.992377
3593 0.992466
3594 0.992379
3595 0.99238
3596 0.992456
3597 0.992409
3598 0.992408
3599 0.9924
3600 0.99239
3601 0.992431
3602 0.992434
3603 0.992385
3604 0.992371
3605 0.992424
3606 0.992358
3607 0.992421
3608 0.992383
3609 0.992505
3610 0.992493
3611 0.992431
3612 0.992379
3613 0.992438
3614 0.99239
3615 0.992419
3616 0.992368
3617 0.992489
3618 0.992388
3619 0.992373
3620 0.992424
3621 0.992366
3622 0.992398
3623 0.992371
3624 0.992458
3625 0.992337
3626 0.992484
3627 0.992416
3628 0.992485
3629 0.992497
3630 0.992432
3631 0.992405
3632 0.992373
3633 0.992465
3634 0.992429
3635 0.992445
3636 0.992387
3637 0.992465
3638 0.992449
3639 0.992393
3640 0.992418
3641 0.992482
3642 0.992504
3643 0.992432
3644 0.992397
3645 0.992422
3646 0.992486
3647 0.992389
3648 0.992475
3649 0.992514
3650 0.992468
3651 0.992456
3652 0.992443
3653 0.992431
3654 0.992521
3655 0.99245
3656 0.992485
3657 0.992388
3658 0.992407
3659 0.992489
3660 0.992436
3661 0.992463
3662 0.992403
3663 0.992455
3664 0.992373
3665 0.992354
3666 0.992445
3667 0.992568
3668 0.992368
3669 0.992469
3670 0.992456
3671 0.992508
3672 0.992557
3673 0.992466
3674 0.992477
3675 0.992468
3676 0.992413
3677 0.992448
3678 0.992467
3679 0.992527
3680 0.992535
3681 0.992492
3682 0.992496
3683 0.992439
3684 0.992477
3685 0.992402
3686 0.99244
3687 0.992468
3688 0.992525
3689 0.992506
3690 0.992498
3691 0.992471
3692 0.992497
3693 0.99246
3694 0.992482
3695 0.992497
3696 0.992439
3697 0.992452
3698 0.992535
3699 0.992453
3700 0.992471
3701 0.99251
3702 0.992596
3703 0.992427
3704 0.992502
3705 0.992518
3706 0.992524
3707 0.992422
3708 0.992524
3709 0.992421
3710 0.992532
3711 0.992553
3712 0.992483
3713 0.99251
3714 0.992457
3715 0.992449
3716 0.992524
3717 0.992488
3718 0.992445
3719 0.992489
3720 0.992527
3721 0.992494
3722 0.992518
3723 0.992549
3724 0.992519
3725 0.992512
3726 0.992577
3727 0.992474
3728 0.992571
3729 0.992535
3730 0.99255
3731 0.992546
3732 0.992504
3733 0.992524
3734 0.99254
3735 0.992553
3736 0.992597
3737 0.992565
3738 0.992538
3739 0.992478
3740 0.992482
3741 0.992559
3742 0.992549
3743 0.992554
3744 0.992547
3745 0.992594
3746 0.992616
3747 0.992567
3748 0.992542
3749 0.992525
3750 0.992524
3751 0.99249
3752 0.99255
3753 0.992552
3754 0.992525
3755 0.992641
3756 0.992583
3757 0.992435
3758 0.992521
3759 0.992518
3760 0.992586
3761 0.992568
3762 0.992625
3763 0.992461
3764 0.99255
3765 0.992485
3766 0.992586
3767 0.99249
3768 0.992562
3769 0.992543
3770 0.992514
3771 0.99254
3772 0.992548
3773 0.992522
3774 0.992488
3775 0.992496
3776 0.99255
3777 0.99251
3778 0.99257
3779 0.992545
3780 0.992559
3781 0.992565
3782 0.992536
3783 0.992588
3784 0.992545
3785 0.992573
3786 0.992588
3787 0.992579
3788 0.99249
3789 0.99261
3790 0.992585
3791 0.992583
3792 0.992594
3793 0.992559
3794 0.992698
3795 0.992591
3796 0.992555
3797 0.992496
3798 0.992561
3799 0.992562
3800 0.992512
3801 0.992463
3802 0.99263
3803 0.992601
3804 0.992576
3805 0.992534
3806 0.992569
3807 0.992632
3808 0.992607
3809 0.992521
3810 0.992545
3811 0.992538
3812 0.992567
3813 0.992639
3814 0.992548
3815 0.992629
3816 0.992611
3817 0.992515
3818 0.992571
3819 0.992596
3820 0.992601
3821 0.992659
3822 0.992628
3823 0.992556
3824 0.99263
3825 0.992612
3826 0.992652
3827 0.992612
3828 0.992607
3829 0.992614
3830 0.992584
3831 0.992594
3832 0.992638
3833 0.992647
3834 0.99255
3835 0.992631
3836 0.992623
3837 0.992565
3838 0.992649
3839 0.992616
3840 0.99261
3841 0.992566
3842 0.992536
3843 0.992583
3844 0.992681
3845 0.99267
3846 0.99256
3847 0.992584
3848 0.992622
3849 0.992594
3850 0.992614
3851 0.992646
3852 0.992653
3853 0.99265
3854 0.992551
3855 0.992635
3856 0.992645
3857 0.992586
3858 0.992664
3859 0.992613
3860 0.992589
3861 0.992608
3862 0.992612
3863 0.99262
3864 0.992579
3865 0.992545
3866 0.99272
3867 0.992616
3868 0.992605
3869 0.992587
3870 0.992704
3871 0.992653
3872 0.99258
3873 0.992656
3874 0.992672
3875 0.992626
3876 0.992617
3877 0.99263
3878 0.992543
3879 0.992627
3880 0.992651
3881 0.992647
3882 0.992659
3883 0.992613
3884 0.992651
3885 0.992702
3886 0.992656
3887 0.992636
3888 0.992615
3889 0.992602
3890 0.992675
3891 0.992592
3892 0.992598
3893 0.992644
3894 0.992619
3895 0.992624
3896 0.992657
3897 0.992615
3898 0.992558
3899 0.992625
3900 0.992743
3901 0.992663
3902 0.992692
3903 0.992619
3904 0.992699
3905 0.992727
3906 0.992571
3907 0.992646
3908 0.992678
3909 0.992652
3910 0.992626
3911 0.992592
3912 0.992653
3913 0.992706
3914 0.992692
3915 0.992573
3916 0.992679
3917 0.992687
3918 0.992687
3919 0.992703
3920 0.992626
3921 0.992729
3922 0.992686
3923 0.992691
3924 0.992717
3925 0.992657
3926 0.992627
3927 0.992654
3928 0.99263
3929 0.992625
3930 0.992656
3931 0.992668
3932 0.992661
3933 0.992712
3934 0.992628
3935 0.992613
3936 0.992678
3937 0.992698
3938 0.992664
3939 0.992619
3940 0.992643
3941 0.992678
3942 0.992666
3943 0.992668
3944 0.992649
3945 0.992623
3946 0.992739
3947 0.992668
3948 0.99266
3949 0.99274
3950 0.992684
3951 0.992728
3952 0.992651
3953 0.992687
3954 0.992614
3955 0.992701
3956 0.992716
3957 0.992697
3958 0.992674
3959 0.992692
3960 0.992699
3961 0.992652
3962 0.992653
3963 0.992654
3964 0.992767
3965 0.992713
3966 0.992703
3967 0.992742
3968 0.992672
3969 0.992648
3970 0.99267
3971 0.992638
3972 0.992673
3973 0.992728
3974 0.992622
3975 0.992766
3976 0.992686
3977 0.992694
3978 0.992674
3979 0.992648
3980 0.992616
3981 0.992665
3982 0.992675
3983 0.99273
3984 0.992761
3985 0.992659
3986 0.992689
3987 0.992642
3988 0.99268
3989 0.992714
3990 0.992684
3991 0.992665
3992 0.992727
3993 0.992757
3994 0.992689
3995 0.992709
3996 0.99277
3997 0.992704
3998 0.99271
3999 0.992717
4000 0.992711
4001 0.992738
4002 0.992699
4003 0.992641
4004 0.99271
4005 0.992705
4006 0.992655
4007 0.99277
4008 0.992697
4009 0.992754
4010 0.992714
4011 0.992733
4012 0.992736
4013 0.992727
4014 0.992743
4015 0.992751
4016 0.992704
4017 0.992734
4018 0.99278
4019 0.992717
4020 0.99271
4021 0.992739
4022 0.992734
4023 0.99271
4024 0.992756
4025 0.992685
4026 0.992764
4027 0.992776
4028 0.992791
4029 0.992676
4030 0.992726
4031 0.992712
4032 0.992713
4033 0.992658
4034 0.992668
4035 0.992662
4036 0.992705
4037 0.992816
4038 0.992746
4039 0.992695
4040 0.992675
4041 0.992722
4042 0.99272
4043 0.992715
4044 0.992728
4045 0.992789
4046 0.992739
4047 0.99273
4048 0.992715
4049 0.992734
4050 0.992775
4051 0.992672
4052 0.992711
4053 0.99274
4054 0.992737
4055 0.992676
4056 0.992745
4057 0.992755
4058 0.992713
4059 0.992723
4060 0.992801
4061 0.99272
4062 0.992702
4063 0.992686
4064 0.992706
4065 0.992741
4066 0.992692
4067 0.992824
4068 0.992678
4069 0.992702
4070 0.992686
4071 0.992758
4072 0.992767
4073 0.99273
4074 0.992696
4075 0.99268
4076 0.99275
4077 0.992762
4078 0.992741
4079 0.992749
4080 0.992633
4081 0.992754
4082 0.99279
4083 0.992642
4084 0.992735
4085 0.992737
4086 0.992787
4087 0.992732
4088 0.992761
4089 0.992718
4090 0.992669
4091 0.992733
4092 0.992758
4093 0.992753
4094 0.992664
4095 0.992769
4096 0.992691
4097 0.992738
4098 0.992668
4099 0.992733
4100 0.992739
4101 0.992716
4102 0.992766
4103 0.992649
4104 0.992709
4105 0.992764
4106 0.992656
4107 0.992752
4108 0.992756
4109 0.992697
4110 0.992781
4111 0.992762
4112 0.992723
4113 0.992725
4114 0.99277
4115 0.992708
4116 0.992737
4117 0.992732
4118 0.992773
4119 0.992754
4120 0.992657
4121 0.992752
4122 0.992779
4123 0.99274
4124 0.992741
4125 0.992703
4126 0.992773
4127 0.992842
4128 0.992683
4129 0.992759
4130 0.992774
4131 0.992707
4132 0.992748
4133 0.992741
4134 0.992766
4135 0.992744
4136 0.992769
4137 0.992777
4138 0.992771
4139 0.99271
4140 0.992811
4141 0.992715
4142 0.992689
4143 0.992745
4144 0.992788
4145 0.992783
4146 0.992721
4147 0.992699
4148 0.992721
4149 0.992706
4150 0.992696
4151 0.992823
4152 0.992786
4153 0.992772
4154 0.992725
4155 0.992777
4156 0.992704
4157 0.992786
4158 0.992791
4159 0.992769
4160 0.992817
4161 0.992735
4162 0.992783
4163 0.99279
4164 0.992674
4165 0.992702
4166 0.992731
4167 0.992769
4168 0.992817
4169 0.992777
4170 0.992765
4171 0.992787
4172 0.992766
4173 0.992786
4174 0.992778
4175 0.99278
4176 0.992779
4177 0.992756
4178 0.992762
4179 0.992658
4180 0.992744
4181 0.992767
4182 0.99275
4183 0.992784
4184 0.992762
4185 0.992721
4186 0.99279
4187 0.992721
4188 0.992732
4189 0.99284
4190 0.992755
4191 0.992756
4192 0.992718
4193 0.992723
4194 0.992743
4195 0.992763
4196 0.992792
4197 0.992766
4198 0.992757
4199 0.992722
4200 0.99278
4201 0.992807
4202 0.992805
4203 0.992726
4204 0.992772
4205 0.992733
4206 0.992825
4207 0.992715
4208 0.992785
4209 0.992748
4210 0.992786
4211 0.992784
4212 0.992724
4213 0.992842
4214 0.992746
4215 0.992835
4216 0.992801
4217 0.992791
4218 0.992741
4219 0.992874
4220 0.992728
4221 0.992785
4222 0.992802
4223 0.99287
4224 0.992838
4225 0.992803
4226 0.992764
4227 0.99274
4228 0.992802
4229 0.992756
4230 0.992751
4231 0.992793
4232 0.992742
4233 0.992756
4234 0.992751
4235 0.992786
4236 0.992728
4237 0.992781
4238 0.992756
4239 0.992823
4240 0.99273
4241 0.992776
4242 0.992813
4243 0.992775
4244 0.992739
4245 0.992685
4246 0.992779
4247 0.992691
4248 0.992822
4249 0.99275
4250 0.992749
4251 0.99275
4252 0.992815
4253 0.992805
4254 0.992711
4255 0.992704
4256 0.99281
4257 0.992796
4258 0.992766
4259 0.992771
4260 0.992747
4261 0.99276
4262 0.992748
4263 0.992875
4264 0.992682
4265 0.992756
4266 0.992732
4267 0.992711
4268 0.992763
4269 0.992687
4270 0.992831
4271 0.992725
4272 0.992762
4273 0.992749
4274 0.992741
4275 0.992818
4276 0.992722
4277 0.992723
4278 0.99274
4279 0.992838
4280 0.9927
4281 0.992792
4282 0.992751
4283 0.992824
4284 0.992736
4285 0.992766
4286 0.992817
4287 0.992759
4288 0.992786
4289 0.992784
4290 0.992729
4291 0.992777
4292 0.992739
4293 0.992806
4294 0.992746
4295 0.992749
4296 0.992786
4297 0.992675
4298 0.992725
4299 0.992839
4300 0.992829
4301 0.99278
4302 0.992756
4303 0.992753
4304 0.992745
4305 0.992762
4306 0.992786
4307 0.992782
4308 0.992791
4309 0.99273
4310 0.992797
4311 0.992846
4312 0.992784
4313 0.992843
4314 0.992805
4315 0.992773
4316 0.992749
4317 0.992728
4318 0.99277
4319 0.992789
4320 0.992765
4321 0.992786
4322 0.992794
4323 0.992647
4324 0.992749
4325 0.992744
4326 0.992759
4327 0.992759
4328 0.992808
4329 0.992738
4330 0.992736
4331 0.992815
4332 0.992727
4333 0.992803
4334 0.992772
4335 0.992742
4336 0.992725
4337 0.992728
4338 0.992788
4339 0.992726
4340 0.992752
4341 0.992686
4342 0.992766
4343 0.992757
4344 0.992786
4345 0.992732
4346 0.99274
4347 0.992783
4348 0.992726
4349 0.992778
4350 0.992724
4351 0.992749
4352 0.992765
4353 0.9928
4354 0.992721
4355 0.992787
4356 0.992795
4357 0.992764
4358 0.992779
4359 0.992737
4360 0.992734
4361 0.992703
4362 0.992802
4363 0.99274
4364 0.992779
4365 0.992818
4366 0.992806
4367 0.992749
4368 0.992788
4369 0.992764
4370 0.992789
4371 0.992748
4372 0.992771
4373 0.992722
4374 0.992766
4375 0.992762
4376 0.9928
4377 0.992722
4378 0.992758
4379 0.992844
4380 0.992714
4381 0.992798
4382 0.992737
4383 0.992704
4384 0.992769
4385 0.992733
4386 0.992801
4387 0.992761
4388 0.992778
4389 0.992837
4390 0.992708
4391 0.992728
4392 0.992762
4393 0.992788
4394 0.9927
4395 0.992718
4396 0.992766
4397 0.992813
4398 0.992843
4399 0.992782
4400 0.992734
4401 0.992781
4402 0.99275
4403 0.992766
4404 0.992753
4405 0.99272
4406 0.992787
4407 0.992751
4408 0.992762
4409 0.992746
4410 0.992795
4411 0.992742
4412 0.992734
4413 0.992717
4414 0.992757
4415 0.992796
4416 0.992814
4417 0.992757
4418 0.992737
4419 0.992774
4420 0.992737
4421 0.992729
4422 0.992792
4423 0.992738
4424 0.992801
4425 0.99276
4426 0.992752
4427 0.992817
4428 0.992739
4429 0.992708
4430 0.992717
4431 0.99276
4432 0.992761
4433 0.992781
4434 0.99272
4435 0.992738
4436 0.992817
4437 0.992716
4438 0.992759
4439 0.992783
4440 0.992733
4441 0.99268
4442 0.992701
4443 0.992762
4444 0.99276
4445 0.992762
4446 0.992755
4447 0.992729
4448 0.9928
4449 0.992734
4450 0.992735
4451 0.992802
4452 0.992727
4453 0.992832
4454 0.99275
4455 0.992784
4456 0.992731
4457 0.99275
4458 0.99284
4459 0.99273
4460 0.992724
4461 0.992752
4462 0.992821
4463 0.992746
4464 0.992712
4465 0.992835
4466 0.992784
4467 0.992703
4468 0.992779
4469 0.992686
4470 0.992745
4471 0.992822
4472 0.992775
4473 0.992684
4474 0.992681
4475 0.992762
4476 0.992781
4477 0.992771
4478 0.992755
4479 0.992718
4480 0.99276
4481 0.992794
4482 0.992776
4483 0.992808
4484 0.9928
4485 0.99273
4486 0.992778
4487 0.992713
4488 0.992765
4489 0.99281
4490 0.992778
4491 0.992747
4492 0.992755
4493 0.992812
4494 0.992755
4495 0.99272
4496 0.992793
4497 0.992694
4498 0.99272
4499 0.992754
4500 0.992736
4501 0.9927
4502 0.992771
4503 0.992744
4504 0.992763
4505 0.992721
4506 0.99273
4507 0.992715
4508 0.992713
4509 0.992714
4510 0.992743
4511 0.992762
4512 0.992729
4513 0.992729
4514 0.992776
4515 0.992711
4516 0.992765
4517 0.992828
4518 0.992721
4519 0.992779
4520 0.992763
4521 0.992832
4522 0.992726
4523 0.992743
4524 0.992699
4525 0.99276
4526 0.992722
4527 0.992703
4528 0.992743
4529 0.992716
4530 0.992715
4531 0.992707
4532 0.992739
4533 0.992746
4534 0.992653
4535 0.992709
4536 0.992788
4537 0.992709
4538 0.992698
4539 0.992772
4540 0.992768
4541 0.992756
4542 0.99276
4543 0.992766
4544 0.992848
4545 0.992743
4546 0.992757
4547 0.992685
4548 0.992757
4549 0.992752
4550 0.992733
4551 0.992756
4552 0.992742
4553 0.992756
4554 0.992699
4555 0.992753
4556 0.992745
4557 0.992782
4558 0.992676
4559 0.992702
4560 0.992805
4561 0.992691
4562 0.992737
4563 0.992764
4564 0.992758
4565 0.992757
4566 0.992814
4567 0.992701
4568 0.992765
4569 0.992766
4570 0.99278
4571 0.992651
4572 0.992717
4573 0.992682
4574 0.99274
4575 0.992727
4576 0.992723
4577 0.992704
4578 0.992769
4579 0.992774
4580 0.992712
4581 0.992766
4582 0.992792
4583 0.992709
4584 0.992727
4585 0.992755
4586 0.992718
4587 0.992798
4588 0.992719
4589 0.992722
4590 0.992729
4591 0.992709
4592 0.992776
4593 0.992712
4594 0.992785
4595 0.992771
4596 0.992748
4597 0.992748
4598 0.992713
4599 0.992732
4600 0.99269
4601 0.99276
4602 0.992716
4603 0.99275
4604 0.992794
4605 0.992728
4606 0.992717
4607 0.99285
4608 0.992657
4609 0.992698
4610 0.992739
4611 0.992707
4612 0.992731
4613 0.992699
4614 0.99271
4615 0.992781
4616 0.992728
4617 0.992716
4618 0.992704
4619 0.992708
4620 0.992726
4621 0.992685
4622 0.992776
4623 0.992721
4624 0.992705
4625 0.9927
4626 0.992728
4627 0.992764
4628 0.992745
4629 0.992785
4630 0.992738
4631 0.992663
4632 0.992713
4633 0.992726
4634 0.992735
4635 0.992714
4636 0.992732
4637 0.992688
4638 0.992746
4639 0.992705
4640 0.992744
4641 0.992706
4642 0.992721
4643 0.992684
4644 0.992765
4645 0.992727
4646 0.992772
4647 0.992624
4648 0.992702
4649 0.992733
4650 0.992702
4651 0.99271
4652 0.992703
4653 0.992726
4654 0.992734
4655 0.992743
4656 0.992749
4657 0.992749
4658 0.99273
4659 0.992729
4660 0.992676
4661 0.992721
4662 0.99274
4663 0.992747
4664 0.992714
4665 0.992716
4666 0.992713
4667 0.9927
4668 0.992679
4669 0.99276
4670 0.992676
4671 0.992757
4672 0.992664
4673 0.992709
4674 0.992733
4675 0.992759
4676 0.992676
4677 0.992716
4678 0.992701
4679 0.992726
4680 0.992665
4681 0.992768
4682 0.992672
4683 0.992794
4684 0.992686
4685 0.992742
4686 0.992772
4687 0.992706
4688 0.992694
4689 0.992716
4690 0.992694
4691 0.992693
4692 0.992719
4693 0.992715
4694 0.992674
4695 0.992709
4696 0.992748
4697 0.992721
4698 0.992692
4699 0.992736
4700 0.992667
4701 0.992667
4702 0.992703
4703 0.992675
4704 0.992708
4705 0.99267
4706 0.992692
4707 0.992736
4708 0.992688
4709 0.992742
4710 0.992707
4711 0.992742
4712 0.992711
4713 0.992664
4714 0.992716
4715 0.992704
4716 0.99267
4717 0.992721
4718 0.992674
4719 0.992711
4720 0.992747
4721 0.992737
4722 0.992655
4723 0.992769
4724 0.992651
4725 0.992725
4726 0.992636
4727 0.992687
4728 0.992725
4729 0.992708
4730 0.992702
4731 0.992692
4732 0.992635
4733 0.992689
4734 0.992683
4735 0.992727
4736 0.992638
4737 0.992689
4738 0.992709
4739 0.992737
4740 0.992621
4741 0.992655
4742 0.99272
4743 0.992722
4744 0.992669
4745 0.992713
4746 0.992749
4747 0.992698
4748 0.992746
4749 0.992695
4750 0.992625
4751 0.992716
4752 0.992714
4753 0.992694
4754 0.992701
4755 0.992705
4756 0.992727
4757 0.992631
4758 0.992748
4759 0.992675
4760 0.992664
4761 0.992714
4762 0.992636
4763 0.99265
4764 0.992667
4765 0.992685
4766 0.992694
4767 0.992649
4768 0.992644
4769 0.992752
4770 0.992635
4771 0.992672
4772 0.992687
4773 0.992717
4774 0.992688
4775 0.992728
4776 0.992682
4777 0.99273
4778 0.992672
4779 0.992736
4780 0.992673
4781 0.992718
4782 0.992683
4783 0.992638
4784 0.992747
4785 0.992676
4786 0.992673
4787 0.992655
4788 0.992683
4789 0.992634
4790 0.992663
4791 0.992692
4792 0.992741
4793 0.992655
4794 0.992683
4795 0.992673
4796 0.992704
4797 0.992694
4798 0.992699
4799 0.992666
4800 0.992695
4801 0.992728
4802 0.992702
4803 0.992731
4804 0.992691
4805 0.992687
4806 0.992675
4807 0.992624
4808 0.992634
4809 0.992656
4810 0.992632
4811 0.992698
4812 0.992685
4813 0.99265
4814 0.992652
4815 0.992703
4816 0.992679
4817 0.992671
4818 0.992692
4819 0.992705
4820 0.992706
4821 0.992706
4822 0.992687
4823 0.992695
4824 0.992724
4825 0.992734
4826 0.992613
4827 0.992564
4828 0.992628
4829 0.992695
4830 0.99271
4831 0.992622
4832 0.992718
4833 0.992673
4834 0.992664
4835 0.992622
4836 0.992705
4837 0.992657
4838 0.992703
4839 0.992681
4840 0.992701
4841 0.992655
4842 0.992647
4843 0.992663
4844 0.992618
4845 0.992647
4846 0.992661
4847 0.992663
4848 0.992675
4849 0.992697
4850 0.992655
4851 0.992717
4852 0.992677
4853 0.992615
4854 0.992645
4855 0.992739
4856 0.992625
4857 0.992603
4858 0.992666
4859 0.992677
4860 0.992668
4861 0.992644
4862 0.99268
4863 0.992622
4864 0.992673
4865 0.992654
4866 0.992665
4867 0.992668
4868 0.992652
4869 0.992593
4870 0.992666
4871 0.992704
4872 0.99263
4873 0.992667
4874 0.992709
4875 0.992651
4876 0.992716
4877 0.992649
4878 0.992678
4879 0.99264
4880 0.992621
4881 0.992584
4882 0.992669
4883 0.992695
4884 0.992647
4885 0.992705
4886 0.992589
4887 0.992648
4888 0.992663
4889 0.99261
4890 0.992635
4891 0.992655
4892 0.992673
4893 0.992636
4894 0.992651
4895 0.99265
4896 0.992652
4897 0.992633
4898 0.992631
4899 0.992663
4900 0.992675
4901 0.992624
4902 0.99272
4903 0.992647
4904 0.992685
4905 0.992622
4906 0.992731
4907 0.992651
4908 0.992636
4909 0.992604
4910 0.992644
4911 0.99263
4912 0.99267
4913 0.992576
4914 0.992605
4915 0.992642
4916 0.992677
4917 0.99263
4918 0.992647
4919 0.992665
4920 0.992637
4921 0.992634
4922 0.992639
4923 0.992672
4924 0.992671
4925 0.992681
4926 0.992618
4927 0.992639
4928 0.992633
4929 0.992643
4930 0.992616
4931 0.992655
4932 0.992678
4933 0.992639
4934 0.992645
4935 0.992606
4936 0.992638
4937 0.992657
4938 0.99265
4939 0.992642
4940 0.992659
4941 0.992602
4942 0.992641
4943 0.992603
4944 0.992675
4945 0.992612
4946 0.992657
4947 0.992674
4948 0.992677
4949 0.992649
4950 0.992702
4951 0.992663
4952 0.992616
4953 0.992608
4954 0.992701
4955 0.992694
4956 0.992638
4957 0.992583
4958 0.992675
4959 0.992638
4960 0.992671
4961 0.992601
4962 0.992608
4963 0.992618
4964 0.992649
4965 0.992643
4966 0.992613
4967 0.992599
4968 0.992664
4969 0.992651
4970 0.992676
4971 0.992608
4972 0.992611
4973 0.992613
4974 0.992587
4975 0.992626
4976 0.992642
4977 0.992658
4978 0.992656
4979 0.992714
4980 0.992675
4981 0.992572
4982 0.992646
4983 0.992635
4984 0.992652
4985 0.992658
4986 0.992572
4987 0.992635
4988 0.992605
4989 0.992623
4990 0.992589
4991 0.992637
4992 0.992681
4993 0.992653
4994 0.992619
4995 0.992615
4996 0.992638
4997 0.99265
4998 0.992616
4999 0.992578
