100 1.00964
101 1.00844
102 1.00639
103 1.00442
104 1.00177
105 1.00597
106 1.00374
107 1.00168
108 1.00801
109 1.01224
110 1.00522
111 1.00898
112 1.01564
113 1.02076
114 1.02387
115 1.02739
116 1.02868
117 1.04144
118 1.03573
119 1.04304
120 1.05308
121 1.05334
122 1.05671
123 1.05733
124 1.07022
125 1.05822
126 1.06165
127 1.06714
128 1.06789
129 1.07018
130 1.06434
131 1.06465
132 1.06607
133 1.06259
134 1.06181
135 1.05616
136 1.05497
137 1.05612
138 1.05312
139 1.04715
140 1.04858
141 1.04887
142 1.0441
143 1.04485
144 1.0419
145 1.04196
146 1.03933
147 1.03943
148 1.03567
149 1.03509
150 1.03364
151 1.03216
152 1.03219
153 1.03111
154 1.03061
155 1.02723
156 1.0279
157 1.02315
158 1.02397
159 1.02275
160 1.02076
161 1.02065
162 1.01816
163 1.01895
164 1.01735
165 1.01656
166 1.01475
167 1.01454
168 1.01376
169 1.0153
170 1.01509
171 1.01448
172 1.01521
173 1.01339
174 1.01112
175 1.01398
176 1.01552
177 1.01234
178 1.01516
179 1.01341
180 1.015
181 1.01392
182 1.0161
183 1.01463
184 1.01472
185 1.01637
186 1.014
187 1.01253
188 1.01412
189 1.01347
190 1.01176
191 1.01129
192 1.01077
193 1.01034
194 1.00994
195 1.01021
196 1.00771
197 1.00862
198 1.00767
199 1.0051
200 1.00543
201 1.00611
202 1.00449
203 1.00482
204 1.00277
205 1.00231
206 1.00223
207 1.00167
208 1.00081
209 1.00035
210 1.00149
211 1.00158
212 0.999499
213 0.999184
214 0.998498
215 0.998086
216 0.999421
217 1.00165
218 1.00154
219 0.999587
220 1.00139
221 1.00498
222 1.00136
223 0.999445
224 1.00214
225 1.00382
226 1.00461
227 1.01026
228 1.01777
229 1.02022
230 1.01315
231 1.01448
232 1.02258
233 1.03403
234 1.02477
235 1.03282
236 1.0348
237 1.03616
238 1.03556
239 1.04119
240 1.04943
241 1.04079
242 1.05514
243 1.06061
244 1.05751
245 1.06209
246 1.0584
247 1.06619
248 1.06864
249 1.06823
250 1.06839
251 1.06853
252 1.0659
253 1.06652
254 1.06627
255 1.06784
256 1.06401
257 1.06749
258 1.06532
259 1.05917
260 1.06318
261 1.06173
262 1.06036
263 1.06271
264 1.05882
265 1.05665
266 1.05457
267 1.05547
268 1.05615
269 1.05325
270 1.05208
271 1.04983
272 1.0513
273 1.0492
274 1.04955
275 1.04555
276 1.04722
277 1.04435
278 1.04548
279 1.04471
280 1.04155
281 1.04116
282 1.03949
283 1.03908
284 1.03813
285 1.03863
286 1.03785
287 1.03566
288 1.03491
289 1.03488
290 1.03397
291 1.03489
292 1.033
293 1.03374
294 1.03246
295 1.03277
296 1.0325
297 1.03176
298 1.03083
299 1.03028
300 1.03063
301 1.02823
302 1.02835
303 1.02935
304 1.02735
305 1.0282
306 1.0267
307 1.02698
308 1.02661
309 1.02655
310 1.02446
311 1.02378
312 1.023
313 1.02346
314 1.02289
315 1.02123
316 1.02132
317 1.02
318 1.02023
319 1.01874
320 1.01862
321 1.01626
322 1.01769
323 1.01903
324 1.01718
325 1.015
326 1.01606
327 1.01519
328 1.01373
329 1.01426
330 1.01276
331 1.01519
332 1.01323
333 1.01357
334 1.01157
335 1.01186
336 1.01067
337 1.01103
338 1.01031
339 1.00925
340 1.01107
341 1.0091
342 1.01045
343 1.0093
344 1.00991
345 1.01014
346 1.00977
347 1.01138
348 1.01197
349 1.01151
350 1.01271
351 1.01155
352 1.01246
353 1.01329
354 1.01383
355 1.01348
356 1.0176
357 1.01448
358 1.01493
359 1.01439
360 1.01694
361 1.01645
362 1.01486
363 1.01744
364 1.01488
365 1.01515
366 1.01545
367 1.01475
368 1.01444
369 1.01588
370 1.01418
371 1.01535
372 1.01513
373 1.01446
374 1.01495
375 1.01437
376 1.01528
377 1.0129
378 1.01365
379 1.01223
380 1.01301
381 1.01174
382 1.01142
383 1.01187
384 1.01047
385 1.01081
386 1.00997
387 1.00931
388 1.00874
389 1.00994
390 1.00814
391 1.00871
392 1.00768
393 1.00689
394 1.00598
395 1.00523
396 1.00574
397 1.00535
398 1.0051
399 1.00547
400 1.00477
401 1.00399
402 1.00388
403 1.00421
404 1.00318
405 1.00273
406 1.00369
407 1.00257
408 1.00285
409 1.00323
410 1.00263
411 1.00268
412 1.0021
413 1.00227
414 1.00124
415 1.0012
416 1.00107
417 1.00205
418 1.00039
419 1.00183
420 1.00014
421 1.00007
422 1.00086
423 1.00082
424 0.999917
425 1.00007
426 0.999484
427 0.999809
428 0.999311
429 0.999418
430 0.998718
431 0.998875
432 0.998389
433 0.998401
434 0.998123
435 0.997913
436 0.998024
437 0.997454
438 0.99833
439 0.997672
440 0.997945
441 0.99798
442 0.99843
443 0.995942
444 0.997348
445 0.998855
446 0.996968
447 0.997935
448 0.997734
449 0.994876
450 1.00099
451 1.00445
452 0.99875
453 1.00067
454 1.00489
455 0.999343
456 1.00018
457 0.998594
458 1.00729
459 1.01066
460 1.00733
461 1.0106
462 1.01261
463 1.01906
464 1.01472
465 1.01687
466 1.01404
467 1.02046
468 1.02091
469 1.02136
470 1.03136
471 1.02279
472 1.02786
473 1.02823
474 1.03401
475 1.03643
476 1.02887
477 1.04024
478 1.04123
479 1.03795
480 1.05037
481 1.0493
482 1.05465
483 1.05636
484 1.05467
485 1.05743
486 1.06344
487 1.06107
488 1.06804
489 1.05804
490 1.0644
491 1.067
492 1.06527
493 1.06872
494 1.06481
495 1.06955
496 1.06578
497 1.06847
498 1.06544
499 1.06801
500 1.06682
501 1.06792
502 1.0679
503 1.06702
504 1.06475
505 1.06351
506 1.06323
507 1.06451
508 1.06469
509 1.06717
510 1.06256
511 1.06116
512 1.0609
513 1.06203
514 1.05987
515 1.06125
516 1.05759
517 1.05868
518 1.05921
519 1.05919
520 1.05656
521 1.05619
522 1.05483
523 1.05512
524 1.05493
525 1.05297
526 1.05383
527 1.05379
528 1.05252
529 1.05228
530 1.05213
531 1.05153
532 1.05053
533 1.04816
534 1.05008
535 1.04841
536 1.04796
537 1.04682
538 1.04682
539 1.04697
540 1.04729
541 1.0464
542 1.04528
543 1.04554
544 1.04323
545 1.04508
546 1.04428
547 1.0425
548 1.04267
549 1.04133
550 1.04194
551 1.04213
552 1.04123
553 1.03826
554 1.03843
555 1.03876
556 1.0395
557 1.03754
558 1.03731
559 1.03753
560 1.03664
561 1.03735
562 1.03701
563 1.03577
564 1.03503
565 1.03532
566 1.0346
567 1.0353
568 1.03284
569 1.03293
570 1.03233
571 1.03252
572 1.03196
573 1.03199
574 1.03297
575 1.03128
576 1.0307
577 1.03109
578 1.0303
579 1.02986
580 1.03131
581 1.03053
582 1.03044
583 1.02987
584 1.0301
585 1.02794
586 1.02873
587 1.02874
588 1.02932
589 1.02887
590 1.02927
591 1.02865
592 1.0276
593 1.02759
594 1.02946
595 1.02917
596 1.02809
597 1.02894
598 1.02705
599 1.02798
600 1.02815
601 1.02677
602 1.02728
603 1.02729
604 1.02728
605 1.02661
606 1.0268
607 1.02591
608 1.02726
609 1.02647
610 1.02608
611 1.02636
612 1.02451
613 1.02523
614 1.02428
615 1.02464
616 1.02514
617 1.02539
618 1.02385
619 1.02347
620 1.02295
621 1.02204
622 1.02257
623 1.02177
624 1.02184
625 1.02084
626 1.02134
627 1.01989
628 1.02075
629 1.01981
630 1.01849
631 1.019
632 1.02015
633 1.01904
634 1.01898
635 1.01937
636 1.01791
637 1.01709
638 1.01654
639 1.01631
640 1.01595
641 1.01599
642 1.01545
643 1.01615
644 1.01507
645 1.01559
646 1.01462
647 1.01463
648 1.01456
649 1.01485
650 1.01283
651 1.01368
652 1.01364
653 1.01323
654 1.01276
655 1.01289
656 1.01219
657 1.01266
658 1.01172
659 1.01198
660 1.01152
661 1.01088
662 1.0104
663 1.01076
664 1.01054
665 1.01055
666 1.00982
667 1.00999
668 1.00915
669 1.00912
670 1.00899
671 1.00887
672 1.00925
673 1.00908
674 1.00824
675 1.00864
676 1.00762
677 1.00855
678 1.00875
679 1.00777
680 1.00786
681 1.00792
682 1.00675
683 1.00786
684 1.0082
685 1.0076
686 1.00709
687 1.00857
688 1.00662
689 1.00759
690 1.00782
691 1.00909
692 1.00757
693 1.00793
694 1.00861
695 1.007
696 1.0088
697 1.00775
698 1.00822
699 1.00944
700 1.00798
701 1.00816
702 1.00908
703 1.01037
704 1.00867
705 1.01119
706 1.01095
707 1.0112
708 1.01174
709 1.01032
710 1.01288
711 1.01222
712 1.01193
713 1.01447
714 1.01311
715 1.01294
716 1.01565
717 1.01385
718 1.01432
719 1.01459
720 1.01453
721 1.015
722 1.01587
723 1.01619
724 1.01693
725 1.01502
726 1.01714
727 1.01729
728 1.01636
729 1.01765
730 1.01939
731 1.01547
732 1.01591
733 1.01841
734 1.017
735 1.01573
736 1.01699
737 1.0168
738 1.01573
739 1.01536
740 1.01629
741 1.01659
742 1.01594
743 1.01539
744 1.01565
745 1.01534
746 1.01459
747 1.01452
748 1.01567
749 1.01523
750 1.01441
751 1.01342
752 1.0145
753 1.01323
754 1.01334
755 1.01233
756 1.01309
757 1.01318
758 1.01204
759 1.01183
760 1.01276
761 1.01161
762 1.0114
763 1.01128
764 1.01132
765 1.01049
766 1.00979
767 1.00948
768 1.01026
769 1.00928
770 1.00938
771 1.00885
772 1.00845
773 1.00878
774 1.00838
775 1.0078
776 1.0086
777 1.0076
778 1.00767
779 1.00841
780 1.00745
781 1.00668
782 1.00685
783 1.00609
784 1.00619
785 1.00647
786 1.00581
787 1.00553
788 1.0053
789 1.00533
790 1.00478
791 1.00476
792 1.00416
793 1.00428
794 1.00459
795 1.00406
796 1.00328
797 1.00391
798 1.00395
799 1.00397
800 1.00381
801 1.00364
802 1.00284
803 1.00295
804 1.00311
805 1.00205
806 1.00268
807 1.00189
808 1.00178
809 1.002
810 1.00259
811 1.00258
812 1.00178
813 1.00147
814 1.00198
815 1.00127
816 1.0012
817 1.00141
818 1.00078
819 1.00171
820 1.00133
821 1.00135
822 1.00136
823 1.00167
824 1.00251
825 1.00147
826 1.0008
827 1.00128
828 1.00144
829 1.00136
830 1.00224
831 1.00115
832 1.00197
833 1.00084
834 1.001
835 1.00054
836 1.00111
837 1.00096
838 1.00111
839 1.00184
840 1.0014
841 1.00094
842 1.00057
843 1.00118
844 1.00165
845 1.00126
846 1.00097
847 1.00134
848 1.00064
849 1.00057
850 1.00111
851 1.00005
852 1.0007
853 1.00071
854 1.00012
855 1.00046
856 0.999895
857 0.999341
858 0.99891
859 0.999203
860 0.999066
861 0.99994
862 0.999527
863 0.999171
864 0.999447
865 0.998967
866 0.998622
867 0.999153
868 0.998544
869 0.998855
870 0.997884
871 0.998485
872 0.99804
873 0.998162
874 0.997523
875 0.99871
876 0.99798
877 0.997427
878 0.997575
879 0.996887
880 0.997111
881 0.996732
882 0.99684
883 0.996872
884 0.996966
885 0.99668
886 0.997611
887 0.997666
888 0.99661
889 0.996505
890 0.99628
891 0.99624
892 0.995683
893 0.99637
894 0.996051
895 0.996072
896 0.995797
897 0.995268
898 0.996504
899 0.99558
900 0.998079
901 0.995367
902 0.995254
903 0.99796
904 0.997797
905 0.996304
906 0.996661
907 0.994768
908 0.996587
909 0.997337
910 0.995625
911 0.998456
912 0.999688
913 0.995534
914 0.999186
915 1.00083
916 0.999145
917 0.998145
918 0.996588
919 1.00133
920 1.00118
921 1.00043
922 1.00014
923 1.00538
924 1.00415
925 1.00157
926 1.0077
927 1.00357
928 1.00772
929 1.00751
930 1.01213
931 1.01353
932 1.00559
933 1.01315
934 1.00955
935 1.00896
936 1.01208
937 1.01978
938 1.01875
939 1.01198
940 1.02131
941 1.02718
942 1.01837
943 1.031
944 1.02518
945 1.02616
946 1.03425
947 1.02212
948 1.03576
949 1.03144
950 1.0377
951 1.04315
952 1.03872
953 1.03433
954 1.04789
955 1.04831
956 1.04409
957 1.04948
958 1.04525
959 1.04729
960 1.04912
961 1.05027
962 1.04819
963 1.05004
964 1.05106
965 1.0484
966 1.0597
967 1.0604
968 1.05695
969 1.05079
970 1.06143
971 1.06362
972 1.0644
973 1.06319
974 1.06121
975 1.0631
976 1.06485
977 1.06811
978 1.06723
979 1.06313
980 1.06989
981 1.06615
982 1.06917
983 1.07046
984 1.06359
985 1.06552
986 1.0663
987 1.06789
988 1.06838
989 1.06475
990 1.06412
991 1.06414
992 1.06534
993 1.06565
994 1.06588
995 1.06672
996 1.06583
997 1.06449
998 1.06586
999 1.0648
1000 1.06501
1001 1.06293
1002 1.06345
1003 1.06328
1004 1.06175
1005 1.06402
1006 1.06302
1007 1.06109
1008 1.0604
1009 1.06202
1010 1.06063
1011 1.0608
1012 1.06029
1013 1.05917
1014 1.05845
1015 1.05907
1016 1.05906
1017 1.05757
1018 1.05963
1019 1.05657
1020 1.05899
1021 1.05698
1022 1.05691
1023 1.05602
1024 1.0554
1025 1.05555
1026 1.05518
1027 1.05578
1028 1.05619
1029 1.05494
1030 1.05379
1031 1.05409
1032 1.05304
1033 1.05429
1034 1.05374
1035 1.05347
1036 1.05227
1037 1.0519
1038 1.05215
1039 1.05205
1040 1.05112
1041 1.05061
1042 1.05027
1043 1.05111
1044 1.05008
1045 1.05119
1046 1.04985
1047 1.04896
1048 1.04969
1049 1.04874
1050 1.04793
1051 1.04779
1052 1.04807
1053 1.04754
1054 1.04782
1055 1.04785
1056 1.04767
1057 1.04659
1058 1.04688
1059 1.04605
1060 1.04644
1061 1.04781
1062 1.04589
1063 1.04601
1064 1.04525
1065 1.04498
1066 1.04488
1067 1.04562
1068 1.04558
1069 1.0455
1070 1.04394
1071 1.04395
1072 1.044
1073 1.04429
1074 1.04288
1075 1.04306
1076 1.04285
1077 1.04267
1078 1.04285
1079 1.04253
1080 1.04205
1081 1.04178
1082 1.04189
1083 1.04216
1084 1.04129
1085 1.04115
1086 1.04168
1087 1.04076
1088 1.04032
1089 1.04077
1090 1.03958
1091 1.03966
1092 1.03977
1093 1.03908
1094 1.03973
1095 1.03986
1096 1.03871
1097 1.03807
1098 1.0388
1099 1.03807
1100 1.03745
1101 1.03845
1102 1.03659
1103 1.03672
1104 1.03696
1105 1.03657
1106 1.03671
1107 1.03605
1108 1.03499
1109 1.03526
1110 1.03634
1111 1.03472
1112 1.03528
1113 1.03507
1114 1.03402
1115 1.03449
1116 1.03306
1117 1.03406
1118 1.0346
1119 1.03259
1120 1.03371
1121 1.03281
1122 1.03158
1123 1.03188
1124 1.03284
1125 1.03201
1126 1.03138
1127 1.03054
1128 1.03126
1129 1.03053
1130 1.03154
1131 1.03089
1132 1.03099
1133 1.0314
1134 1.03003
1135 1.02976
1136 1.02766
1137 1.03006
1138 1.02895
1139 1.02936
1140 1.02912
1141 1.02792
1142 1.02794
1143 1.02885
1144 1.02825
1145 1.02784
1146 1.02783
1147 1.02767
1148 1.0276
1149 1.02769
1150 1.0278
1151 1.02734
1152 1.02747
1153 1.0275
1154 1.02667
1155 1.0269
1156 1.02628
1157 1.02578
1158 1.02607
1159 1.02615
1160 1.02567
1161 1.02627
1162 1.026
1163 1.02595
1164 1.02594
1165 1.0257
1166 1.02598
1167 1.02471
1168 1.02637
1169 1.02608
1170 1.02574
1171 1.0248
1172 1.02592
1173 1.02585
1174 1.02507
1175 1.02689
1176 1.0251
1177 1.02642
1178 1.026
1179 1.02565
1180 1.0257
1181 1.02659
1182 1.02627
1183 1.02605
1184 1.02621
1185 1.02534
1186 1.02545
1187 1.02609
1188 1.02643
1189 1.02631
1190 1.02602
1191 1.02654
1192 1.02596
1193 1.02665
1194 1.02607
1195 1.02576
1196 1.02611
1197 1.02635
1198 1.02689
1199 1.02669
1200 1.02531
1201 1.02628
1202 1.0268
1203 1.02617
1204 1.02651
1205 1.02593
1206 1.02581
1207 1.02555
1208 1.02598
1209 1.02661
1210 1.02487
1211 1.0258
1212 1.02518
1213 1.02553
1214 1.02562
1215 1.02446
1216 1.02513
1217 1.02554
1218 1.02506
1219 1.02446
1220 1.02491
1221 1.02408
1222 1.02458
1223 1.02424
1224 1.02434
1225 1.02391
1226 1.02349
1227 1.02319
1228 1.02485
1229 1.02236
1230 1.02377
1231 1.0223
1232 1.0225
1233 1.02284
1234 1.02199
1235 1.02248
1236 1.02179
1237 1.02144
1238 1.0226
1239 1.02095
1240 1.02058
1241 1.02116
1242 1.01995
1243 1.01973
1244 1.01994
1245 1.0196
1246 1.01992
1247 1.02021
1248 1.01918
1249 1.01895
1250 1.01934
1251 1.01938
1252 1.01909
1253 1.01883
1254 1.01865
1255 1.01774
1256 1.01844
1257 1.01805
1258 1.01806
1259 1.01715
1260 1.01707
1261 1.01749
1262 1.01734
1263 1.01694
1264 1.01682
1265 1.0162
1266 1.01614
1267 1.01554
1268 1.0169
1269 1.01641
1270 1.01628
1271 1.01624
1272 1.01592
1273 1.01509
1274 1.01514
1275 1.01562
1276 1.01476
1277 1.01468
1278 1.01498
1279 1.01491
1280 1.01517
1281 1.01485
1282 1.01462
1283 1.01422
1284 1.01335
1285 1.01453
1286 1.01345
1287 1.01354
1288 1.01349
1289 1.01391
1290 1.01261
1291 1.01325
1292 1.01284
1293 1.01317
1294 1.01287
1295 1.01251
1296 1.01259
1297 1.01254
1298 1.01238
1299 1.01277
1300 1.01231
1301 1.01261
1302 1.01214
1303 1.01221
1304 1.01198
1305 1.01204
1306 1.01205
1307 1.01185
1308 1.01233
1309 1.01148
1310 1.0115
1311 1.01161
1312 1.01167
1313 1.01066
1314 1.01119
1315 1.01079
1316 1.01088
1317 1.01074
1318 1.01056
1319 1.01023
1320 1.01043
1321 1.0111
1322 1.01074
1323 1.01039
1324 1.01019
1325 1.01045
1326 1.0104
1327 1.00985
1328 1.01023
1329 1.00986
1330 1.00926
1331 1.00988
1332 1.00894
1333 1.00899
1334 1.00876
1335 1.00891
1336 1.00865
1337 1.0084
1338 1.00845
1339 1.00841
1340 1.00808
1341 1.00888
1342 1.00859
1343 1.00785
1344 1.00808
1345 1.0075
1346 1.00775
1347 1.00744
1348 1.00756
1349 1.00705
1350 1.00778
1351 1.00658
1352 1.00748
1353 1.00712
1354 1.00675
1355 1.00683
1356 1.0063
1357 1.00643
1358 1.00654
1359 1.00609
1360 1.00632
1361 1.00622
1362 1.0064
1363 1.00642
1364 1.00515
1365 1.00579
1366 1.00588
1367 1.00552
1368 1.00525
1369 1.00573
1370 1.00601
1371 1.00498
1372 1.00525
1373 1.00463
1374 1.00568
1375 1.00472
1376 1.00477
1377 1.00488
1378 1.00503
1379 1.00541
1380 1.00483
1381 1.00543
1382 1.00514
1383 1.0046
1384 1.00547
1385 1.00574
1386 1.00573
1387 1.00571
1388 1.00413
1389 1.00433
1390 1.00485
1391 1.00572
1392 1.00582
1393 1.00522
1394 1.00451
1395 1.00539
1396 1.00509
1397 1.00614
1398 1.00522
1399 1.0075
1400 1.00668
1401 1.00723
1402 1.00833
1403 1.00603
1404 1.00562
1405 1.00783
1406 1.00643
1407 1.00922
1408 1.00949
1409 1.00781
1410 1.00835
1411 1.00993
1412 1.01162
1413 1.00953
1414 1.00748
1415 1.01002
1416 1.01173
1417 1.00984
1418 1.01045
1419 1.0109
1420 1.00933
1421 1.00996
1422 1.01215
1423 1.01146
1424 1.01226
1425 1.01264
1426 1.01379
1427 1.01321
1428 1.01346
1429 1.01307
1430 1.01437
1431 1.01423
1432 1.01422
1433 1.01494
1434 1.01623
1435 1.01562
1436 1.01517
1437 1.01519
1438 1.01534
1439 1.0166
1440 1.01434
1441 1.01622
1442 1.01654
1443 1.01646
1444 1.01731
1445 1.01677
1446 1.01719
1447 1.0166
1448 1.01677
1449 1.01807
1450 1.01798
1451 1.01739
1452 1.0177
1453 1.01814
1454 1.01666
1455 1.01711
1456 1.01761
1457 1.0177
1458 1.01826
1459 1.017
1460 1.01818
1461 1.01744
1462 1.01669
1463 1.01752
1464 1.01764
1465 1.01841
1466 1.01808
1467 1.01769
1468 1.01656
1469 1.01712
1470 1.0182
1471 1.01661
1472 1.01739
1473 1.01655
1474 1.01566
1475 1.01743
1476 1.01659
1477 1.01593
1478 1.01633
1479 1.01621
1480 1.01512
1481 1.0153
1482 1.01584
1483 1.01519
1484 1.01525
1485 1.01555
1486 1.01515
1487 1.01501
1488 1.0147
1489 1.0137
1490 1.01557
1491 1.01465
1492 1.01393
1493 1.01294
1494 1.01436
1495 1.01399
1496 1.01419
1497 1.01298
1498 1.01351
1499 1.01273
1500 1.0128
1501 1.0136
1502 1.01273
1503 1.01238
1504 1.01314
1505 1.01262
1506 1.01215
1507 1.01228
1508 1.01155
1509 1.01165
1510 1.01208
1511 1.01105
1512 1.01148
1513 1.01139
1514 1.01144
1515 1.01061
1516 1.011
1517 1.00968
1518 1.01013
1519 1.01058
1520 1.00999
1521 1.01005
1522 1.01047
1523 1.00984
1524 1.00991
1525 1.0104
1526 1.0097
1527 1.0094
1528 1.00894
1529 1.00937
1530 1.00908
1531 1.00916
1532 1.00933
1533 1.00941
1534 1.00938
1535 1.00895
1536 1.00816
1537 1.00875
1538 1.00864
1539 1.00831
1540 1.00834
1541 1.00769
1542 1.00784
1543 1.0091
1544 1.0086
1545 1.00837
1546 1.00815
1547 1.00779
1548 1.00786
1549 1.0077
1550 1.00724
1551 1.00695
1552 1.00712
1553 1.00707
1554 1.00668
1555 1.0071
1556 1.0072
1557 1.00647
1558 1.00687
1559 1.00679
1560 1.0063
1561 1.00633
1562 1.00678
1563 1.0061
1564 1.00603
1565 1.00589
1566 1.00559
1567 1.0051
1568 1.00575
1569 1.00566
1570 1.00508
1571 1.00574
1572 1.00563
1573 1.00489
1574 1.0053
1575 1.00571
1576 1.00501
1577 1.00457
1578 1.00455
1579 1.00511
1580 1.00438
1581 1.00398
1582 1.0038
1583 1.00456
1584 1.00399
1585 1.00391
1586 1.0041
1587 1.00453
1588 1.00408
1589 1.00377
1590 1.00329
1591 1.00336
1592 1.00308
1593 1.00371
1594 1.00298
1595 1.003
1596 1.00357
1597 1.00283
1598 1.00285
1599 1.00255
1600 1.00237
1601 1.0021
1602 1.00273
1603 1.00249
1604 1.00249
1605 1.00149
1606 1.00226
1607 1.00221
1608 1.00171
1609 1.00178
1610 1.00165
1611 1.00206
1612 1.00164
1613 1.00156
1614 1.00126
1615 1.00152
1616 1.0015
1617 1.00145
1618 1.00152
1619 1.00141
1620 1.00111
1621 1.00088
1622 1.0013
1623 1.00098
1624 1.00074
1625 1.00093
1626 1.00108
1627 1.00138
1628 1.00108
1629 1.00106
1630 1.00105
1631 1.00092
1632 1.00043
1633 1.00084
1634 1.00077
1635 1.00054
1636 1.00094
1637 1.00066
1638 1.00103
1639 1.00093
1640 1.00099
1641 1.00105
1642 1.00072
1643 1.001
1644 1.00089
1645 1.00055
1646 1.00065
1647 1.00157
1648 1.00094
1649 1.00084
1650 1.00071
1651 1.00027
1652 1.0015
1653 1.00082
1654 1.00059
1655 1.00115
1656 1.00082
1657 1.00079
1658 1.00167
1659 1.00117
1660 1.00109
1661 1.00185
1662 1.0017
1663 1.0015
1664 1.0021
1665 1.00175
1666 1.00142
1667 1.00177
1668 1.00177
1669 1.0024
1670 1.00171
1671 1.00114
1672 1.00185
1673 1.00198
1674 1.00176
1675 1.00202
1676 1.0017
1677 1.00249
1678 1.00214
1679 1.00226
1680 1.00205
1681 1.00169
1682 1.00157
1683 1.00197
1684 1.00214
1685 1.00204
1686 1.0016
1687 1.00191
1688 1.00149
1689 1.00152
1690 1.00136
1691 1.00164
1692 1.00178
1693 1.00156
1694 1.00164
1695 1.00186
1696 1.00129
1697 1.00172
1698 1.00154
1699 1.00168
1700 1.0011
1701 1.00112
1702 1.0017
1703 1.00149
1704 1.00126
1705 1.00118
1706 1.001
1707 1.00132
1708 1.00085
1709 1.00074
1710 1.00057
1711 1.0005
1712 1.00066
1713 1.00054
1714 1.00007
1715 1.00052
1716 0.999892
1717 1.00059
1718 1.00021
1719 0.999922
1720 0.999761
1721 0.99968
1722 0.999371
1723 0.999816
1724 0.999626
1725 0.999232
1726 0.999779
1727 0.99966
1728 0.999538
1729 0.998869
1730 0.999529
1731 0.999007
1732 0.999132
1733 0.998514
1734 0.999387
1735 0.998645
1736 0.998864
1737 0.998714
1738 0.9986
1739 0.998504
1740 0.99801
1741 0.998267
1742 0.998175
1743 0.998307
1744 0.998012
1745 0.998088
1746 0.99834
1747 0.997829
1748 0.997636
1749 0.997456
1750 0.997809
1751 0.998108
1752 0.997392
1753 0.997589
1754 0.997635
1755 0.997126
1756 0.997481
1757 0.997259
1758 0.997385
1759 0.997787
1760 0.996923
1761 0.997459
1762 0.997189
1763 0.997362
1764 0.99714
1765 0.99696
1766 0.996999
1767 0.996761
1768 0.99674
1769 0.9968
1770 0.996883
1771 0.996379
1772 0.996672
1773 0.997008
1774 0.996884
1775 0.996889
1776 0.996721
1777 0.996513
1778 0.996858
1779 0.996516
1780 0.996571
1781 0.996532
1782 0.996774
1783 0.996245
1784 0.996453
1785 0.996197
1786 0.996219
1787 0.996235
1788 0.996281
1789 0.996192
1790 0.996335
1791 0.995809
1792 0.996085
1793 0.996284
1794 0.996134
1795 0.996231
1796 0.996086
1797 0.996075
1798 0.996324
1799 0.996987
1800 0.995748
1801 0.995865
1802 0.995781
1803 0.995904
1804 0.995554
1805 0.995673
1806 0.99576
1807 0.995446
1808 0.995439
1809 0.995526
1810 0.995635
1811 0.995471
1812 0.995522
1813 0.995503
1814 0.995331
1815 0.995251
1816 0.996367
1817 0.996118
1818 0.995336
1819 0.994981
1820 0.996147
1821 0.994941
1822 0.995034
1823 0.9948
1824 0.995024
1825 0.996145
1826 0.994488
1827 0.996571
1828 0.996856
1829 0.995572
1830 0.994775
1831 0.994956
1832 0.994887
1833 0.994862
1834 0.997188
1835 0.997377
1836 0.996425
1837 0.995126
1838 0.995306
1839 0.99773
1840 0.998653
1841 0.996777
1842 0.996078
1843 0.995017
1844 0.995144
1845 0.997696
1846 0.997482
1847 1.00008
1848 0.996639
1849 0.997491
1850 1.00061
1851 0.998142
1852 0.997096
1853 1.00075
1854 0.997796
1855 0.998232
1856 0.999068
1857 1.00216
1858 0.999681
1859 0.999479
1860 1.00302
1861 0.998816
1862 1.00222
1863 1.00212
1864 1.00036
1865 1.00283
1866 1.003
1867 1.00289
1868 1.00441
1869 1.00546
1870 1.0029
1871 1.00086
1872 1.01129
1873 1.01141
1874 1.00928
1875 1.0096
1876 1.0067
1877 1.00927
1878 1.01843
1879 1.01005
1880 1.00725
1881 1.01599
1882 1.01645
1883 1.02001
1884 1.02167
1885 1.01734
1886 1.01717
1887 1.03189
1888 1.02003
1889 1.01736
1890 1.02466
1891 1.01957
1892 1.0214
1893 1.0268
1894 1.0242
1895 1.02461
1896 1.0328
1897 1.035
1898 1.03746
1899 1.03474
1900 1.03226
1901 1.03206
1902 1.03712
1903 1.03086
1904 1.03688
1905 1.03475
1906 1.0392
1907 1.03849
1908 1.04107
1909 1.03613
1910 1.05116
1911 1.04934
1912 1.04133
1913 1.05061
1914 1.04801
1915 1.04634
1916 1.04155
1917 1.05338
1918 1.0515
1919 1.05425
1920 1.05761
1921 1.05166
1922 1.05339
1923 1.05022
1924 1.04581
1925 1.05483
1926 1.05727
1927 1.05855
1928 1.06182
1929 1.05972
1930 1.05757
1931 1.06127
1932 1.06354
1933 1.05845
1934 1.06333
1935 1.06445
1936 1.06404
1937 1.05987
1938 1.05926
1939 1.06241
1940 1.06293
1941 1.06311
1942 1.06124
1943 1.06371
1944 1.06526
1945 1.06444
1946 1.06587
1947 1.06693
1948 1.06643
1949 1.06521
1950 1.06328
1951 1.06586
1952 1.06522
1953 1.06552
1954 1.06436
1955 1.06222
1956 1.06356
1957 1.06283
1958 1.06417
1959 1.06308
1960 1.06194
1961 1.06466
1962 1.06381
1963 1.06551
1964 1.06567
1965 1.06458
1966 1.06347
1967 1.06454
1968 1.06477
1969 1.06266
1970 1.06405
1971 1.06435
1972 1.06395
1973 1.06347
1974 1.06382
1975 1.06212
1976 1.06363
1977 1.06321
1978 1.06288
1979 1.06213
1980 1.06105
1981 1.0622
1982 1.06267
1983 1.06155
1984 1.06041
1985 1.06301
1986 1.06146
1987 1.06077
1988 1.06043
1989 1.05977
1990 1.05934
1991 1.06066
1992 1.06012
1993 1.05914
1994 1.0599
1995 1.05937
1996 1.05941
1997 1.05931
1998 1.05983
1999 1.05878
2000 1.05835
2001 1.05856
2002 1.05802
2003 1.05938
2004 1.05749
2005 1.05749
2006 1.05828
2007 1.0578
2008 1.05594
2009 1.0566
2010 1.05723
2011 1.05611
2012 1.0571
2013 1.05728
2014 1.05634
2015 1.05703
2016 1.05606
2017 1.05594
2018 1.05527
2019 1.05578
2020 1.05502
2021 1.05567
2022 1.05479
2023 1.05518
2024 1.05398
2025 1.05471
2026 1.05396
2027 1.05409
2028 1.0537
2029 1.05307
2030 1.05412
2031 1.0542
2032 1.05316
2033 1.0525
2034 1.05348
2035 1.05407
2036 1.05241
2037 1.05282
2038 1.05254
2039 1.05253
2040 1.05284
2041 1.0527
2042 1.05247
2043 1.05226
2044 1.05177
2045 1.05112
2046 1.05161
2047 1.05122
2048 1.05058
2049 1.05102
2050 1.05014
2051 1.05024
2052 1.05015
2053 1.05052
2054 1.04957
2055 1.05033
2056 1.04938
2057 1.04937
2058 1.04935
2059 1.04931
2060 1.04947
2061 1.04926
2062 1.04826
2063 1.04913
2064 1.04793
2065 1.04771
2066 1.04759
2067 1.04754
2068 1.04837
2069 1.04799
2070 1.04698
2071 1.04768
2072 1.04674
2073 1.04666
2074 1.04696
2075 1.04707
2076 1.0473
2077 1.0469
2078 1.04614
2079 1.0462
2080 1.04562
2081 1.04569
2082 1.04607
2083 1.04637
2084 1.04616
2085 1.04454
2086 1.04532
2087 1.04581
2088 1.04596
2089 1.04454
2090 1.0447
2091 1.04444
2092 1.0438
2093 1.04435
2094 1.04468
2095 1.0443
2096 1.04379
2097 1.04459
2098 1.04389
2099 1.04408
2100 1.04313
2101 1.04382
2102 1.04279
2103 1.04329
2104 1.04287
2105 1.04358
2106 1.04265
2107 1.04231
2108 1.0425
2109 1.04271
2110 1.04298
2111 1.04229
2112 1.04258
2113 1.04266
2114 1.04233
2115 1.04251
2116 1.04204
2117 1.04232
2118 1.04156
2119 1.04211
2120 1.04176
2121 1.0415
2122 1.042
2123 1.04137
2124 1.0413
2125 1.04121
2126 1.04084
2127 1.04158
2128 1.04162
2129 1.04124
2130 1.04102
2131 1.04141
2132 1.04124
2133 1.04104
2134 1.04105
2135 1.04095
2136 1.04118
2137 1.04076
2138 1.04091
2139 1.04043
2140 1.04039
2141 1.041
2142 1.04096
2143 1.03981
2144 1.0404
2145 1.03995
2146 1.03997
2147 1.04006
2148 1.0394
2149 1.03972
2150 1.03934
2151 1.03986
2152 1.03956
2153 1.03937
2154 1.03895
2155 1.03884
2156 1.03971
2157 1.03966
2158 1.03953
2159 1.03916
2160 1.0388
2161 1.03888
2162 1.03877
2163 1.03902
2164 1.03851
2165 1.03889
2166 1.03821
2167 1.03883
2168 1.039
2169 1.03781
2170 1.03807
2171 1.03818
2172 1.03802
2173 1.03821
2174 1.03826
2175 1.03725
2176 1.03782
2177 1.0376
2178 1.03711
2179 1.03662
2180 1.03605
2181 1.03645
2182 1.03623
2183 1.03646
2184 1.03651
2185 1.03611
2186 1.03635
2187 1.03618
2188 1.03568
2189 1.03568
2190 1.03578
2191 1.03568
2192 1.03574
2193 1.03479
2194 1.03546
2195 1.03466
2196 1.03489
2197 1.03476
2198 1.03424
2199 1.0353
2200 1.03435
2201 1.03508
2202 1.03366
2203 1.03438
2204 1.03405
2205 1.03493
2206 1.03422
2207 1.03368
2208 1.03408
2209 1.03394
2210 1.03337
2211 1.03326
2212 1.03228
2213 1.03288
2214 1.03335
2215 1.0327
2216 1.03251
2217 1.03178
2218 1.03194
2219 1.03264
2220 1.03265
2221 1.03176
2222 1.0321
2223 1.03222
2224 1.03061
2225 1.03136
2226 1.03098
2227 1.03147
2228 1.03086
2229 1.03172
2230 1.03054
2231 1.03081
2232 1.03089
2233 1.03117
2234 1.03039
2235 1.03019
2236 1.03159
2237 1.02974
2238 1.02969
2239 1.03048
2240 1.02945
2241 1.02955
2242 1.02909
2243 1.02958
2244 1.02944
2245 1.02987
2246 1.02929
2247 1.02933
2248 1.02928
2249 1.02894
2250 1.02842
2251 1.02925
2252 1.0287
2253 1.02832
2254 1.02842
2255 1.02786
2256 1.02814
2257 1.02792
2258 1.02769
2259 1.02789
2260 1.02748
2261 1.02768
2262 1.02771
2263 1.02702
2264 1.02739
2265 1.02727
2266 1.027
2267 1.02738
2268 1.02714
2269 1.02693
2270 1.02734
2271 1.0272
2272 1.02657
2273 1.02721
2274 1.02657
2275 1.02624
2276 1.02558
2277 1.02659
2278 1.02644
2279 1.02656
2280 1.02621
2281 1.02519
2282 1.02563
2283 1.02586
2284 1.0253
2285 1.02565
2286 1.02568
2287 1.02541
2288 1.02559
2289 1.0256
2290 1.02491
2291 1.02503
2292 1.02504
2293 1.02476
2294 1.02493
2295 1.02492
2296 1.02487
2297 1.02487
2298 1.02442
2299 1.02381
2300 1.02392
2301 1.02392
2302 1.02418
2303 1.02443
2304 1.02399
2305 1.02377
2306 1.02408
2307 1.02397
2308 1.02372
2309 1.02316
2310 1.02388
2311 1.02372
2312 1.02297
2313 1.02313
2314 1.02345
2315 1.02293
2316 1.02345
2317 1.0228
2318 1.02287
2319 1.02315
2320 1.02374
2321 1.02308
2322 1.0223
2323 1.02267
2324 1.02228
2325 1.02308
2326 1.02233
2327 1.02243
2328 1.02335
2329 1.02289
2330 1.02336
2331 1.02314
2332 1.02282
2333 1.02187
2334 1.02226
2335 1.02266
2336 1.02221
2337 1.02278
2338 1.02217
2339 1.02219
2340 1.02224
2341 1.02263
2342 1.02231
2343 1.022
2344 1.02265
2345 1.02255
2346 1.02234
2347 1.02321
2348 1.0227
2349 1.02231
2350 1.0222
2351 1.02254
2352 1.02267
2353 1.02257
2354 1.02259
2355 1.0225
2356 1.02376
2357 1.0225
2358 1.02312
2359 1.02362
2360 1.0231
2361 1.02261
2362 1.02315
2363 1.02304
2364 1.02334
2365 1.02425
2366 1.02319
2367 1.02263
2368 1.02263
2369 1.02385
2370 1.02389
2371 1.02357
2372 1.02362
2373 1.02343
2374 1.02337
2375 1.02447
2376 1.02491
2377 1.02385
2378 1.02482
2379 1.02358
2380 1.02388
2381 1.02371
2382 1.02393
2383 1.02459
2384 1.02551
2385 1.02458
2386 1.02424
2387 1.02452
2388 1.02417
2389 1.02363
2390 1.02469
2391 1.0248
2392 1.02521
2393 1.02483
2394 1.02488
2395 1.02499
2396 1.02694
2397 1.02416
2398 1.02476
2399 1.02501
2400 1.02509
2401 1.02568
2402 1.02409
2403 1.0249
2404 1.02591
2405 1.02534
2406 1.02604
2407 1.02503
2408 1.0252
2409 1.02652
2410 1.02494
2411 1.02458
2412 1.02451
2413 1.0253
2414 1.02433
2415 1.02509
2416 1.02503
2417 1.02528
2418 1.02399
2419 1.0244
2420 1.02555
2421 1.02426
2422 1.02512
2423 1.02433
2424 1.02474
2425 1.02501
2426 1.0242
2427 1.0241
2428 1.02408
2429 1.02442
2430 1.02313
2431 1.02419
2432 1.02345
2433 1.0232
2434 1.02378
2435 1.0237
2436 1.02272
2437 1.02349
2438 1.02378
2439 1.02301
2440 1.0231
2441 1.02319
2442 1.02273
2443 1.02255
2444 1.02281
2445 1.02306
2446 1.02213
2447 1.02291
2448 1.02245
2449 1.02247
2450 1.02297
2451 1.02189
2452 1.0221
2453 1.02195
2454 1.02205
2455 1.02113
2456 1.02137
2457 1.02183
2458 1.02129
2459 1.02097
2460 1.02161
2461 1.0207
2462 1.02114
2463 1.02178
2464 1.02073
2465 1.021
2466 1.02102
2467 1.02028
2468 1.02017
2469 1.02057
2470 1.02013
2471 1.02029
2472 1.02019
2473 1.01999
2474 1.01966
2475 1.01944
2476 1.01954
2477 1.01947
2478 1.01977
2479 1.0196
2480 1.01921
2481 1.01878
2482 1.01984
2483 1.01887
2484 1.01943
2485 1.0186
2486 1.01845
2487 1.0184
2488 1.01861
2489 1.01888
2490 1.01881
2491 1.01809
2492 1.01771
2493 1.01855
2494 1.01817
2495 1.01735
2496 1.01744
2497 1.01776
2498 1.01822
2499 1.01761
2500 1.01765
2501 1.01683
2502 1.01743
2503 1.01725
2504 1.0166
2505 1.01758
2506 1.01742
2507 1.01744
2508 1.01724
2509 1.01652
2510 1.01708
2511 1.01638
2512 1.01606
2513 1.01655
2514 1.01628
2515 1.01618
2516 1.0159
2517 1.01582
2518 1.01573
2519 1.01605
2520 1.01528
2521 1.01533
2522 1.01551
2523 1.01564
2524 1.01562
2525 1.01513
2526 1.01527
2527 1.01524
2528 1.01513
2529 1.01471
2530 1.0151
2531 1.01484
2532 1.01514
2533 1.01427
2534 1.01467
2535 1.0145
2536 1.01489
2537 1.01408
2538 1.01417
2539 1.01399
2540 1.01371
2541 1.01421
2542 1.01414
2543 1.01389
2544 1.01376
2545 1.0138
2546 1.01356
2547 1.01393
2548 1.01356
2549 1.01375
2550 1.0135
2551 1.0132
2552 1.01389
2553 1.01332
2554 1.01292
2555 1.0132
2556 1.01218
2557 1.01272
2558 1.01296
2559 1.01279
2560 1.01284
2561 1.01248
2562 1.01273
2563 1.01249
2564 1.01243
2565 1.01236
2566 1.01224
2567 1.0124
2568 1.01207
2569 1.01224
2570 1.01247
2571 1.01188
2572 1.01182
2573 1.01244
2574 1.01167
2575 1.01254
2576 1.01165
2577 1.01145
2578 1.01199
2579 1.01152
2580 1.01148
2581 1.01165
2582 1.01142
2583 1.01159
2584 1.0114
2585 1.01192
2586 1.01144
2587 1.01118
2588 1.01135
2589 1.01161
2590 1.01142
2591 1.01137
2592 1.01074
2593 1.01119
2594 1.01092
2595 1.0114
2596 1.0112
2597 1.01112
2598 1.01089
2599 1.01112
2600 1.0114
2601 1.01127
2602 1.01127
2603 1.01096
2604 1.01092
2605 1.01068
2606 1.01149
2607 1.0109
2608 1.01089
2609 1.01129
2610 1.01077
2611 1.01098
2612 1.01087
2613 1.01074
2614 1.01086
2615 1.01049
2616 1.01096
2617 1.01051
2618 1.01034
2619 1.0105
2620 1.0105
2621 1.01055
2622 1.01048
2623 1.01053
2624 1.0099
2625 1.0105
2626 1.01015
2627 1.01019
2628 1.01023
2629 1.0104
2630 1.00984
2631 1.01061
2632 1.0102
2633 1.01044
2634 1.01011
2635 1.01058
2636 1.01013
2637 1.00967
2638 1.00995
2639 1.01004
2640 1.01006
2641 1.00964
2642 1.01028
2643 1.00964
2644 1.00972
2645 1.00978
2646 1.01011
2647 1.01016
2648 1.00984
2649 1.00972
2650 1.00955
2651 1.00978
2652 1.00948
2653 1.00944
2654 1.00922
2655 1.00976
2656 1.00928
2657 1.00895
2658 1.00922
2659 1.0092
2660 1.00907
2661 1.00888
2662 1.00892
2663 1.00867
2664 1.0086
2665 1.00871
2666 1.00832
2667 1.00874
2668 1.00829
2669 1.00814
2670 1.00828
2671 1.00867
2672 1.0083
2673 1.00843
2674 1.00837
2675 1.00795
2676 1.00778
2677 1.00802
2678 1.00796
2679 1.00783
2680 1.00726
2681 1.00775
2682 1.00765
2683 1.00738
2684 1.00776
2685 1.0078
2686 1.00759
2687 1.00732
2688 1.00731
2689 1.0073
2690 1.00691
2691 1.00715
2692 1.00682
2693 1.0068
2694 1.00689
2695 1.00669
2696 1.00639
2697 1.00679
2698 1.00661
2699 1.00665
2700 1.00626
2701 1.00668
2702 1.00656
2703 1.00623
2704 1.0063
2705 1.00606
2706 1.00633
2707 1.00617
2708 1.00575
2709 1.00604
2710 1.00588
2711 1.00579
2712 1.00617
2713 1.00551
2714 1.0063
2715 1.00623
2716 1.0055
2717 1.00538
2718 1.00535
2719 1.00596
2720 1.00538
2721 1.00521
2722 1.00537
2723 1.00519
2724 1.00516
2725 1.00538
2726 1.0049
2727 1.00513
2728 1.00527
2729 1.00494
2730 1.00492
2731 1.00498
2732 1.00488
2733 1.00497
2734 1.00501
2735 1.00493
2736 1.00435
2737 1.00467
2738 1.00473
2739 1.00449
2740 1.00481
2741 1.00442
2742 1.00446
2743 1.0045
2744 1.00428
2745 1.00413
2746 1.00431
2747 1.00443
2748 1.00443
2749 1.00425
2750 1.00374
2751 1.00405
2752 1.00391
2753 1.00369
2754 1.00395
2755 1.00415
2756 1.00416
2757 1.00374
2758 1.00415
2759 1.00425
2760 1.00377
2761 1.00385
2762 1.00382
2763 1.00411
2764 1.00366
2765 1.0035
2766 1.00345
2767 1.00382
2768 1.00454
2769 1.00384
2770 1.00369
2771 1.00348
2772 1.00383
2773 1.00307
2774 1.00301
2775 1.00321
2776 1.0033
2777 1.00403
2778 1.00365
2779 1.00314
2780 1.00306
2781 1.00317
2782 1.00295
2783 1.00271
2784 1.00284
2785 1.00384
2786 1.00335
2787 1.00398
2788 1.00406
2789 1.00342
2790 1.0036
2791 1.0027
2792 1.00367
2793 1.00276
2794 1.00386
2795 1.00411
2796 1.00406
2797 1.00432
2798 1.00442
2799 1.00356
2800 1.00387
2801 1.00597
2802 1.00291
2803 1.00392
2804 1.00462
2805 1.00649
2806 1.0043
2807 1.00583
2808 1.00655
2809 1.00501
2810 1.005
2811 1.00528
2812 1.00598
2813 1.00472
2814 1.00465
2815 1.00628
2816 1.00523
2817 1.00591
2818 1.00661
2819 1.00541
2820 1.00656
2821 1.00643
2822 1.00803
2823 1.00518
2824 1.00578
2825 1.00858
2826 1.00591
2827 1.00776
2828 1.00777
2829 1.00774
2830 1.00896
2831 1.00681
2832 1.00657
2833 1.01037
2834 1.00822
2835 1.00745
2836 1.0069
2837 1.01048
2838 1.00963
2839 1.01089
2840 1.00918
2841 1.00975
2842 1.009
2843 1.00972
2844 1.01332
2845 1.01301
2846 1.01258
2847 1.01172
2848 1.01082
2849 1.00973
2850 1.00938
2851 1.01132
2852 1.01164
2853 1.014
2854 1.01069
2855 1.01284
2856 1.01293
2857 1.0137
2858 1.01373
2859 1.01369
2860 1.01524
2861 1.01564
2862 1.01527
2863 1.01295
2864 1.01332
2865 1.01483
2866 1.01559
2867 1.01494
2868 1.01533
2869 1.01341
2870 1.01487
2871 1.01645
2872 1.01597
2873 1.01597
2874 1.01581
2875 1.01539
2876 1.01667
2877 1.01611
2878 1.0145
2879 1.01628
2880 1.01668
2881 1.01791
2882 1.01738
2883 1.01818
2884 1.01681
2885 1.01825
2886 1.01795
2887 1.01752
2888 1.01811
2889 1.01944
2890 1.01884
2891 1.01821
2892 1.01782
2893 1.01955
2894 1.01801
2895 1.01821
2896 1.01825
2897 1.01745
2898 1.01793
2899 1.01943
2900 1.0177
2901 1.01731
2902 1.01908
2903 1.01913
2904 1.01834
2905 1.01852
2906 1.01777
2907 1.01833
2908 1.01817
2909 1.01942
2910 1.01764
2911 1.01767
2912 1.01787
2913 1.01779
2914 1.01798
2915 1.01841
2916 1.0182
2917 1.01787
2918 1.01833
2919 1.01767
2920 1.0179
2921 1.01838
2922 1.01752
2923 1.01741
2924 1.01715
2925 1.01796
2926 1.01761
2927 1.01736
2928 1.01765
2929 1.01649
2930 1.01653
2931 1.01636
2932 1.01669
2933 1.01693
2934 1.01645
2935 1.01655
2936 1.01669
2937 1.01617
2938 1.01675
2939 1.01653
2940 1.0162
2941 1.01727
2942 1.01645
2943 1.01602
2944 1.01624
2945 1.01564
2946 1.01596
2947 1.0156
2948 1.01616
2949 1.01608
2950 1.01595
2951 1.01552
2952 1.01532
2953 1.01525
2954 1.01599
2955 1.0157
2956 1.01478
2957 1.01497
2958 1.01473
2959 1.01499
2960 1.01537
2961 1.01499
2962 1.01431
2963 1.01433
2964 1.01432
2965 1.01412
2966 1.01451
2967 1.01421
2968 1.01412
2969 1.01431
2970 1.01402
2971 1.01403
2972 1.01406
2973 1.01358
2974 1.01378
2975 1.01371
2976 1.01333
2977 1.01338
2978 1.01315
2979 1.01351
2980 1.01353
2981 1.01337
2982 1.01356
2983 1.0129
2984 1.01246
2985 1.01317
2986 1.01275
2987 1.01282
2988 1.01315
2989 1.0123
2990 1.01244
2991 1.01196
2992 1.01202
2993 1.01291
2994 1.01247
2995 1.01223
2996 1.01203
2997 1.01188
2998 1.0113
2999 1.01201
3000 1.01144
3001 1.01182
3002 1.01174
3003 1.01139
3004 1.01125
3005 1.01136
3006 1.01125
3007 1.01151
3008 1.01161
3009 1.01105
3010 1.01111
3011 1.01139
3012 1.01099
3013 1.01069
3014 1.01083
3015 1.01079
3016 1.01038
3017 1.01035
3018 1.01004
3019 1.00994
3020 1.01024
3021 1.01016
3022 1.01005
3023 1.00982
3024 1.01006
3025 1.00972
3026 1.00972
3027 1.00996
3028 1.01018
3029 1.00951
3030 1.00963
3031 1.00996
3032 1.00972
3033 1.00939
3034 1.00932
3035 1.00913
3036 1.00956
3037 1.00917
3038 1.00947
3039 1.00926
3040 1.00858
3041 1.009
3042 1.00898
3043 1.00953
3044 1.00925
3045 1.0087
3046 1.00883
3047 1.00929
3048 1.0087
3049 1.00863
3050 1.00859
3051 1.00869
3052 1.00834
3053 1.00847
3054 1.00846
3055 1.00849
3056 1.00839
3057 1.008
3058 1.00825
3059 1.00831
3060 1.00811
3061 1.00807
3062 1.00781
3063 1.00774
3064 1.00805
3065 1.00861
3066 1.00826
3067 1.00806
3068 1.00789
3069 1.00777
3070 1.0077
3071 1.00806
3072 1.0077
3073 1.00794
3074 1.00798
3075 1.00767
3076 1.00753
3077 1.00746
3078 1.00802
3079 1.00735
3080 1.00724
3081 1.00783
3082 1.00755
3083 1.00727
3084 1.0076
3085 1.00741
3086 1.0074
3087 1.00764
3088 1.00768
3089 1.00738
3090 1.00757
3091 1.00728
3092 1.00753
3093 1.00708
3094 1.00729
3095 1.00751
3096 1.00716
3097 1.0072
3098 1.00697
3099 1.00666
3100 1.00737
3101 1.00716
3102 1.007
3103 1.00712
3104 1.00715
3105 1.00659
3106 1.00696
3107 1.00664
3108 1.00666
3109 1.00684
3110 1.00676
3111 1.00673
3112 1.00715
3113 1.00653
3114 1.00671
3115 1.00622
3116 1.00679
3117 1.00655
3118 1.00633
3119 1.00615
3120 1.00612
3121 1.00637
3122 1.00621
3123 1.00638
3124 1.00623
3125 1.0058
3126 1.006
3127 1.00618
3128 1.00622
3129 1.00582
3130 1.00598
3131 1.00593
3132 1.00602
3133 1.00585
3134 1.00567
3135 1.00547
3136 1.00565
3137 1.00569
3138 1.00527
3139 1.00542
3140 1.00547
3141 1.00541
3142 1.00507
3143 1.00527
3144 1.00522
3145 1.00537
3146 1.00494
3147 1.00473
3148 1.00491
3149 1.00493
3150 1.00452
3151 1.00475
3152 1.0047
3153 1.00502
3154 1.00467
3155 1.00451
3156 1.00473
3157 1.00473
3158 1.0047
3159 1.00417
3160 1.00423
3161 1.00452
3162 1.00378
3163 1.00426
3164 1.0042
3165 1.00402
3166 1.00387
3167 1.00426
3168 1.00407
3169 1.00404
3170 1.00371
3171 1.0038
3172 1.00359
3173 1.0037
3174 1.00355
3175 1.00322
3176 1.00328
3177 1.00351
3178 1.00328
3179 1.00294
3180 1.00306
3181 1.0033
3182 1.00324
3183 1.00268
3184 1.00309
3185 1.00328
3186 1.00302
3187 1.00303
3188 1.00268
3189 1.0028
3190 1.00268
3191 1.00247
3192 1.00262
3193 1.00273
3194 1.00271
3195 1.00271
3196 1.00232
3197 1.0024
3198 1.00208
3199 1.00266
3200 1.00193
3201 1.00237
3202 1.00226
3203 1.00196
3204 1.0023
3205 1.00227
3206 1.00197
3207 1.00141
3208 1.002
3209 1.00184
3210 1.00174
3211 1.00167
3212 1.00164
3213 1.00173
3214 1.00169
3215 1.00175
3216 1.00175
3217 1.00153
3218 1.00133
3219 1.0014
3220 1.0014
3221 1.00121
3222 1.00125
3223 1.00124
3224 1.00112
3225 1.00105
3226 1.00101
3227 1.00113
3228 1.00108
3229 1.001
3230 1.00074
3231 1.00138
3232 1.00097
3233 1.00065
3234 1.00047
3235 1.00083
3236 1.00049
3237 1.00089
3238 1.00063
3239 1.00046
3240 1.00075
3241 1.00067
3242 1.0004
3243 1.00057
3244 1.0005
3245 1.00047
3246 1.00034
3247 1.00048
3248 1.00053
3249 0.999897
3250 1.00066
3251 1.00009
3252 1.00018
3253 0.999981
3254 0.999975
3255 1.00038
3256 0.999901
3257 0.999838
3258 1.00003
3259 1.00012
3260 0.999796
3261 0.999785
3262 0.999657
3263 0.999721
3264 0.999804
3265 1.00046
3266 1.00031
3267 0.999731
3268 0.999962
3269 1.00045
3270 0.999778
3271 1.00018
3272 1.00016
3273 0.999919
3274 0.999677
3275 1.00001
3276 1.00017
3277 0.999887
3278 0.999307
3279 1.00037
3280 1.00001
3281 1.00031
3282 1.00026
3283 1.0003
3284 1.00017
3285 0.999677
3286 1.00006
3287 1.00004
3288 1.00068
3289 1.00007
3290 1.00012
3291 1.00059
3292 1.00025
3293 1.00002
3294 1.00054
3295 1.00041
3296 1.00044
3297 1.00046
3298 1.0001
3299 1.00027
3300 1.00042
3301 1.00028
3302 1.00045
3303 1.00043
3304 1.00074
3305 1.00094
3306 0.999634
3307 1.00073
3308 1.00052
3309 1.0004
3310 1.00098
3311 1.00105
3312 1.00096
3313 1.00093
3314 1.0006
3315 1.00161
3316 1.00089
3317 1.00049
3318 1.00149
3319 1.00149
3320 1.00177
3321 1.00195
3322 1.00178
3323 1.00163
3324 1.0011
3325 1.00141
3326 1.00159
3327 1.00193
3328 1.0019
3329 1.00173
3330 1.00203
3331 1.00165
3332 1.00181
3333 1.00191
3334 1.00223
3335 1.00245
3336 1.00242
3337 1.00233
3338 1.0017
3339 1.00212
3340 1.00259
3341 1.00161
3342 1.00204
3343 1.00258
3344 1.0023
3345 1.00176
3346 1.00248
3347 1.00235
3348 1.00259
3349 1.00192
3350 1.00206
3351 1.002
3352 1.003
3353 1.00235
3354 1.00268
3355 1.00266
3356 1.00253
3357 1.00229
3358 1.00222
3359 1.00271
3360 1.00268
3361 1.00284
3362 1.00241
3363 1.0024
3364 1.00258
3365 1.00222
3366 1.00251
3367 1.00252
3368 1.00283
3369 1.00301
3370 1.00235
3371 1.00296
3372 1.00232
3373 1.00253
3374 1.00267
3375 1.00215
3376 1.00287
3377 1.0024
3378 1.00255
3379 1.00209
3380 1.00205
3381 1.00252
3382 1.00232
3383 1.00233
3384 1.00245
3385 1.00254
3386 1.00266
3387 1.00257
3388 1.00202
3389 1.00279
3390 1.00195
3391 1.00173
3392 1.00216
3393 1.00206
3394 1.00204
3395 1.00207
3396 1.00188
3397 1.00197
3398 1.00181
3399 1.00138
3400 1.00208
3401 1.002
3402 1.00181
3403 1.0015
3404 1.00155
3405 1.0015
3406 1.00162
3407 1.00147
3408 1.00133
3409 1.00172
3410 1.00145
3411 1.00132
3412 1.00149
3413 1.00114
3414 1.00123
3415 1.00103
3416 1.00135
3417 1.00115
3418 1.00104
3419 1.00097
3420 1.00049
3421 1.00074
3422 1.00042
3423 1.00103
3424 1.00036
3425 1.0008
3426 1.00063
3427 1.0003
3428 1.00061
3429 1.00045
3430 1.00062
3431 1.00028
3432 1.00033
3433 1.00023
3434 1.00022
3435 1.0004
3436 1.00016
3437 1.00003
3438 1.00021
3439 1.00007
3440 1.00013
3441 0.999807
3442 0.999756
3443 0.999746
3444 0.999688
3445 0.999752
3446 0.999588
3447 0.999609
3448 0.999502
3449 0.999601
3450 0.999853
3451 0.999746
3452 0.999327
3453 0.999117
3454 0.999362
3455 0.999418
3456 0.999007
3457 0.998911
3458 0.999267
3459 0.999218
3460 0.999058
3461 0.998705
3462 0.999046
3463 0.999201
3464 0.999195
3465 0.999093
3466 0.998733
3467 0.998606
3468 0.998851
3469 0.998678
3470 0.998727
3471 0.998532
3472 0.998744
3473 0.998661
3474 0.998375
3475 0.998844
3476 0.998628
3477 0.998246
3478 0.998227
3479 0.998148
3480 0.998487
3481 0.998325
3482 0.998152
3483 0.998388
3484 0.998345
3485 0.998021
3486 0.99794
3487 0.998171
3488 0.998187
3489 0.998249
3490 0.998016
3491 0.997965
3492 0.998173
3493 0.998091
3494 0.997765
3495 0.997818
3496 0.997684
3497 0.997654
3498 0.997499
3499 0.997402
3500 0.997843
3501 0.997788
3502 0.997645
3503 0.997679
3504 0.997524
3505 0.997477
3506 0.997436
3507 0.99741
3508 0.997452
3509 0.997209
3510 0.997278
3511 0.99731
3512 0.997604
3513 0.9973
3514 0.997243
3515 0.997526
3516 0.997326
3517 0.997467
3518 0.997312
3519 0.997194
3520 0.997141
3521 0.997273
3522 0.997144
3523 0.997325
3524 0.997213
3525 0.997226
3526 0.997004
3527 0.997178
3528 0.996762
3529 0.997177
3530 0.996816
3531 0.997203
3532 0.997004
3533 0.996877
3534 0.996892
3535 0.996915
3536 0.996716
3537 0.997265
3538 0.997089
3539 0.996907
3540 0.996891
3541 0.997101
3542 0.996891
3543 0.996962
3544 0.997106
3545 0.996923
3546 0.996811
3547 0.997043
3548 0.996614
3549 0.997006
3550 0.996918
3551 0.996754
3552 0.996801
3553 0.99705
3554 0.996793
3555 0.996652
3556 0.996439
3557 0.996776
3558 0.99703
3559 0.996711
3560 0.996769
3561 0.996772
3562 0.996939
3563 0.996895
3564 0.996935
3565 0.996784
3566 0.99678
3567 0.996634
3568 0.996776
3569 0.99658
3570 0.996771
3571 0.996697
3572 0.996986
3573 0.996464
3574 0.996858
3575 0.996849
3576 0.996805
3577 0.996848
3578 0.996684
3579 0.997004
3580 0.99672
3581 0.996906
3582 0.996619
3583 0.996756
3584 0.996791
3585 0.996285
3586 0.996767
3587 0.996678
3588 0.996801
3589 0.996688
3590 0.996466
3591 0.996457
3592 0.996392
3593 0.996525
3594 0.996493
3595 0.996439
3596 0.996414
3597 0.996572
3598 0.996355
3599 0.996638
3600 0.996358
3601 0.996328
3602 0.996455
3603 0.99636
3604 0.996276
3605 0.996413
3606 0.996533
3607 0.996506
3608 0.996405
3609 0.996204
3610 0.996276
3611 0.996288
3612 0.996382
3613 0.996274
3614 0.996319
3615 0.996398
3616 0.996159
3617 0.996182
3618 0.996152
3619 0.996318
3620 0.996157
3621 0.996249
3622 0.995932
3623 0.996082
3624 0.996138
3625 0.996008
3626 0.995674
3627 0.996101
3628 0.995822
3629 0.996013
3630 0.995737
3631 0.995796
3632 0.995756
3633 0.995844
3634 0.995538
3635 0.995581
3636 0.995488
3637 0.99575
3638 0.995558
3639 0.995504
3640 0.995606
3641 0.995449
3642 0.995497
3643 0.995513
3644 0.995629
3645 0.995337
3646 0.995301
3647 0.995445
3648 0.995206
3649 0.995601
3650 0.99557
3651 0.995226
3652 0.995259
3653 0.99538
3654 0.995176
3655 0.995353
3656 0.995145
3657 0.995155
3658 0.995214
3659 0.995136
3660 0.995013
3661 0.994965
3662 0.995854
3663 0.995274
3664 0.995234
3665 0.995172
3666 0.995175
3667 0.994942
3668 0.995064
3669 0.995081
3670 0.994755
3671 0.994955
3672 0.995035
3673 0.99493
3674 0.994902
3675 0.994629
3676 0.994875
3677 0.994741
3678 0.99478
3679 0.99476
3680 0.994514
3681 0.9947
3682 0.995418
3683 0.994494
3684 0.994589
3685 0.994561
3686 0.995558
3687 0.995459
3688 0.994465
3689 0.994646
3690 0.994647
3691 0.994597
3692 0.995387
3693 0.994504
3694 0.994299
3695 0.994455
3696 0.994458
3697 0.994501
3698 0.994314
3699 0.994392
3700 0.995268
3701 0.995926
3702 0.994397
3703 0.995891
3704 0.994312
3705 0.995904
3706 0.995878
3707 0.997575
3708 0.994266
3709 0.997492
3710 0.996687
3711 0.995632
3712 0.994912
3713 0.996577
3714 0.995833
3715 0.995802
3716 0.995013
3717 0.997446
3718 0.999666
3719 0.996297
3720 0.997314
3721 0.996314
3722 0.995547
3723 0.994797
3724 0.997121
3725 0.998662
3726 0.995567
3727 0.997202
3728 0.998053
3729 0.997856
3730 0.99961
3731 0.994627
3732 1.00027
3733 0.997581
3734 0.998586
3735 0.996341
3736 0.998596
3737 0.998593
3738 0.998312
3739 1.00094
3740 0.998563
3741 0.99846
3742 1.00019
3743 0.999304
3744 1
3745 0.999236
3746 0.999962
3747 1.00175
3748 1.00069
3749 1.00238
3750 1.00053
3751 1.0047
3752 1.00006
3753 1.00636
3754 1.00537
3755 1.00383
3756 1.00063
3757 1.00159
3758 1.00399
3759 1.0117
3760 1.0071
3761 1.00693
3762 1.00536
3763 1.00631
3764 1.01565
3765 1.01024
3766 1.0116
3767 1.00524
3768 1.00752
3769 1.01396
3770 1.01158
3771 1.01289
3772 1.01287
3773 1.01642
3774 1.00853
3775 1.01796
3776 1.01624
3777 1.01563
3778 1.01545
3779 1.01932
3780 1.01351
3781 1.01607
3782 1.02187
3783 1.01773
3784 1.01825
3785 1.02162
3786 1.02125
3787 1.02452
3788 1.02164
3789 1.02396
3790 1.03092
3791 1.02159
3792 1.02018
3793 1.02517
3794 1.02434
3795 1.02483
3796 1.02041
3797 1.03083
3798 1.03678
3799 1.03296
3800 1.02959
3801 1.0274
3802 1.03104
3803 1.0344
3804 1.02628
3805 1.03146
3806 1.03367
3807 1.0394
3808 1.02925
3809 1.03489
3810 1.04577
3811 1.03388
3812 1.04291
3813 1.04086
3814 1.03556
3815 1.03775
3816 1.04274
3817 1.04038
3818 1.04079
3819 1.04125
3820 1.04638
3821 1.04233
3822 1.0458
3823 1.04923
3824 1.0498
3825 1.04734
3826 1.04715
3827 1.05065
3828 1.05314
3829 1.04818
3830 1.0512
3831 1.04767
3832 1.06032
3833 1.04811
3834 1.05639
3835 1.0564
3836 1.04838
3837 1.05735
3838 1.05698
3839 1.05714
3840 1.05567
3841 1.04915
3842 1.06009
3843 1.06158
3844 1.05737
3845 1.05395
3846 1.05947
3847 1.05289
3848 1.0581
3849 1.06081
3850 1.05341
3851 1.05734
3852 1.06077
3853 1.05867
3854 1.06421
3855 1.05668
3856 1.05951
3857 1.0577
3858 1.06175
3859 1.06218
3860 1.06022
3861 1.05652
3862 1.06179
3863 1.0616
3864 1.05903
3865 1.06143
3866 1.0641
3867 1.06425
3868 1.0608
3869 1.06174
3870 1.06054
3871 1.06088
3872 1.06329
3873 1.06191
3874 1.06181
3875 1.0615
3876 1.06306
3877 1.06221
3878 1.06309
3879 1.06421
3880 1.06322
3881 1.06323
3882 1.05876
3883 1.06333
3884 1.06231
3885 1.06142
3886 1.06129
3887 1.06212
3888 1.06144
3889 1.06224
3890 1.06308
3891 1.06333
3892 1.06321
3893 1.064
3894 1.06276
3895 1.06331
3896 1.06365
3897 1.06418
3898 1.0618
3899 1.06196
3900 1.06133
3901 1.06255
3902 1.06239
3903 1.06272
3904 1.06252
3905 1.06211
3906 1.06204
3907 1.06071
3908 1.0625
3909 1.06166
3910 1.06171
3911 1.0615
3912 1.06024
3913 1.0613
3914 1.0611
3915 1.06094
3916 1.06154
3917 1.06179
3918 1.06147
3919 1.06162
3920 1.06087
3921 1.06059
3922 1.06034
3923 1.06146
3924 1.06015
3925 1.0594
3926 1.05954
3927 1.06086
3928 1.05983
3929 1.05947
3930 1.0602
3931 1.06029
3932 1.05965
3933 1.0601
3934 1.05945
3935 1.05914
3936 1.05962
3937 1.0587
3938 1.05863
3939 1.05844
3940 1.05882
3941 1.05986
3942 1.05902
3943 1.05809
3944 1.059
3945 1.05783
3946 1.05794
3947 1.05745
3948 1.05792
3949 1.05821
3950 1.05777
3951 1.05759
3952 1.05866
3953 1.05756
3954 1.05703
3955 1.05763
3956 1.05751
3957 1.05689
3958 1.05766
3959 1.05696
3960 1.05645
3961 1.05636
3962 1.05686
3963 1.05633
3964 1.05712
3965 1.05653
3966 1.05655
3967 1.05608
3968 1.05625
3969 1.05652
3970 1.05602
3971 1.0553
3972 1.05595
3973 1.05609
3974 1.05519
3975 1.05469
3976 1.055
3977 1.05597
3978 1.0556
3979 1.05559
3980 1.05557
3981 1.05495
3982 1.05489
3983 1.05459
3984 1.05455
3985 1.05452
3986 1.05454
3987 1.05439
3988 1.05441
3989 1.05465
3990 1.05416
3991 1.05456
3992 1.05416
3993 1.05446
3994 1.05394
3995 1.05408
3996 1.05391
3997 1.05353
3998 1.05384
3999 1.05373
4000 1.05332
4001 1.05349
4002 1.05294
4003 1.05345
4004 1.05294
4005 1.05282
4006 1.05325
4007 1.05281
4008 1.05264
4009 1.05349
4010 1.05288
4011 1.05278
4012 1.05272
4013 1.05292
4014 1.05269
4015 1.05252
4016 1.05214
4017 1.05207
4018 1.05229
4019 1.05211
4020 1.05266
4021 1.05187
4022 1.05227
4023 1.05213
4024 1.05223
4025 1.05198
4026 1.05176
4027 1.05164
4028 1.05156
4029 1.05204
4030 1.05209
4031 1.05191
4032 1.05156
4033 1.05072
4034 1.0514
4035 1.05133
4036 1.0507
4037 1.05126
4038 1.05109
4039 1.05103
4040 1.05109
4041 1.05088
4042 1.05071
4043 1.05043
4044 1.04989
4045 1.05035
4046 1.05013
4047 1.05014
4048 1.05052
4049 1.0506
4050 1.04978
4051 1.05008
4052 1.04976
4053 1.04903
4054 1.05011
4055 1.04993
4056 1.04958
4057 1.04949
4058 1.04946
4059 1.04943
4060 1.04888
4061 1.04984
4062 1.04886
4063 1.0487
4064 1.04962
4065 1.04913
4066 1.04924
4067 1.04939
4068 1.04894
4069 1.04891
4070 1.04906
4071 1.04853
4072 1.04806
4073 1.04863
4074 1.04818
4075 1.04856
4076 1.04879
4077 1.04734
4078 1.04795
4079 1.04861
4080 1.04853
4081 1.04788
4082 1.04861
4083 1.04773
4084 1.04741
4085 1.04769
4086 1.04787
4087 1.0475
4088 1.04716
4089 1.04757
4090 1.04721
4091 1.04747
4092 1.04712
4093 1.04733
4094 1.04683
4095 1.0468
4096 1.04695
4097 1.04597
4098 1.04684
4099 1.04635
4100 1.04751
4101 1.04697
4102 1.04608
4103 1.04669
4104 1.04582
4105 1.04638
4106 1.04633
4107 1.0463
4108 1.04624
4109 1.04636
4110 1.04575
4111 1.04533
4112 1.04547
4113 1.04567
4114 1.0453
4115 1.04557
4116 1.04629
4117 1.04525
4118 1.04518
4119 1.04505
4120 1.04497
4121 1.04479
4122 1.04488
4123 1.04474
4124 1.04427
4125 1.04452
4126 1.0441
4127 1.0451
4128 1.0442
4129 1.04395
4130 1.04396
4131 1.04397
4132 1.04385
4133 1.04429
4134 1.04424
4135 1.04356
4136 1.0438
4137 1.04373
4138 1.04352
4139 1.04363
4140 1.04354
4141 1.04359
4142 1.04355
4143 1.04311
4144 1.0433
4145 1.04291
4146 1.04287
4147 1.04258
4148 1.0428
4149 1.04266
4150 1.04163
4151 1.04242
4152 1.04263
4153 1.04219
4154 1.04248
4155 1.04214
4156 1.04253
4157 1.04223
4158 1.04254
4159 1.04175
4160 1.04195
4161 1.04278
4162 1.0416
4163 1.04111
4164 1.04222
4165 1.04218
4166 1.04158
4167 1.04158
4168 1.04164
4169 1.04138
4170 1.04161
4171 1.04092
4172 1.04122
4173 1.04175
4174 1.04104
4175 1.04097
4176 1.04119
4177 1.04039
4178 1.04088
4179 1.04044
4180 1.04071
4181 1.04097
4182 1.04067
4183 1.04039
4184 1.04093
4185 1.0404
4186 1.04056
4187 1.04056
4188 1.03995
4189 1.03973
4190 1.03991
4191 1.03964
4192 1.04038
4193 1.0399
4194 1.03975
4195 1.04005
4196 1.03971
4197 1.03927
4198 1.03941
4199 1.03961
4200 1.03945
4201 1.03993
4202 1.03978
4203 1.03877
4204 1.03912
4205 1.03924
4206 1.03928
4207 1.03923
4208 1.03886
4209 1.03888
4210 1.03866
4211 1.03877
4212 1.03909
4213 1.03882
4214 1.03906
4215 1.03873
4216 1.03874
4217 1.03897
4218 1.03921
4219 1.0383
4220 1.03829
4221 1.03891
4222 1.03862
4223 1.03877
4224 1.03832
4225 1.03871
4226 1.03881
4227 1.03824
4228 1.03812
4229 1.03868
4230 1.0384
4231 1.03816
4232 1.03801
4233 1.03835
4234 1.03772
4235 1.03785
4236 1.03781
4237 1.03783
4238 1.03826
4239 1.03761
4240 1.03791
4241 1.03769
4242 1.03775
4243 1.03775
4244 1.03719
4245 1.03783
4246 1.03779
4247 1.03758
4248 1.03811
4249 1.03751
4250 1.03753
4251 1.03808
4252 1.038
4253 1.03765
4254 1.03793
4255 1.03797
4256 1.03771
4257 1.03737
4258 1.03748
4259 1.03734
4260 1.03811
4261 1.03774
4262 1.03737
4263 1.03776
4264 1.03824
4265 1.03772
4266 1.03758
4267 1.03703
4268 1.0378
4269 1.03723
4270 1.03736
4271 1.03793
4272 1.03771
4273 1.0374
4274 1.03765
4275 1.03744
4276 1.03765
4277 1.03735
4278 1.0371
4279 1.0375
4280 1.03762
4281 1.03716
4282 1.0371
4283 1.03771
4284 1.03789
4285 1.03732
4286 1.03677
4287 1.03727
4288 1.0377
4289 1.03801
4290 1.03752
4291 1.03729
4292 1.03705
4293 1.03695
4294 1.03739
4295 1.03686
4296 1.03696
4297 1.03734
4298 1.03755
4299 1.03718
4300 1.03753
4301 1.03701
4302 1.037
4303 1.03687
4304 1.03698
4305 1.0371
4306 1.03707
4307 1.03707
4308 1.03671
4309 1.0371
4310 1.03662
4311 1.03624
4312 1.03684
4313 1.0371
4314 1.03704
4315 1.03633
4316 1.03642
4317 1.03703
4318 1.0366
4319 1.03587
4320 1.03664
4321 1.03615
4322 1.03623
4323 1.03681
4324 1.03599
4325 1.0366
4326 1.03635
4327 1.03592
4328 1.03603
4329 1.03607
4330 1.0354
4331 1.0365
4332 1.03568
4333 1.03596
4334 1.03586
4335 1.03561
4336 1.03615
4337 1.03575
4338 1.03531
4339 1.03558
4340 1.03541
4341 1.03516
4342 1.03589
4343 1.03546
4344 1.03481
4345 1.035
4346 1.03554
4347 1.03553
4348 1.03489
4349 1.03529
4350 1.03442
4351 1.03506
4352 1.03532
4353 1.03476
4354 1.03511
4355 1.03464
4356 1.03403
4357 1.03493
4358 1.03471
4359 1.0342
4360 1.03457
4361 1.03454
4362 1.03424
4363 1.03389
4364 1.03382
4365 1.034
4366 1.03343
4367 1.03374
4368 1.03381
4369 1.03398
4370 1.03429
4371 1.03343
4372 1.03395
4373 1.0336
4374 1.03324
4375 1.03376
4376 1.03399
4377 1.03366
4378 1.03297
4379 1.03331
4380 1.0327
4381 1.03266
4382 1.03254
4383 1.03319
4384 1.03366
4385 1.03273
4386 1.03212
4387 1.0327
4388 1.03229
4389 1.03232
4390 1.03227
4391 1.03211
4392 1.03203
4393 1.0323
4394 1.03215
4395 1.03161
4396 1.03197
4397 1.03184
4398 1.03182
4399 1.03208
4400 1.03193
4401 1.03144
4402 1.03195
4403 1.03101
4404 1.03148
4405 1.03194
4406 1.03138
4407 1.03112
4408 1.03104
4409 1.03138
4410 1.03081
4411 1.03096
4412 1.03054
4413 1.03057
4414 1.03092
4415 1.03041
4416 1.03102
4417 1.03019
4418 1.03047
4419 1.0304
4420 1.03026
4421 1.03067
4422 1.03002
4423 1.03016
4424 1.03008
4425 1.03003
4426 1.03001
4427 1.02999
4428 1.03011
4429 1.02986
4430 1.02958
4431 1.03009
4432 1.0302
4433 1.02939
4434 1.02966
4435 1.02929
4436 1.02939
4437 1.02949
4438 1.02921
4439 1.02962
4440 1.02933
4441 1.02907
4442 1.02864
4443 1.02948
4444 1.02906
4445 1.0283
4446 1.02906
4447 1.02909
4448 1.02884
4449 1.02891
4450 1.02857
4451 1.0287
4452 1.02881
4453 1.02864
4454 1.02892
4455 1.028
4456 1.02907
4457 1.02856
4458 1.02839
4459 1.02788
4460 1.02801
4461 1.02778
4462 1.02812
4463 1.02783
4464 1.02823
4465 1.0278
4466 1.02794
4467 1.02796
4468 1.02808
4469 1.02774
4470 1.02757
4471 1.02747
4472 1.02724
4473 1.02758
4474 1.02714
4475 1.02722
4476 1.02701
4477 1.02761
4478 1.02719
4479 1.0271
4480 1.02753
4481 1.02714
4482 1.02694
4483 1.0269
4484 1.02759
4485 1.02724
4486 1.02683
4487 1.02684
4488 1.02696
4489 1.02685
4490 1.02687
4491 1.02697
4492 1.02662
4493 1.02632
4494 1.02648
4495 1.02646
4496 1.02624
4497 1.02639
4498 1.02671
4499 1.02622
4500 1.02627
4501 1.02615
4502 1.02626
4503 1.02604
4504 1.02619
4505 1.0258
4506 1.02602
4507 1.02562
4508 1.02625
4509 1.02587
4510 1.0258
4511 1.02592
4512 1.026
4513 1.02583
4514 1.02584
4515 1.02576
4516 1.02564
4517 1.02616
4518 1.02594
4519 1.02563
4520 1.02575
4521 1.02588
4522 1.0258
4523 1.02565
4524 1.02544
4525 1.02535
4526 1.0253
4527 1.02559
4528 1.02555
4529 1.02551
4530 1.02534
4531 1.02531
4532 1.02548
4533 1.02499
4534 1.02498
4535 1.02542
4536 1.02483
4537 1.02524
4538 1.02503
4539 1.02502
4540 1.02472
4541 1.02492
4542 1.02469
4543 1.02487
4544 1.02442
4545 1.02525
4546 1.02439
4547 1.02442
4548 1.02439
4549 1.02443
4550 1.02441
4551 1.02445
4552 1.02435
4553 1.02445
4554 1.02403
4555 1.02436
4556 1.02428
4557 1.02406
4558 1.02404
4559 1.024
4560 1.02391
4561 1.0239
4562 1.0238
4563 1.02352
4564 1.02368
4565 1.02417
4566 1.02349
4567 1.02399
4568 1.02407
4569 1.02352
4570 1.02366
4571 1.0237
4572 1.02336
4573 1.02349
4574 1.02339
4575 1.02323
4576 1.02296
4577 1.02343
4578 1.02356
4579 1.02282
4580 1.0233
4581 1.0233
4582 1.02291
4583 1.023
4584 1.02274
4585 1.02266
4586 1.02281
4587 1.02244
4588 1.02292
4589 1.02271
4590 1.02224
4591 1.02258
4592 1.02255
4593 1.02243
4594 1.0223
4595 1.02217
4596 1.02224
4597 1.02252
4598 1.02195
4599 1.02227
4600 1.02218
4601 1.02157
4602 1.02203
4603 1.02205
4604 1.02178
4605 1.02175
4606 1.02176
4607 1.02164
4608 1.0217
4609 1.02204
4610 1.02189
4611 1.02143
4612 1.02144
4613 1.02163
4614 1.02154
4615 1.0219
4616 1.02174
4617 1.0217
4618 1.02121
4619 1.02136
4620 1.02112
4621 1.02127
4622 1.02122
4623 1.02099
4624 1.02141
4625 1.02083
4626 1.02093
4627 1.02055
4628 1.02063
4629 1.02083
4630 1.0208
4631 1.02085
4632 1.02057
4633 1.02079
4634 1.02072
4635 1.02094
4636 1.02058
4637 1.02049
4638 1.02004
4639 1.02059
4640 1.02012
4641 1.02069
4642 1.02008
4643 1.02095
4644 1.02031
4645 1.02017
4646 1.02016
4647 1.01999
4648 1.02039
4649 1.02001
4650 1.0202
4651 1.01984
4652 1.02004
4653 1.02026
4654 1.02025
4655 1.01992
4656 1.01966
4657 1.01996
4658 1.01959
4659 1.01977
4660 1.01996
4661 1.01963
4662 1.02008
4663 1.01995
4664 1.01995
4665 1.02031
4666 1.01935
4667 1.01959
4668 1.01956
4669 1.01927
4670 1.01918
4671 1.02
4672 1.02018
4673 1.01924
4674 1.0196
4675 1.01932
4676 1.01936
4677 1.01952
4678 1.01946
4679 1.02005
4680 1.01933
4681 1.01912
4682 1.0193
4683 1.01967
4684 1.01966
4685 1.01979
4686 1.01993
4687 1.01978
4688 1.02033
4689 1.01922
4690 1.01941
4691 1.01888
4692 1.01934
4693 1.01925
4694 1.01983
4695 1.01933
4696 1.02018
4697 1.01982
4698 1.01944
4699 1.0197
4700 1.01946
4701 1.0196
4702 1.02013
4703 1.01987
4704 1.02037
4705 1.02016
4706 1.01972
4707 1.02023
4708 1.01981
4709 1.02032
4710 1.02012
4711 1.02134
4712 1.02045
4713 1.02044
4714 1.02004
4715 1.02021
4716 1.02011
4717 1.02021
4718 1.0199
4719 1.02
4720 1.01961
4721 1.01946
4722 1.01992
4723 1.02137
4724 1.02066
4725 1.02181
4726 1.02019
4727 1.02067
4728 1.02097
4729 1.02138
4730 1.02052
4731 1.02049
4732 1.02071
4733 1.02126
4734 1.02168
4735 1.02112
4736 1.02155
4737 1.02114
4738 1.02175
4739 1.02144
4740 1.02165
4741 1.02183
4742 1.02201
4743 1.022
4744 1.02145
4745 1.02232
4746 1.02177
4747 1.02317
4748 1.02211
4749 1.02213
4750 1.02233
4751 1.02257
4752 1.02264
4753 1.02198
4754 1.02371
4755 1.02292
4756 1.02228
4757 1.02227
4758 1.02269
4759 1.02222
4760 1.0237
4761 1.02271
4762 1.02331
4763 1.02353
4764 1.02367
4765 1.02333
4766 1.02369
4767 1.02369
4768 1.02397
4769 1.02369
4770 1.0241
4771 1.02387
4772 1.02364
4773 1.02412
4774 1.02462
4775 1.02495
4776 1.0238
4777 1.02479
4778 1.02411
4779 1.02362
4780 1.02472
4781 1.02392
4782 1.02468
4783 1.02339
4784 1.02338
4785 1.02411
4786 1.02379
4787 1.02506
4788 1.02422
4789 1.02395
4790 1.02461
4791 1.02487
4792 1.0243
4793 1.02344
4794 1.02401
4795 1.02499
4796 1.02433
4797 1.02489
4798 1.02486
4799 1.02388
4800 1.02434
4801 1.02377
4802 1.02472
4803 1.0242
4804 1.02445
4805 1.02394
4806 1.02455
4807 1.0247
4808 1.02495
4809 1.02445
4810 1.02468
4811 1.02473
4812 1.02401
4813 1.02469
4814 1.02476
4815 1.0244
4816 1.02434
4817 1.02414
4818 1.02407
4819 1.02406
4820 1.0237
4821 1.02408
4822 1.02372
4823 1.02434
4824 1.02447
4825 1.02433
4826 1.02436
4827 1.02373
4828 1.02416
4829 1.0238
4830 1.02362
4831 1.02423
4832 1.02443
4833 1.02354
4834 1.0239
4835 1.0231
4836 1.02354
4837 1.02391
4838 1.0237
4839 1.02391
4840 1.02355
4841 1.02436
4842 1.02379
4843 1.02375
4844 1.02325
4845 1.02346
4846 1.02375
4847 1.0233
4848 1.0237
4849 1.02309
4850 1.02328
4851 1.02301
4852 1.02289
4853 1.02258
4854 1.02289
4855 1.02265
4856 1.02297
4857 1.02285
4858 1.02297
4859 1.02276
4860 1.02242
4861 1.02258
4862 1.02204
4863 1.02231
4864 1.02213
4865 1.02277
4866 1.02204
4867 1.02203
4868 1.02197
4869 1.02223
4870 1.02227
4871 1.02207
4872 1.02167
4873 1.0218
4874 1.02177
4875 1.02154
4876 1.0221
4877 1.0215
4878 1.02164
4879 1.02142
4880 1.02185
4881 1.02158
4882 1.02146
4883 1.02135
4884 1.02095
4885 1.02083
4886 1.02095
4887 1.02088
4888 1.02079
4889 1.0212
4890 1.0214
4891 1.0212
4892 1.02122
4893 1.02065
4894 1.02104
4895 1.02089
4896 1.02057
4897 1.02058
4898 1.02059
4899 1.02023
4900 1.02064
4901 1.02034
4902 1.02033
4903 1.0202
4904 1.02027
4905 1.02
4906 1.02013
4907 1.02011
4908 1.01963
4909 1.01964
4910 1.01989
4911 1.01972
4912 1.01981
4913 1.01937
4914 1.01936
4915 1.01972
4916 1.01912
4917 1.01948
4918 1.01938
4919 1.0198
4920 1.01926
4921 1.01914
4922 1.01905
4923 1.01897
4924 1.01909
4925 1.01887
4926 1.01906
4927 1.01888
4928 1.01914
4929 1.01914
4930 1.01872
4931 1.01877
4932 1.01855
4933 1.01913
4934 1.01806
4935 1.01816
4936 1.01823
4937 1.01801
4938 1.01897
4939 1.01836
4940 1.01841
4941 1.01866
4942 1.01824
4943 1.01842
4944 1.01874
4945 1.01826
4946 1.01808
4947 1.0181
4948 1.018
4949 1.01782
4950 1.01825
4951 1.01751
4952 1.01768
4953 1.01793
4954 1.01777
4955 1.01805
4956 1.01765
4957 1.0174
4958 1.01742
4959 1.01762
4960 1.01749
4961 1.01754
4962 1.01715
4963 1.01756
4964 1.0175
4965 1.01726
4966 1.01716
4967 1.01711
4968 1.01748
4969 1.01746
4970 1.01729
4971 1.01708
4972 1.01697
4973 1.01711
4974 1.01716
4975 1.01739
4976 1.01684
4977 1.01718
4978 1.01693
4979 1.01679
4980 1.01696
4981 1.01675
4982 1.0168
4983 1.01675
4984 1.01668
4985 1.01688
4986 1.01683
4987 1.01655
4988 1.01646
4989 1.01646
4990 1.01679
4991 1.01658
4992 1.01631
4993 1.01675
4994 1.0165
4995 1.01616
4996 1.01622
4997 1.01574
4998 1.01625
4999 1.01649
