100 0.983706
101 0.985817
102 1.04542
103 1.04989
104 0.986563
105 1.05727
106 0.98065
107 0.987303
108 1.08586
109 0.983551
110 1.04116
111 1.07944
112 1.02786
113 1.0743
114 1.01772
115 1.03517
116 1.07372
117 1.05018
118 1.07443
119 1.00387
120 1.06047
121 1.04442
122 1.05171
123 1.00858
124 1.04428
125 1.06506
126 1.04996
127 1.05456
128 1.03647
129 1.03278
130 1.03594
131 1.03528
132 1.03693
133 1.0363
134 1.02545
135 1.03572
136 1.02282
137 1.02822
138 1.02218
139 1.02963
140 1.02293
141 1.01305
142 1.02218
143 1.02274
144 1.01267
145 1.02211
146 1.01433
147 1.02168
148 1.02117
149 1.00659
150 1.01214
151 1.01552
152 1.00714
153 1.00671
154 1.00957
155 1.01298
156 0.998984
157 1.00354
158 1.00905
159 1.00795
160 1.00536
161 1.00613
162 1.00513
163 1.00884
164 1.00232
165 1.00898
166 0.994922
167 1.0158
168 1.00102
169 1.01717
170 1.00633
171 1.00491
172 1.00563
173 1.01212
174 1.01872
175 1.00337
176 1.00697
177 1.009
178 0.99821
179 1.00184
180 0.993364
181 0.999761
182 1.00155
183 1.00558
184 0.991965
185 0.991492
186 0.992786
187 1.00756
188 0.991087
189 0.99247
190 0.99309
191 0.990977
192 0.993371
193 0.993797
194 0.99066
195 0.990644
196 0.984617
197 0.991397
198 0.991451
199 0.991969
200 0.988511
201 0.989783
202 0.990342
203 0.988243
204 0.988117
205 1.04721
206 0.984401
207 0.987144
208 0.986607
209 0.989003
210 1.11215
211 1.0451
212 0.986988
213 0.990799
214 1.03952
215 1.0266
216 1.04686
217 1.04304
218 0.983807
219 1.08149
220 1.03991
221 1.08024
222 1.03132
223 1.08046
224 1.03369
225 1.08539
226 1.07703
227 1.06428
228 1.07028
229 1.02583
230 1.08038
231 1.06165
232 1.05949
233 1.05285
234 1.06166
235 1.05333
236 1.05859
237 1.07807
238 1.04895
239 1.01691
240 1.05756
241 1.04076
242 1.04362
243 1.05896
244 1.04033
245 1.05491
246 1.03527
247 1.03962
248 1.04391
249 1.0442
250 1.03025
251 1.03813
252 1.0434
253 1.0384
254 1.03927
255 1.02337
256 1.04168
257 1.03673
258 1.02916
259 1.0321
260 1.02316
261 1.02791
262 1.02663
263 1.02539
264 1.02043
265 1.02592
266 1.03583
267 1.02889
268 1.01599
269 1.02151
270 1.02423
271 1.02318
272 1.02874
273 1.02065
274 1.02769
275 1.02242
276 1.02167
277 1.01903
278 1.01916
279 1.02221
280 1.01281
281 1.02547
282 1.00778
283 1.0181
284 1.02507
285 1.0031
286 1.01192
287 1.00355
288 1.01355
289 1.02609
290 1.00971
291 1.01309
292 1.01199
293 1.00776
294 1.00255
295 1.00736
296 1.01467
297 1.00352
298 1.00644
299 1.01299
300 0.999233
301 1.00166
302 1.00959
303 1.00021
304 1.00178
305 1.00458
306 1.00471
307 1.00215
308 1.01051
309 0.996949
310 1.00171
311 1.0227
312 1.00001
313 1.01576
314 0.998393
315 1.00206
316 1.01315
317 0.995763
318 1.0071
319 0.996925
320 0.996978
321 1.00517
322 1.00286
323 1.00759
324 1.00353
325 1.00967
326 1.0185
327 1.00985
328 1.01892
329 1.01483
330 1.02361
331 1.0099
332 1.00721
333 1.00068
334 1.00808
335 1.01782
336 0.999567
337 1.00277
338 1.00976
339 0.998673
340 1.00894
341 0.99948
342 1.01059
343 1.00796
344 1.00715
345 1.00725
346 1.00898
347 1.00289
348 1.00876
349 1.01359
350 1.01638
351 1.00276
352 1.00494
353 1.00803
354 1.0033
355 1.00032
356 1.00891
357 0.999379
358 1.00157
359 1.00345
360 0.995248
361 1.00198
362 0.998634
363 1.00095
364 0.996666
365 0.997679
366 0.994759
367 0.999718
368 0.998642
369 0.997891
370 0.999359
371 1.00005
372 1.00406
373 0.997382
374 0.994416
375 0.99787
376 0.994091
377 0.993544
378 0.993776
379 0.990405
380 0.995358
381 0.995567
382 0.996703
383 0.993555
384 0.992079
385 0.994074
386 0.997346
387 0.996147
388 0.992461
389 0.993993
390 0.989523
391 0.992572
392 0.991378
393 0.986819
394 0.991891
395 0.989243
396 0.994904
397 0.989614
398 0.990513
399 0.989632
400 0.992658
401 0.988687
402 0.994223
403 0.989693
404 0.990418
405 0.990663
406 0.991252
407 0.987767
408 0.988613
409 0.988528
410 0.989382
411 0.990785
412 0.987123
413 0.990612
414 0.985685
415 0.988315
416 0.988178
417 1.0349
418 0.986529
419 0.988463
420 0.987891
421 0.988942
422 1.03717
423 0.987299
424 1.09223
425 1.03596
426 0.987406
427 0.986788
428 1.03202
429 0.984623
430 1.02499
431 1.06871
432 1.03274
433 0.98475
434 1.06794
435 1.08832
436 1.03368
437 1.0274
438 1.07582
439 1.03344
440 1.03433
441 1.07316
442 1.07044
443 1.02219
444 1.02541
445 1.06813
446 1.05992
447 1.08652
448 1.07341
449 1.06126
450 1.0769
451 1.0605
452 1.05627
453 1.05496
454 1.06951
455 1.07382
456 1.06308
457 1.05962
458 1.05768
459 1.05256
460 1.05781
461 1.05631
462 1.05925
463 1.05279
464 1.05681
465 1.06199
466 1.06334
467 1.06877
468 1.05657
469 1.0439
470 1.06303
471 1.05848
472 1.05337
473 1.04813
474 1.06592
475 1.05336
476 1.05684
477 1.04055
478 1.04464
479 1.05379
480 1.043
481 1.0463
482 1.05028
483 1.0347
484 1.04106
485 1.03615
486 1.03826
487 1.04649
488 1.0404
489 1.03872
490 1.05343
491 1.03922
492 1.03591
493 1.04165
494 1.03211
495 1.03049
496 1.0393
497 1.03339
498 1.04465
499 1.03641
500 1.03545
501 1.02948
502 1.02798
503 1.03262
504 1.02803
505 1.03199
506 1.02545
507 1.02756
508 1.04584
509 1.026
510 1.02937
511 1.03067
512 1.0258
513 1.02048
514 1.024
515 1.02425
516 1.02747
517 1.02518
518 1.03062
519 1.02308
520 1.02403
521 1.02508
522 1.0266
523 1.02122
524 1.03499
525 1.02215
526 1.03136
527 1.02567
528 1.02221
529 1.02356
530 1.0202
531 1.02303
532 1.01927
533 1.02106
534 1.01978
535 1.02275
536 1.03146
537 1.03029
538 1.02111
539 1.02332
540 1.0258
541 1.02965
542 1.02754
543 1.01965
544 1.02416
545 1.02265
546 1.02724
547 1.0216
548 1.02948
549 1.02358
550 1.0269
551 1.01753
552 1.02059
553 1.02093
554 1.0207
555 1.03135
556 1.02164
557 1.01753
558 1.02298
559 1.02192
560 1.02033
561 1.01168
562 1.02266
563 1.01339
564 1.01563
565 1.0086
566 1.01801
567 1.02289
568 1.01853
569 1.02184
570 1.01484
571 1.0158
572 1.01586
573 1.01539
574 1.0146
575 1.01112
576 1.01572
577 1.01095
578 1.0099
579 1.01451
580 1.00636
581 1.01287
582 1.01432
583 1.00771
584 1.009
585 1.0076
586 1.00721
587 1.00859
588 1.00793
589 1.01398
590 1.00856
591 1.00926
592 1.00354
593 1.01059
594 1.00858
595 1.00407
596 1.00772
597 1.00543
598 1.00483
599 1.00359
600 1.00574
601 1.00646
602 0.999373
603 1.00774
604 1.00767
605 1.00638
606 1.00192
607 1.00535
608 1.00709
609 1.00136
610 1.00735
611 1.00125
612 1.01061
613 0.999764
614 1.00167
615 0.998665
616 1.00374
617 1.00009
618 1.00535
619 1.00076
620 1.00188
621 0.996929
622 1.01609
623 1.00056
624 0.999469
625 0.999968
626 1.01295
627 0.997743
628 1.00077
629 1.00942
630 0.998403
631 1.01226
632 0.99891
633 1.01002
634 1.01246
635 1.01238
636 0.996919
637 1.00854
638 1.01371
639 1.02267
640 1.0128
641 1.0111
642 0.998136
643 1.00762
644 1.00993
645 1.01094
646 1.01076
647 1.00797
648 0.998887
649 1.01397
650 1.02125
651 1.00219
652 1.01712
653 1.01136
654 0.996389
655 1.00842
656 1.0152
657 1.02346
658 1.00527
659 1.01812
660 1.00136
661 1.00666
662 1.00959
663 1.01365
664 1.00392
665 1.01887
666 1.01326
667 1.01525
668 1.02458
669 1.0066
670 1.0045
671 1.02231
672 1.00876
673 1.01071
674 1.01154
675 1.01025
676 1.01083
677 1.0046
678 1.00808
679 1.01348
680 1.00446
681 1.00718
682 1.00989
683 1.0058
684 1.00304
685 1.00996
686 1.00293
687 1.00708
688 1.00955
689 1.00304
690 1.01012
691 1.01029
692 1.00583
693 1.00313
694 1.00535
695 1.00397
696 1.00136
697 1.00204
698 1.00223
699 1.00208
700 1.00969
701 1.00459
702 1.00453
703 1.00214
704 0.99979
705 1.00885
706 1.00566
707 1.0047
708 0.997113
709 1.00552
710 0.997208
711 0.997385
712 0.997441
713 1.00261
714 0.999235
715 0.999293
716 1.00046
717 1.0019
718 0.998492
719 1.0044
720 0.999195
721 1.00685
722 0.995617
723 0.99413
724 0.996118
725 0.997473
726 1.00536
727 0.998676
728 0.995335
729 0.994888
730 1.00052
731 0.996037
732 0.995243
733 0.999932
734 0.995807
735 0.994375
736 0.991909
737 1.00291
738 0.996596
739 0.998831
740 1.0013
741 0.994657
742 0.995369
743 1.0019
744 0.994831
745 0.998089
746 0.99659
747 0.997853
748 0.995186
749 0.996971
750 0.996769
751 0.997881
752 0.997162
753 0.993584
754 1.00294
755 0.992555
756 0.996234
757 0.994932
758 0.991906
759 1.00125
760 0.994239
761 0.99239
762 0.993638
763 1.00005
764 0.992989
765 0.997036
766 0.99372
767 0.99345
768 0.993839
769 0.994171
770 1.00214
771 0.997653
772 0.993041
773 0.996904
774 0.991795
775 0.99117
776 0.993662
777 0.996087
778 0.99062
779 0.99244
780 0.993343
781 0.992904
782 0.992744
783 0.991978
784 0.996273
785 0.990657
786 0.99105
787 0.994112
788 0.991432
789 0.99518
790 0.994197
791 0.992106
792 0.99193
793 0.992482
794 0.991015
795 0.992204
796 0.99076
797 0.990839
798 0.993105
799 0.992093
800 0.990424
801 0.991818
802 0.992047
803 0.991318
804 0.989477
805 0.993209
806 0.992355
807 0.992878
808 0.99044
809 0.99156
810 0.993646
811 0.991035
812 0.991446
813 0.992379
814 0.990015
815 0.98939
816 0.992224
817 0.989549
818 0.988368
819 0.989953
820 0.991515
821 0.991905
822 0.98972
823 0.99291
824 0.98958
825 0.990875
826 0.987465
827 0.989034
828 0.98752
829 0.988438
830 0.991033
831 0.987324
832 0.987992
833 0.989086
834 0.988878
835 0.989219
836 0.990223
837 0.988443
838 1.0384
839 1.03821
840 0.990443
841 0.989054
842 1.03626
843 0.989217
844 1.03582
845 0.986764
846 0.986721
847 0.988115
848 0.990301
849 1.07768
850 0.988932
851 0.988495
852 0.986904
853 1.08336
854 1.03385
855 0.988604
856 1.03733
857 0.988665
858 1.07488
859 1.0291
860 1.02799
861 0.98729
862 0.986603
863 1.08161
864 1.0351
865 1.07412
866 1.03762
867 1.08215
868 1.07509
869 1.03347
870 1.0805
871 1.03027
872 1.03206
873 1.07206
874 1.02737
875 1.06448
876 1.02707
877 1.08156
878 1.07297
879 1.0689
880 1.07098
881 1.07394
882 1.03045
883 1.06453
884 1.02821
885 1.07518
886 1.06524
887 1.07469
888 1.06737
889 1.06753
890 1.06664
891 1.06516
892 1.06559
893 1.0716
894 1.06955
895 1.06265
896 1.0705
897 1.05551
898 1.06248
899 1.05911
900 1.07046
901 1.06011
902 1.06422
903 1.06271
904 1.06596
905 1.06042
906 1.06599
907 1.06145
908 1.05784
909 1.05563
910 1.07306
911 1.0536
912 1.06276
913 1.06318
914 1.06193
915 1.05657
916 1.06518
917 1.05151
918 1.05315
919 1.06348
920 1.05697
921 1.05555
922 1.05116
923 1.06241
924 1.04594
925 1.05127
926 1.04769
927 1.05221
928 1.05965
929 1.04543
930 1.04521
931 1.04555
932 1.04611
933 1.04888
934 1.04505
935 1.05599
936 1.04778
937 1.04609
938 1.0398
939 1.0421
940 1.04179
941 1.0457
942 1.05042
943 1.05031
944 1.04536
945 1.05118
946 1.04287
947 1.0487
948 1.04379
949 1.04276
950 1.05323
951 1.04753
952 1.04199
953 1.04884
954 1.04957
955 1.04688
956 1.03842
957 1.04372
958 1.04043
959 1.03922
960 1.04394
961 1.04604
962 1.0419
963 1.04311
964 1.04412
965 1.04173
966 1.03867
967 1.04219
968 1.03911
969 1.04097
970 1.0369
971 1.04314
972 1.04531
973 1.03848
974 1.03891
975 1.03093
976 1.03876
977 1.04058
978 1.04152
979 1.04012
980 1.03968
981 1.0383
982 1.04001
983 1.04269
984 1.04092
985 1.03163
986 1.03685
987 1.02824
988 1.03426
989 1.03431
990 1.03568
991 1.04042
992 1.02965
993 1.0332
994 1.04228
995 1.03537
996 1.03879
997 1.03602
998 1.03342
999 1.03148
1000 1.02955
1001 1.03697
1002 1.03381
1003 1.03627
1004 1.02613
1005 1.02759
1006 1.02764
1007 1.02955
1008 1.02647
1009 1.03207
1010 1.03682
1011 1.03141
1012 1.0328
1013 1.02775
1014 1.03066
1015 1.03067
1016 1.03071
1017 1.02662
1018 1.03202
1019 1.02935
1020 1.02418
1021 1.0257
1022 1.02635
1023 1.02259
1024 1.02819
1025 1.03126
1026 1.02499
1027 1.02771
1028 1.02668
1029 1.02569
1030 1.02712
1031 1.02694
1032 1.02526
1033 1.02142
1034 1.02368
1035 1.02624
1036 1.02429
1037 1.02602
1038 1.0268
1039 1.01968
1040 1.01919
1041 1.02085
1042 1.02951
1043 1.02774
1044 1.01602
1045 1.02595
1046 1.01956
1047 1.0278
1048 1.02476
1049 1.01909
1050 1.02113
1051 1.01618
1052 1.02004
1053 1.02628
1054 1.01714
1055 1.02132
1056 1.03021
1057 1.02071
1058 1.02706
1059 1.01767
1060 1.01995
1061 1.02251
1062 1.01605
1063 1.0266
1064 1.02813
1065 1.01707
1066 1.02667
1067 1.02384
1068 1.01931
1069 1.02161
1070 1.02262
1071 1.01477
1072 1.02562
1073 1.02124
1074 1.01571
1075 1.02684
1076 1.02196
1077 1.02099
1078 1.02478
1079 1.02177
1080 1.02239
1081 1.02153
1082 1.02668
1083 1.01535
1084 1.02948
1085 1.01417
1086 1.02867
1087 1.02275
1088 1.01656
1089 1.01854
1090 1.02026
1091 1.01991
1092 1.02562
1093 1.01973
1094 1.02011
1095 1.02131
1096 1.02099
1097 1.02306
1098 1.02451
1099 1.02529
1100 1.02452
1101 1.0214
1102 1.02801
1103 1.01672
1104 1.01483
1105 1.01876
1106 1.02418
1107 1.02196
1108 1.01712
1109 1.01711
1110 1.01854
1111 1.02149
1112 1.01724
1113 1.01062
1114 1.0209
1115 1.02138
1116 1.01954
1117 1.01975
1118 1.02006
1119 1.0169
1120 1.01668
1121 1.01731
1122 1.01736
1123 1.01376
1124 1.01535
1125 1.01629
1126 1.01943
1127 1.01608
1128 1.01517
1129 1.01317
1130 1.01299
1131 1.01726
1132 1.01411
1133 1.01546
1134 1.01205
1135 1.01818
1136 1.01823
1137 1.01278
1138 1.01415
1139 1.01518
1140 1.01101
1141 1.00642
1142 1.01884
1143 1.01057
1144 1.00854
1145 1.00896
1146 1.01261
1147 1.009
1148 1.01421
1149 1.01239
1150 1.01497
1151 1.01398
1152 1.00814
1153 1.00628
1154 1.00937
1155 1.01158
1156 1.01116
1157 1.01179
1158 1.01388
1159 1.00933
1160 1.00603
1161 1.00836
1162 1.01275
1163 1.00952
1164 1.00935
1165 1.0068
1166 1.00988
1167 1.00512
1168 1.00532
1169 1.00901
1170 1.01117
1171 1.00661
1172 1.00823
1173 1.00691
1174 1.00736
1175 1.00949
1176 1.01094
1177 1.00906
1178 1.00691
1179 1.00817
1180 1.00697
1181 1.00777
1182 1.00353
1183 1.01045
1184 1.00416
1185 1.00543
1186 1.00928
1187 1.00943
1188 1.00747
1189 1.00578
1190 1.00887
1191 1.00556
1192 1.00694
1193 1.00724
1194 1.00361
1195 1.00633
1196 1.00715
1197 1.00462
1198 1.00846
1199 1.00668
1200 1.00552
1201 1.0022
1202 1.00955
1203 1.00504
1204 1.00436
1205 1.00566
1206 1.00406
1207 1.00187
1208 1.00668
1209 1.00149
1210 1.00687
1211 1.0044
1212 1.00317
1213 1.00511
1214 1.00423
1215 1.00149
1216 0.999942
1217 1.00221
1218 1.0065
1219 1.00415
1220 1.00144
1221 0.999834
1222 1.00399
1223 1.00392
1224 1.00228
1225 1.00066
1226 1.0152
1227 1.0024
1228 1.00424
1229 0.999942
1230 0.99978
1231 0.999677
1232 1.00588
1233 1.00095
1234 1.00533
1235 1.00034
1236 1.014
1237 1.00422
1238 0.998423
1239 1.00191
1240 0.999011
1241 0.999609
1242 1.00036
1243 1.00068
1244 0.999912
1245 0.999882
1246 0.997688
1247 1.00144
1248 0.998206
1249 1.00169
1250 0.999904
1251 1.00019
1252 0.999755
1253 0.997771
1254 1.00084
1255 0.999548
1256 0.999863
1257 0.996512
1258 1.00135
1259 0.998329
1260 1.01245
1261 0.99758
1262 1.01018
1263 1.00055
1264 0.996858
1265 1.01047
1266 0.998075
1267 0.998003
1268 0.999056
1269 1.01108
1270 1.02109
1271 1.00044
1272 1.00931
1273 0.998256
1274 1.0086
1275 1.01143
1276 1.00574
1277 0.996879
1278 0.999176
1279 1.00948
1280 1.01005
1281 0.99608
1282 0.996323
1283 0.997743
1284 1.01016
1285 0.998734
1286 0.996368
1287 0.996053
1288 0.997233
1289 0.997384
1290 1.01066
1291 1.00904
1292 0.998238
1293 1.00628
1294 1.02003
1295 1.00627
1296 1.00401
1297 1.00997
1298 1.0113
1299 0.995757
1300 1.00922
1301 1.00634
1302 1.01822
1303 1.01434
1304 1.0039
1305 1.00307
1306 0.996384
1307 1.01748
1308 1.0038
1309 1.00276
1310 1.00773
1311 0.995323
1312 1.02041
1313 1.00254
1314 1.02084
1315 1.02195
1316 1.01572
1317 1.01322
1318 1.01714
1319 1.0184
1320 1.01582
1321 1.01647
1322 1.01508
1323 1.01179
1324 1.01262
1325 1.01667
1326 1.01727
1327 1.00982
1328 1.01748
1329 1.015
1330 1.01191
1331 1.0099
1332 1.01364
1333 1.00135
1334 1.01136
1335 1.01332
1336 1.01391
1337 1.00761
1338 1.0136
1339 1.0122
1340 1.01399
1341 1.00606
1342 1.00888
1343 1.0108
1344 1.01329
1345 1.01451
1346 1.00904
1347 1.0112
1348 1.01075
1349 1.00778
1350 1.01104
1351 1.00577
1352 1.00619
1353 1.00754
1354 1.01291
1355 1.01077
1356 1.00852
1357 1.00652
1358 1.00869
1359 1.00946
1360 1.00807
1361 1.00836
1362 1.00525
1363 1.00652
1364 1.00516
1365 1.01118
1366 1.00799
1367 1.00685
1368 1.01173
1369 1.00851
1370 1.00657
1371 1.00455
1372 1.00304
1373 1.00955
1374 1.00513
1375 1.0116
1376 1.00653
1377 1.00429
1378 1.01379
1379 1.0072
1380 1.00547
1381 1.0076
1382 1.00893
1383 1.00663
1384 1.00663
1385 1.00525
1386 1.00388
1387 1.0082
1388 1.00579
1389 1.00479
1390 1.005
1391 1.00186
1392 1.00021
1393 1.00641
1394 1.00405
1395 1.00507
1396 1.00554
1397 1.00499
1398 1.00786
1399 1.0034
1400 1.00229
1401 1.00289
1402 1.00294
1403 1.00361
1404 1.00249
1405 1.00631
1406 1.00459
1407 1.0035
1408 1.00239
1409 1.00484
1410 0.999308
1411 1.00308
1412 1.00223
1413 1.00064
1414 1.00144
1415 1.00435
1416 1.00163
1417 1.00062
1418 1.00193
1419 1.00244
1420 1.00334
1421 1.00195
1422 1.00154
1423 1.00034
1424 1.00217
1425 1.00446
1426 1.00054
1427 1.00178
1428 1.00178
1429 1.00099
1430 0.998775
1431 1.00366
1432 0.999912
1433 1.00302
1434 0.998059
1435 1.00466
1436 1.00046
1437 0.998109
1438 1.00137
1439 0.9985
1440 1.00162
1441 0.997629
1442 0.999623
1443 0.995865
1444 0.999442
1445 0.998486
1446 1.00076
1447 1.00097
1448 1.00026
1449 0.998464
1450 0.998552
1451 0.996324
1452 0.997059
1453 0.996807
1454 0.997122
1455 0.999808
1456 0.997826
1457 0.997101
1458 0.997073
1459 1.00109
1460 0.995404
1461 0.995665
1462 0.995173
1463 0.993984
1464 1.00101
1465 0.994779
1466 0.996604
1467 0.995355
1468 1.00003
1469 0.998494
1470 0.99335
1471 0.995612
1472 0.996177
1473 0.996044
1474 0.997361
1475 0.99629
1476 0.996478
1477 0.996513
1478 0.996488
1479 0.999478
1480 0.995282
1481 0.995918
1482 0.994624
1483 0.998309
1484 0.995209
1485 0.993703
1486 0.994345
1487 0.998214
1488 0.996257
1489 0.997966
1490 0.997356
1491 0.998108
1492 1.00107
1493 0.997696
1494 0.995389
1495 0.998204
1496 0.994481
1497 0.994566
1498 0.997773
1499 0.995644
1500 0.995571
1501 0.996941
1502 0.992689
1503 0.993652
1504 0.99931
1505 0.997703
1506 0.99738
1507 0.996672
1508 0.99811
1509 0.995676
1510 0.999214
1511 1.00334
1512 0.99442
1513 0.99789
1514 0.993005
1515 0.99508
1516 0.999679
1517 0.998554
1518 0.999433
1519 0.995806
1520 0.995158
1521 1.00083
1522 0.997046
1523 1.00028
1524 0.995923
1525 0.998412
1526 0.997202
1527 0.999252
1528 0.996981
1529 0.999787
1530 0.99765
1531 0.994104
1532 0.9995
1533 0.995273
1534 0.998943
1535 0.996341
1536 0.999255
1537 0.999035
1538 0.996369
1539 0.997387
1540 0.997723
1541 0.996844
1542 0.99676
1543 0.998379
1544 0.999739
1545 0.995847
1546 0.996976
1547 0.99731
1548 0.999297
1549 0.999413
1550 0.992925
1551 1.00169
1552 0.994085
1553 0.99507
1554 0.997494
1555 0.995073
1556 0.995426
1557 0.993926
1558 0.995692
1559 0.999126
1560 0.994697
1561 0.997755
1562 0.993139
1563 0.995564
1564 0.993782
1565 0.995042
1566 0.993447
1567 0.9938
1568 0.996083
1569 0.99574
1570 0.995569
1571 0.994923
1572 0.994888
1573 0.994241
1574 0.993046
1575 0.99363
1576 0.992699
1577 0.994508
1578 0.991824
1579 0.993774
1580 0.992659
1581 0.99582
1582 0.995126
1583 0.99587
1584 0.997429
1585 0.995274
1586 0.995999
1587 0.993924
1588 0.991827
1589 0.992935
1590 0.993145
1591 0.992114
1592 0.991319
1593 0.993124
1594 0.992705
1595 0.99529
1596 0.992844
1597 0.994931
1598 0.99223
1599 0.994735
1600 0.993236
1601 0.99058
1602 0.992344
1603 0.990601
1604 0.992061
1605 0.994386
1606 0.993315
1607 0.990034
1608 0.995701
1609 0.991959
1610 0.989706
1611 0.992027
1612 0.994901
1613 0.992724
1614 0.992782
1615 0.991523
1616 0.995161
1617 0.992661
1618 0.991457
1619 0.990402
1620 0.993179
1621 0.990576
1622 0.992272
1623 0.991275
1624 0.993681
1625 0.992148
1626 0.990108
1627 0.991174
1628 0.993322
1629 0.99174
1630 0.991785
1631 0.989798
1632 0.990552
1633 0.99178
1634 0.990799
1635 0.991481
1636 0.991965
1637 0.99178
1638 0.990621
1639 0.989608
1640 0.991169
1641 0.992453
1642 0.989215
1643 0.991458
1644 0.991201
1645 0.990815
1646 0.989564
1647 0.990698
1648 0.99159
1649 0.990587
1650 0.989402
1651 0.990077
1652 0.990091
1653 0.992511
1654 1.03353
1655 0.991445
1656 0.989564
1657 0.990864
1658 0.990354
1659 0.990648
1660 0.989988
1661 0.989618
1662 0.991369
1663 0.989381
1664 0.991754
1665 0.991576
1666 0.989297
1667 0.98906
1668 0.989924
1669 0.990745
1670 0.989979
1671 0.989797
1672 0.990296
1673 0.989162
1674 0.988734
1675 0.989078
1676 0.98932
1677 0.988404
1678 0.989433
1679 0.989779
1680 0.988832
1681 0.991745
1682 0.98938
1683 0.988497
1684 0.989706
1685 0.988686
1686 0.989308
1687 0.988824
1688 1.03288
1689 0.990515
1690 0.988817
1691 0.988653
1692 1.03365
1693 0.988383
1694 1.07646
1695 0.988859
1696 1.03436
1697 1.03199
1698 0.989692
1699 0.98883
1700 1.0771
1701 0.988913
1702 0.989053
1703 0.989161
1704 0.988004
1705 1.03283
1706 1.03312
1707 1.03036
1708 1.03159
1709 0.98909
1710 0.987581
1711 0.987671
1712 1.03048
1713 1.03275
1714 0.988193
1715 1.02624
1716 1.02538
1717 0.987627
1718 1.03119
1719 1.03073
1720 1.03372
1721 1.07278
1722 0.987408
1723 1.07152
1724 1.07743
1725 0.987514
1726 1.02626
1727 1.07151
1728 1.07432
1729 1.02995
1730 1.06676
1731 1.07222
1732 1.03194
1733 0.987532
1734 1.07085
1735 1.02559
1736 1.07383
1737 1.07646
1738 1.06689
1739 1.06618
1740 1.07062
1741 1.03191
1742 1.06643
1743 1.0717
1744 1.06586
1745 1.06518
1746 1.06999
1747 1.0281
1748 1.06365
1749 1.02386
1750 1.06599
1751 1.07512
1752 1.06694
1753 1.06446
1754 1.03086
1755 1.07537
1756 1.07053
1757 1.06773
1758 1.03031
1759 1.05924
1760 1.0635
1761 1.06398
1762 1.0738
1763 1.06757
1764 1.06359
1765 1.06806
1766 1.05889
1767 1.06584
1768 1.02858
1769 1.06901
1770 1.05506
1771 1.05481
1772 1.06378
1773 1.06044
1774 1.0599
1775 1.06304
1776 1.06539
1777 1.06102
1778 1.0666
1779 1.05891
1780 1.06294
1781 1.06019
1782 1.06291
1783 1.06687
1784 1.06641
1785 1.06867
1786 1.06071
1787 1.06134
1788 1.05883
1789 1.06581
1790 1.06987
1791 1.06197
1792 1.06174
1793 1.06492
1794 1.05387
1795 1.06027
1796 1.05887
1797 1.06375
1798 1.06091
1799 1.05551
1800 1.05344
1801 1.0556
1802 1.05828
1803 1.05578
1804 1.05293
1805 1.05485
1806 1.05787
1807 1.05197
1808 1.06099
1809 1.05284
1810 1.06086
1811 1.05405
1812 1.05138
1813 1.05684
1814 1.0558
1815 1.05354
1816 1.05226
1817 1.05296
1818 1.0548
1819 1.0532
1820 1.05545
1821 1.05141
1822 1.05433
1823 1.05967
1824 1.05295
1825 1.05229
1826 1.05038
1827 1.05123
1828 1.05091
1829 1.05702
1830 1.05242
1831 1.05458
1832 1.05031
1833 1.05018
1834 1.05111
1835 1.05091
1836 1.04531
1837 1.05423
1838 1.05157
1839 1.04623
1840 1.04521
1841 1.05155
1842 1.05383
1843 1.04501
1844 1.04131
1845 1.05167
1846 1.05007
1847 1.04538
1848 1.04843
1849 1.04524
1850 1.05086
1851 1.05049
1852 1.04913
1853 1.05203
1854 1.05409
1855 1.04521
1856 1.0446
1857 1.04621
1858 1.04721
1859 1.04678
1860 1.043
1861 1.04878
1862 1.04418
1863 1.04609
1864 1.04512
1865 1.05297
1866 1.04608
1867 1.04354
1868 1.04681
1869 1.04717
1870 1.04679
1871 1.03858
1872 1.04357
1873 1.05133
1874 1.04858
1875 1.04287
1876 1.04994
1877 1.04257
1878 1.04045
1879 1.04458
1880 1.04153
1881 1.04054
1882 1.03805
1883 1.04392
1884 1.04422
1885 1.04421
1886 1.04214
1887 1.04519
1888 1.04011
1889 1.04268
1890 1.0486
1891 1.04466
1892 1.04029
1893 1.03909
1894 1.04291
1895 1.03907
1896 1.03862
1897 1.04139
1898 1.04007
1899 1.03476
1900 1.03892
1901 1.04011
1902 1.03914
1903 1.04074
1904 1.03914
1905 1.04086
1906 1.03864
1907 1.04617
1908 1.04035
1909 1.0391
1910 1.0382
1911 1.03717
1912 1.0398
1913 1.03916
1914 1.03892
1915 1.03441
1916 1.03565
1917 1.04179
1918 1.03655
1919 1.04215
1920 1.03553
1921 1.03889
1922 1.03914
1923 1.04126
1924 1.0374
1925 1.04201
1926 1.03755
1927 1.0365
1928 1.03885
1929 1.03657
1930 1.03799
1931 1.03699
1932 1.03419
1933 1.0406
1934 1.03828
1935 1.03717
1936 1.03589
1937 1.03394
1938 1.03712
1939 1.03589
1940 1.03901
1941 1.0341
1942 1.03548
1943 1.03566
1944 1.03688
1945 1.03361
1946 1.03392
1947 1.03191
1948 1.037
1949 1.0355
1950 1.04026
1951 1.03455
1952 1.03332
1953 1.03584
1954 1.03445
1955 1.03358
1956 1.03807
1957 1.03767
1958 1.03657
1959 1.03382
1960 1.03446
1961 1.03595
1962 1.03197
1963 1.03449
1964 1.03224
1965 1.03405
1966 1.03639
1967 1.03425
1968 1.03237
1969 1.03276
1970 1.03375
1971 1.0343
1972 1.03587
1973 1.03096
1974 1.03328
1975 1.03721
1976 1.0348
1977 1.03517
1978 1.03112
1979 1.03508
1980 1.03086
1981 1.0312
1982 1.03177
1983 1.02869
1984 1.02388
1985 1.0319
1986 1.03085
1987 1.02647
1988 1.03007
1989 1.0314
1990 1.03142
1991 1.03258
1992 1.02803
1993 1.03098
1994 1.0334
1995 1.02826
1996 1.02932
1997 1.03118
1998 1.02827
1999 1.03101
2000 1.02584
2001 1.02938
2002 1.03342
2003 1.0253
2004 1.02992
2005 1.02301
2006 1.02468
2007 1.02709
2008 1.024
2009 1.02595
2010 1.0272
2011 1.03128
2012 1.02459
2013 1.02663
2014 1.0307
2015 1.02564
2016 1.03009
2017 1.02762
2018 1.02451
2019 1.0268
2020 1.03026
2021 1.02887
2022 1.02524
2023 1.02778
2024 1.02317
2025 1.02609
2026 1.02477
2027 1.02443
2028 1.02479
2029 1.02442
2030 1.02387
2031 1.02224
2032 1.0242
2033 1.02716
2034 1.02696
2035 1.02891
2036 1.02414
2037 1.02813
2038 1.02368
2039 1.02475
2040 1.02561
2041 1.0257
2042 1.02478
2043 1.02541
2044 1.02191
2045 1.02307
2046 1.02821
2047 1.02243
2048 1.02598
2049 1.02404
2050 1.02452
2051 1.0255
2052 1.02487
2053 1.02433
2054 1.02303
2055 1.02315
2056 1.02088
2057 1.02374
2058 1.02425
2059 1.02241
2060 1.02293
2061 1.02432
2062 1.02438
2063 1.02198
2064 1.02058
2065 1.02161
2066 1.02247
2067 1.01939
2068 1.02186
2069 1.02247
2070 1.02282
2071 1.02218
2072 1.02002
2073 1.02061
2074 1.01998
2075 1.02161
2076 1.01957
2077 1.02118
2078 1.02047
2079 1.01764
2080 1.01988
2081 1.01672
2082 1.01926
2083 1.01567
2084 1.01869
2085 1.02067
2086 1.01858
2087 1.02004
2088 1.01754
2089 1.01583
2090 1.02142
2091 1.02181
2092 1.0175
2093 1.01727
2094 1.01975
2095 1.02458
2096 1.02138
2097 1.02012
2098 1.01773
2099 1.01839
2100 1.02011
2101 1.01766
2102 1.02016
2103 1.01821
2104 1.01878
2105 1.01636
2106 1.02129
2107 1.01526
2108 1.01993
2109 1.01829
2110 1.01644
2111 1.01707
2112 1.0153
2113 1.01943
2114 1.01546
2115 1.02086
2116 1.0188
2117 1.02232
2118 1.02155
2119 1.01462
2120 1.01598
2121 1.01684
2122 1.01633
2123 1.02898
2124 1.01853
2125 1.01866
2126 1.01712
2127 1.01769
2128 1.01645
2129 1.0147
2130 1.01649
2131 1.02052
2132 1.019
2133 1.01431
2134 1.01495
2135 1.01518
2136 1.01422
2137 1.02823
2138 1.02004
2139 1.0161
2140 1.01612
2141 1.01588
2142 1.02469
2143 1.01834
2144 1.02334
2145 1.01729
2146 1.02032
2147 1.01646
2148 1.02604
2149 1.01518
2150 1.02667
2151 1.01376
2152 1.01575
2153 1.01649
2154 1.02327
2155 1.02311
2156 1.02076
2157 1.0193
2158 1.01941
2159 1.01708
2160 1.02272
2161 1.01544
2162 1.02127
2163 1.02367
2164 1.02644
2165 1.01905
2166 1.02165
2167 1.02207
2168 1.02196
2169 1.02014
2170 1.02332
2171 1.01878
2172 1.02563
2173 1.0158
2174 1.02325
2175 1.01979
2176 1.02033
2177 1.01819
2178 1.0205
2179 1.02204
2180 1.01418
2181 1.0166
2182 1.02718
2183 1.01733
2184 1.02481
2185 1.01897
2186 1.01784
2187 1.01845
2188 1.01843
2189 1.02678
2190 1.02162
2191 1.01982
2192 1.02177
2193 1.02124
2194 1.01796
2195 1.01645
2196 1.0217
2197 1.01577
2198 1.01958
2199 1.0148
2200 1.0206
2201 1.01648
2202 1.01643
2203 1.01721
2204 1.02098
2205 1.0152
2206 1.01982
2207 1.0186
2208 1.01967
2209 1.02088
2210 1.02495
2211 1.02208
2212 1.01745
2213 1.01965
2214 1.02194
2215 1.01915
2216 1.02261
2217 1.02553
2218 1.01991
2219 1.01907
2220 1.0166
2221 1.01908
2222 1.02101
2223 1.01945
2224 1.01586
2225 1.01738
2226 1.01978
2227 1.02143
2228 1.01435
2229 1.01608
2230 1.01538
2231 1.01697
2232 1.01741
2233 1.01735
2234 1.02012
2235 1.01867
2236 1.01482
2237 1.01475
2238 1.01555
2239 1.01387
2240 1.01442
2241 1.01573
2242 1.01515
2243 1.01354
2244 1.01805
2245 1.01599
2246 1.01741
2247 1.012
2248 1.01263
2249 1.01676
2250 1.01729
2251 1.01955
2252 1.01586
2253 1.01347
2254 1.01323
2255 1.01925
2256 1.01296
2257 1.01288
2258 1.01523
2259 1.01709
2260 1.01865
2261 1.01516
2262 1.01346
2263 1.01589
2264 1.0151
2265 1.0125
2266 1.0142
2267 1.01041
2268 1.01554
2269 1.01169
2270 1.01401
2271 1.01292
2272 1.01488
2273 1.01114
2274 1.01411
2275 1.01266
2276 1.01182
2277 1.01375
2278 1.01108
2279 1.01324
2280 1.01084
2281 1.01416
2282 1.01287
2283 1.00936
2284 1.01031
2285 1.00965
2286 1.00944
2287 1.00967
2288 1.00972
2289 1.01001
2290 1.01243
2291 1.01038
2292 1.01378
2293 1.00817
2294 1.00967
2295 1.00924
2296 1.00923
2297 1.00903
2298 1.01035
2299 1.0098
2300 1.00999
2301 1.00926
2302 1.01127
2303 1.00759
2304 1.01182
2305 1.01044
2306 1.01282
2307 1.0112
2308 1.00843
2309 1.01125
2310 1.00618
2311 1.01177
2312 1.00672
2313 1.00682
2314 1.01
2315 1.00864
2316 1.00962
2317 1.01174
2318 1.0075
2319 1.00767
2320 1.00695
2321 1.00916
2322 1.00936
2323 1.00938
2324 1.01046
2325 1.00891
2326 1.01022
2327 1.00848
2328 1.00706
2329 1.00873
2330 1.01268
2331 1.00826
2332 1.00578
2333 1.00719
2334 1.01106
2335 1.00862
2336 1.00934
2337 1.00571
2338 1.00894
2339 1.00938
2340 1.00838
2341 1.00966
2342 1.00682
2343 1.00745
2344 1.0067
2345 1.0087
2346 1.00766
2347 1.00867
2348 1.01011
2349 1.00497
2350 1.00891
2351 1.00735
2352 1.0059
2353 1.00812
2354 1.0082
2355 1.00889
2356 1.00645
2357 1.00709
2358 1.00439
2359 1.00899
2360 1.0098
2361 1.00874
2362 1.00505
2363 1.0051
2364 1.00845
2365 1.00477
2366 1.00549
2367 1.0073
2368 1.00632
2369 1.00662
2370 1.00915
2371 1.00488
2372 1.00668
2373 1.00589
2374 1.00725
2375 1.00405
2376 1.0057
2377 1.00696
2378 1.00622
2379 1.00787
2380 1.00459
2381 1.0066
2382 1.00673
2383 1.00597
2384 1.00818
2385 1.00835
2386 1.00757
2387 1.00792
2388 1.00611
2389 1.00486
2390 1.00597
2391 1.006
2392 1.00544
2393 1.007
2394 1.00372
2395 1.00539
2396 1.00536
2397 1.00513
2398 1.00511
2399 1.00496
2400 1.00328
2401 1.00387
2402 1.00455
2403 1.00379
2404 1.00448
2405 1.00633
2406 1.00727
2407 1.00511
2408 1.00525
2409 1.00352
2410 1.0073
2411 1.00212
2412 1.00354
2413 1.00256
2414 1.00688
2415 1.00751
2416 1.00499
2417 1.00379
2418 1.00245
2419 1.00636
2420 1.00668
2421 1.00584
2422 1.00249
2423 1.00199
2424 1.00477
2425 1.00227
2426 1.00357
2427 1.00411
2428 1.00149
2429 1.00026
2430 1.00359
2431 1.0049
2432 1.00638
2433 1.00185
2434 1.00252
2435 1.00246
2436 1.00458
2437 1.00486
2438 1.0033
2439 1.00115
2440 1.00651
2441 1.00319
2442 1.00311
2443 1.00171
2444 1.00342
2445 1.00323
2446 1.00104
2447 1.00252
2448 1.00293
2449 1.00178
2450 1.00223
2451 1.00238
2452 1.0029
2453 1.00012
2454 1.00048
2455 1.00424
2456 1.00337
2457 1.00331
2458 1.00073
2459 1.00093
2460 1.00064
2461 1.00122
2462 1.00047
2463 1.0012
2464 1.00323
2465 1.00041
2466 1.00156
2467 1.0009
2468 1.00032
2469 0.999777
2470 1.00153
2471 0.999635
2472 1.00158
2473 0.999844
2474 1.00138
2475 1.00199
2476 0.999229
2477 1.00126
2478 1.00183
2479 0.999523
2480 1.00163
2481 1.00234
2482 1.00204
2483 0.99987
2484 1.00076
2485 1.00012
2486 0.999232
2487 1.00264
2488 1.00025
2489 0.998655
2490 1.00042
2491 0.999995
2492 1.00181
2493 0.998138
2494 1.0006
2495 0.997504
2496 0.999935
2497 1.00057
2498 1.00074
2499 1.00164
2500 0.998215
2501 1.00058
2502 1.00066
2503 1.01319
2504 0.999982
2505 0.997846
2506 1.00009
2507 1.00028
2508 0.99867
2509 0.998292
2510 0.998086
2511 0.999589
2512 0.997609
2513 0.999565
2514 0.997796
2515 0.999413
2516 0.997639
2517 1.00031
2518 0.998312
2519 0.998547
2520 0.998644
2521 0.996911
2522 0.999747
2523 1.01005
2524 0.99925
2525 0.999084
2526 0.997995
2527 1.00034
2528 0.999657
2529 0.998884
2530 0.99845
2531 0.996387
2532 0.998509
2533 0.995447
2534 1.01023
2535 0.997682
2536 0.997633
2537 1.01202
2538 1.00805
2539 0.99615
2540 1.00937
2541 0.995877
2542 0.998045
2543 0.997929
2544 0.997859
2545 1.00675
2546 0.998359
2547 0.996544
2548 0.997125
2549 1.0103
2550 1.00848
2551 0.99708
2552 0.99817
2553 0.996743
2554 0.99814
2555 1.00978
2556 0.997158
2557 1.00945
2558 1.00941
2559 0.997189
2560 0.997669
2561 0.997695
2562 1.00794
2563 1.00941
2564 0.996621
2565 0.997275
2566 0.995628
2567 1.0081
2568 1.01073
2569 0.995758
2570 1.00932
2571 0.997395
2572 0.996499
2573 0.99651
2574 0.996372
2575 1.00713
2576 1.00739
2577 1.00617
2578 0.995389
2579 1.00892
2580 1.00811
2581 0.995302
2582 1.00895
2583 1.0214
2584 0.995666
2585 1.00891
2586 1.02027
2587 0.996417
2588 1.02136
2589 0.996377
2590 1.01908
2591 1.01014
2592 1.00874
2593 1.0059
2594 1.01014
2595 1.02232
2596 1.02074
2597 0.995558
2598 1.02079
2599 1.01751
2600 1.01959
2601 1.01834
2602 1.00901
2603 1.0201
2604 1.00644
2605 1.01648
2606 1.01489
2607 1.01968
2608 1.00675
2609 1.01807
2610 1.01608
2611 1.00515
2612 1.01513
2613 1.00641
2614 1.01507
2615 1.01948
2616 1.00576
2617 1.00507
2618 1.00915
2619 1.00324
2620 1.01944
2621 1.01804
2622 1.01308
2623 1.00569
2624 1.01681
2625 1.01482
2626 1.0206
2627 1.0146
2628 1.00612
2629 1.0135
2630 1.01393
2631 1.00493
2632 1.01253
2633 1.01414
2634 1.01473
2635 1.0172
2636 1.01357
2637 1.01171
2638 1.01442
2639 1.01415
2640 1.01583
2641 1.01366
2642 1.01521
2643 1.01492
2644 1.01622
2645 1.0167
2646 1.01719
2647 1.01027
2648 1.01305
2649 1.01078
2650 1.01344
2651 1.01539
2652 1.01298
2653 1.01703
2654 1.01058
2655 1.0117
2656 1.01397
2657 1.01043
2658 1.01311
2659 1.01351
2660 1.01838
2661 1.01628
2662 1.0043
2663 1.01252
2664 1.01312
2665 1.01189
2666 1.00767
2667 1.01138
2668 1.01346
2669 1.01633
2670 1.01356
2671 1.01208
2672 1.01386
2673 1.00806
2674 1.01074
2675 1.01242
2676 1.0162
2677 1.01103
2678 1.01117
2679 1.01562
2680 1.00838
2681 1.00857
2682 1.01464
2683 1.0071
2684 1.00758
2685 1.01017
2686 1.0119
2687 1.01301
2688 1.01041
2689 1.00803
2690 1.00816
2691 1.01142
2692 1.0112
2693 1.01131
2694 1.01088
2695 1.00911
2696 1.00929
2697 1.00942
2698 1.01246
2699 1.00874
2700 1.00559
2701 1.0105
2702 1.00825
2703 1.01015
2704 1.0074
2705 1.00835
2706 1.00818
2707 1.00805
2708 1.00968
2709 1.00998
2710 1.00667
2711 1.00585
2712 1.00671
2713 1.00691
2714 1.00674
2715 1.01101
2716 1.0076
2717 1.00632
2718 1.00694
2719 1.00743
2720 1.00689
2721 1.00863
2722 1.00725
2723 1.00465
2724 1.00629
2725 1.00472
2726 1.00651
2727 1.00755
2728 1.00468
2729 1.00699
2730 1.00803
2731 1.00509
2732 1.00422
2733 1.01114
2734 1.01027
2735 1.00612
2736 1.00993
2737 1.00401
2738 1.00608
2739 1.00641
2740 1.00543
2741 1.00596
2742 1.00374
2743 1.01142
2744 1.00689
2745 1.00508
2746 1.00476
2747 1.00455
2748 1.00737
2749 1.00416
2750 1.00949
2751 1.00221
2752 1.00309
2753 1.00299
2754 1.00164
2755 1.00573
2756 1.00246
2757 1.00324
2758 1.00657
2759 1.00588
2760 1.00352
2761 1.00493
2762 1.00454
2763 1.00361
2764 1.00373
2765 1.00475
2766 1.00565
2767 1.00611
2768 1.00443
2769 1.00297
2770 1.00311
2771 1.00558
2772 1.00445
2773 1.00525
2774 1.00433
2775 1.00779
2776 1.00602
2777 1.00268
2778 1.00433
2779 1.00458
2780 1.00478
2781 1.00474
2782 1.00355
2783 1.00227
2784 1.00188
2785 1.0019
2786 1.00219
2787 1.00511
2788 1.00491
2789 1.00309
2790 1.00289
2791 1.0017
2792 1.00396
2793 1.00283
2794 1.00262
2795 1.00187
2796 1.00146
2797 1.00329
2798 1.00624
2799 1.00415
2800 1.00353
2801 1.00518
2802 1.00205
2803 1.00264
2804 1.00422
2805 1.00229
2806 1.00105
2807 1.00336
2808 1.0035
2809 1.0005
2810 1.00326
2811 1.00427
2812 1.00353
2813 1.0059
2814 1.00547
2815 1.00283
2816 1.00221
2817 1.00434
2818 1.00131
2819 1.0023
2820 1.00276
2821 1.00246
2822 1.00447
2823 1.00193
2824 1.00211
2825 1.00603
2826 1.0035
2827 1.0044
2828 1.00218
2829 1.00127
2830 1.00175
2831 1.00194
2832 1.00115
2833 1.00177
2834 1.0012
2835 1.00283
2836 1.0002
2837 1.00074
2838 1.00066
2839 1.00172
2840 1.00402
2841 0.999791
2842 1.00243
2843 0.997862
2844 1.0004
2845 0.999497
2846 0.99966
2847 1.0032
2848 1.0023
2849 1.0003
2850 0.999218
2851 1.00122
2852 1.00201
2853 1.00116
2854 0.999428
2855 0.998437
2856 1.00027
2857 1.00043
2858 1.00279
2859 0.997782
2860 1.00274
2861 1.00073
2862 1.00107
2863 0.998285
2864 1.00029
2865 1.00038
2866 1.00107
2867 1.00073
2868 1.00023
2869 0.998422
2870 0.996373
2871 1.00252
2872 1.00179
2873 0.999122
2874 1.0012
2875 1.0006
2876 1.00065
2877 0.998273
2878 0.99843
2879 1.00263
2880 1.00003
2881 0.996765
2882 0.998219
2883 0.998839
2884 1.00264
2885 0.999361
2886 0.997249
2887 1.00079
2888 0.999011
2889 1.00103
2890 0.997494
2891 0.99672
2892 0.997973
2893 0.999808
2894 0.996669
2895 0.998961
2896 0.998922
2897 0.997713
2898 0.997469
2899 0.998978
2900 0.99627
2901 0.999145
2902 0.997168
2903 0.997968
2904 0.998524
2905 1.00035
2906 0.999151
2907 0.996224
2908 0.997416
2909 0.997631
2910 0.997495
2911 0.998578
2912 0.998282
2913 0.996385
2914 0.997908
2915 0.998753
2916 0.998923
2917 0.996025
2918 0.996761
2919 0.996989
2920 0.996792
2921 0.995694
2922 0.995664
2923 0.998272
2924 0.997769
2925 0.99682
2926 0.99694
2927 0.996056
2928 0.997214
2929 0.994405
2930 0.998353
2931 0.997475
2932 0.995192
2933 0.996714
2934 0.997453
2935 0.995415
2936 0.997623
2937 1.00129
2938 0.995828
2939 0.997543
2940 0.994903
2941 0.995654
2942 0.9961
2943 0.995763
2944 0.996965
2945 0.995044
2946 0.99557
2947 0.997609
2948 0.995559
2949 0.994853
2950 0.996282
2951 0.994448
2952 0.997784
2953 0.995241
2954 0.994359
2955 0.996665
2956 0.995151
2957 0.999948
2958 0.996064
2959 0.996993
2960 0.996045
2961 0.993766
2962 0.997237
2963 1.00057
2964 0.995244
2965 0.998668
2966 0.995075
2967 0.994627
2968 0.998901
2969 0.995185
2970 0.997494
2971 0.99488
2972 1.00098
2973 0.995325
2974 0.995011
2975 0.994403
2976 0.99807
2977 0.992782
2978 0.99942
2979 0.994816
2980 0.994287
2981 0.996883
2982 1.00486
2983 0.993887
2984 0.993696
2985 0.993931
2986 0.995508
2987 0.99873
2988 0.993324
2989 0.9977
2990 0.994227
2991 0.994145
2992 0.993708
2993 0.994002
2994 0.994128
2995 0.996918
2996 0.993666
2997 0.998472
2998 0.993232
2999 0.996805
3000 0.99389
3001 0.998102
3002 0.995598
3003 0.995756
3004 0.9976
3005 0.993369
3006 0.994036
3007 0.998275
3008 1.00136
3009 0.994306
3010 0.997563
3011 1.00075
3012 0.997568
3013 0.994073
3014 0.996888
3015 0.992862
3016 0.997612
3017 0.99403
3018 0.998443
3019 0.998215
3020 0.998036
3021 0.998748
3022 0.996319
3023 0.999118
3024 0.998267
3025 1.00035
3026 0.997362
3027 0.998586
3028 0.999532
3029 0.99692
3030 0.997645
3031 0.996814
3032 1.00121
3033 0.997813
3034 0.998615
3035 1.00131
3036 0.996277
3037 1.00235
3038 0.999287
3039 1.00053
3040 1.00011
3041 0.994053
3042 0.996788
3043 0.995085
3044 0.999835
3045 0.993438
3046 1.00206
3047 0.998475
3048 1.00112
3049 0.99909
3050 0.996186
3051 0.999044
3052 0.998053
3053 0.999014
3054 0.997593
3055 0.998964
3056 0.99434
3057 1.00291
3058 0.998813
3059 1.00294
3060 0.998334
3061 1.00194
3062 1.00248
3063 0.99831
3064 0.999691
3065 0.99935
3066 0.99668
3067 0.99977
3068 0.999358
3069 1.00303
3070 0.996207
3071 0.995161
3072 0.99912
3073 0.998247
3074 0.998567
3075 0.997373
3076 0.996376
3077 0.992533
3078 1.00028
3079 0.998281
3080 0.996874
3081 0.997107
3082 0.999345
3083 0.997331
3084 0.995874
3085 0.997621
3086 0.999165
3087 0.999107
3088 0.997154
3089 0.998335
3090 0.995448
3091 0.997669
3092 0.998081
3093 0.997083
3094 0.996274
3095 0.996039
3096 0.997135
3097 0.996854
3098 0.995767
3099 0.99679
3100 0.995375
3101 0.996636
3102 0.996397
3103 0.99695
3104 0.995152
3105 0.997343
3106 0.995013
3107 0.996619
3108 0.996389
3109 0.995933
3110 0.997135
3111 0.994266
3112 0.996629
3113 0.997019
3114 0.995243
3115 0.99626
3116 0.993791
3117 0.994729
3118 0.994028
3119 0.997655
3120 0.994598
3121 0.994464
3122 0.99623
3123 0.996314
3124 0.997262
3125 0.994611
3126 0.996364
3127 0.99457
3128 0.996724
3129 0.995897
3130 0.995471
3131 0.995877
3132 0.995447
3133 0.996762
3134 0.99564
3135 0.994622
3136 0.993341
3137 0.99478
3138 0.995766
3139 0.99378
3140 0.994985
3141 0.995635
3142 0.994377
3143 0.993506
3144 0.996128
3145 0.997208
3146 0.995005
3147 0.995071
3148 0.995684
3149 0.993831
3150 0.99523
3151 0.995761
3152 0.996062
3153 0.993491
3154 0.994309
3155 0.993526
3156 0.993593
3157 0.994512
3158 0.992739
3159 0.993666
3160 0.993843
3161 0.994458
3162 0.992933
3163 0.995453
3164 0.99436
3165 0.991999
3166 0.993328
3167 0.993514
3168 0.993365
3169 0.994353
3170 0.993932
3171 0.992972
3172 0.994267
3173 0.992165
3174 0.994091
3175 0.992372
3176 0.993612
3177 0.992671
3178 0.993231
3179 0.996018
3180 0.993869
3181 0.993787
3182 0.992937
3183 0.993279
3184 0.99208
3185 0.991346
3186 0.992196
3187 0.991898
3188 0.994294
3189 0.992086
3190 0.994419
3191 0.993232
3192 0.992699
3193 0.992382
3194 0.993567
3195 0.993243
3196 0.993284
3197 0.993173
3198 0.993715
3199 0.993274
3200 0.992393
3201 0.993475
3202 0.992921
3203 0.994168
3204 0.992862
3205 0.992747
3206 0.993087
3207 0.992595
3208 0.991922
3209 0.992785
3210 0.992147
3211 0.991121
3212 0.993182
3213 0.992112
3214 0.992234
3215 0.99409
3216 0.993438
3217 0.993358
3218 0.993242
3219 0.992871
3220 0.992817
3221 0.995934
3222 0.992821
3223 0.991075
3224 0.993345
3225 0.992412
3226 0.993796
3227 0.99383
3228 0.992122
3229 0.992719
3230 0.993682
3231 0.993289
3232 0.991922
3233 0.99321
3234 0.993739
3235 0.991205
3236 0.994688
3237 0.993515
3238 0.992069
3239 0.993261
3240 0.99442
3241 0.992364
3242 0.994103
3243 0.992182
3244 0.992816
3245 0.992966
3246 0.993353
3247 0.992843
3248 0.991394
3249 0.994942
3250 0.993461
3251 0.991426
3252 0.991418
3253 0.992248
3254 0.991878
3255 0.992551
3256 0.990899
3257 0.993111
3258 0.992432
3259 0.992344
3260 0.995285
3261 0.993794
3262 0.991814
3263 0.994163
3264 0.993298
3265 0.992426
3266 0.99384
3267 0.993044
3268 0.991095
3269 0.992964
3270 0.991867
3271 0.991722
3272 0.993438
3273 0.993092
3274 0.992857
3275 0.993958
3276 0.993132
3277 0.992912
3278 0.992613
3279 0.993202
3280 0.991973
3281 0.992745
3282 0.992053
3283 0.991803
3284 0.992329
3285 0.99049
3286 0.992772
3287 0.993129
3288 0.991715
3289 0.992689
3290 0.991679
3291 0.991086
3292 0.992053
3293 0.993049
3294 0.991657
3295 0.991547
3296 0.99059
3297 0.991284
3298 0.991794
3299 0.991627
3300 0.991165
3301 0.99098
3302 0.990555
3303 0.991435
3304 0.989955
3305 0.992257
3306 0.992171
3307 0.990427
3308 0.992227
3309 0.991148
3310 0.991481
3311 0.991571
3312 0.992529
3313 0.993607
3314 0.990654
3315 0.992323
3316 0.991415
3317 0.991388
3318 0.992392
3319 0.991542
3320 0.990262
3321 0.991832
3322 0.991673
3323 0.990644
3324 0.99245
3325 0.990886
3326 0.991415
3327 0.991105
3328 0.989818
3329 0.990211
3330 0.989922
3331 0.990451
3332 0.990439
3333 0.99108
3334 0.991178
3335 0.990451
3336 0.990471
3337 0.989772
3338 0.989791
3339 0.991315
3340 0.991164
3341 0.989889
3342 0.99125
3343 0.991663
3344 0.990514
3345 0.991132
3346 0.990989
3347 0.990376
3348 0.989498
3349 0.989729
3350 0.990893
3351 0.989963
3352 0.990433
3353 0.9909
3354 0.990505
3355 0.990754
3356 0.989971
3357 0.991155
3358 0.989453
3359 0.990831
3360 0.990923
3361 0.991715
3362 0.98963
3363 0.990279
3364 0.990652
3365 0.990844
3366 0.989373
3367 0.99021
3368 0.990687
3369 0.990029
3370 0.990557
3371 0.989691
3372 0.989372
3373 0.991596
3374 0.989602
3375 0.989683
3376 0.989364
3377 0.988979
3378 0.989624
3379 0.989999
3380 0.990402
3381 0.989658
3382 0.990213
3383 0.989809
3384 0.990392
3385 0.990314
3386 0.989276
3387 0.990051
3388 0.990215
3389 0.989368
3390 1.02835
3391 0.989636
3392 1.03051
3393 0.9896
3394 0.990755
3395 0.990282
3396 0.989385
3397 0.989028
3398 1.03087
3399 0.989828
3400 0.989413
3401 0.989629
3402 0.989856
3403 0.989076
3404 0.988892
3405 0.989532
3406 0.989039
3407 0.990063
3408 0.989245
3409 0.988894
3410 0.988944
3411 1.03082
3412 0.989748
3413 1.03009
3414 0.989186
3415 1.03073
3416 0.989214
3417 1.06966
3418 0.989396
3419 1.03115
3420 0.988874
3421 1.02913
3422 1.03118
3423 1.03105
3424 0.989286
3425 1.03115
3426 1.03041
3427 0.988829
3428 0.988964
3429 1.03096
3430 1.06997
3431 0.988405
3432 0.988899
3433 1.06517
3434 1.03081
3435 1.07027
3436 0.989437
3437 0.988394
3438 0.988844
3439 0.989059
3440 1.02538
3441 1.03061
3442 1.02963
3443 1.02879
3444 1.06754
3445 0.988633
3446 1.02857
3447 1.02968
3448 1.02605
3449 1.02736
3450 0.989276
3451 1.06709
3452 1.0282
3453 1.02896
3454 0.988994
3455 1.02733
3456 1.0665
3457 1.02495
3458 0.988805
3459 1.02778
3460 1.0303
3461 0.989007
3462 1.0712
3463 1.02764
3464 1.0643
3465 1.06893
3466 0.988772
3467 1.06973
3468 1.06866
3469 1.06724
3470 1.06274
3471 0.988244
3472 1.0655
3473 1.02585
3474 1.06669
3475 1.07041
3476 1.06006
3477 1.02839
3478 1.06409
3479 1.03001
3480 1.03049
3481 1.06799
3482 1.02709
3483 1.02779
3484 1.0644
3485 1.06383
3486 1.06875
3487 1.06739
3488 1.0647
3489 1.06704
3490 1.06635
3491 1.06484
3492 1.02792
3493 1.0619
3494 1.06601
3495 1.06318
3496 1.02613
3497 1.06813
3498 1.06427
3499 1.06185
3500 1.06065
3501 1.06274
3502 1.06376
3503 1.06487
3504 1.0612
3505 1.06046
3506 1.06746
3507 1.06759
3508 1.05991
3509 1.0231
3510 1.05981
3511 1.06297
3512 1.06031
3513 1.06139
3514 1.05914
3515 1.05821
3516 1.05946
3517 1.06629
3518 1.06049
3519 1.0626
3520 1.06259
3521 1.05998
3522 1.05926
3523 1.05739
3524 1.06369
3525 1.05915
3526 1.06202
3527 1.05982
3528 1.05677
3529 1.0615
3530 1.05578
3531 1.0591
3532 1.06218
3533 1.06
3534 1.06149
3535 1.05634
3536 1.06494
3537 1.06264
3538 1.06033
3539 1.06479
3540 1.05339
3541 1.0572
3542 1.05677
3543 1.0621
3544 1.05808
3545 1.05884
3546 1.06133
3547 1.05618
3548 1.05363
3549 1.05586
3550 1.05614
3551 1.06513
3552 1.05317
3553 1.05827
3554 1.05896
3555 1.05874
3556 1.05622
3557 1.06454
3558 1.05487
3559 1.05797
3560 1.05403
3561 1.05059
3562 1.05874
3563 1.05623
3564 1.05119
3565 1.05968
3566 1.05481
3567 1.05521
3568 1.05883
3569 1.06114
3570 1.05436
3571 1.0623
3572 1.05763
3573 1.05161
3574 1.05711
3575 1.06109
3576 1.05717
3577 1.05023
3578 1.05809
3579 1.05421
3580 1.06054
3581 1.05244
3582 1.05614
3583 1.05107
3584 1.05666
3585 1.05635
3586 1.05264
3587 1.05672
3588 1.05128
3589 1.05472
3590 1.05391
3591 1.04983
3592 1.05085
3593 1.05112
3594 1.05271
3595 1.05453
3596 1.0563
3597 1.05221
3598 1.05422
3599 1.0515
3600 1.05227
3601 1.05301
3602 1.05223
3603 1.05031
3604 1.0531
3605 1.05161
3606 1.05261
3607 1.05346
3608 1.05142
3609 1.04839
3610 1.05134
3611 1.04918
3612 1.05415
3613 1.05782
3614 1.05383
3615 1.04945
3616 1.05444
3617 1.0453
3618 1.04844
3619 1.04859
3620 1.05003
3621 1.04942
3622 1.05218
3623 1.04914
3624 1.05223
3625 1.05041
3626 1.0505
3627 1.05025
3628 1.05189
3629 1.04926
3630 1.05087
3631 1.05069
3632 1.05081
3633 1.05144
3634 1.05067
3635 1.04968
3636 1.04887
3637 1.05192
3638 1.04817
3639 1.0485
3640 1.05058
3641 1.04879
3642 1.04819
3643 1.05103
3644 1.04739
3645 1.04814
3646 1.0447
3647 1.04636
3648 1.0471
3649 1.04611
3650 1.04882
3651 1.04705
3652 1.04861
3653 1.04913
3654 1.0506
3655 1.04883
3656 1.04811
3657 1.04916
3658 1.0453
3659 1.04632
3660 1.04742
3661 1.04702
3662 1.04793
3663 1.04505
3664 1.04728
3665 1.04854
3666 1.04953
3667 1.04589
3668 1.04842
3669 1.04439
3670 1.04452
3671 1.04868
3672 1.04522
3673 1.04446
3674 1.04279
3675 1.04458
3676 1.04794
3677 1.0439
3678 1.04463
3679 1.04667
3680 1.04637
3681 1.0485
3682 1.04578
3683 1.04689
3684 1.04823
3685 1.04715
3686 1.04397
3687 1.04204
3688 1.04593
3689 1.04682
3690 1.04279
3691 1.04571
3692 1.04682
3693 1.04453
3694 1.04211
3695 1.04444
3696 1.04657
3697 1.04458
3698 1.04614
3699 1.0465
3700 1.0458
3701 1.0419
3702 1.04569
3703 1.04472
3704 1.04305
3705 1.04315
3706 1.04163
3707 1.04749
3708 1.04255
3709 1.04049
3710 1.04779
3711 1.04328
3712 1.04787
3713 1.04108
3714 1.04661
3715 1.04478
3716 1.04576
3717 1.04143
3718 1.04707
3719 1.04076
3720 1.04426
3721 1.0385
3722 1.04431
3723 1.04314
3724 1.04186
3725 1.04468
3726 1.03918
3727 1.04063
3728 1.04365
3729 1.04094
3730 1.04065
3731 1.04198
3732 1.04083
3733 1.04375
3734 1.04016
3735 1.04148
3736 1.03935
3737 1.04209
3738 1.0403
3739 1.03983
3740 1.03979
3741 1.03922
3742 1.04048
3743 1.04014
3744 1.04047
3745 1.04264
3746 1.04632
3747 1.04389
3748 1.03788
3749 1.04019
3750 1.03604
3751 1.04209
3752 1.04172
3753 1.03869
3754 1.03881
3755 1.04055
3756 1.03883
3757 1.03765
3758 1.04155
3759 1.04044
3760 1.04356
3761 1.03951
3762 1.03709
3763 1.03971
3764 1.03889
3765 1.03965
3766 1.03856
3767 1.03683
3768 1.03892
3769 1.03771
3770 1.03908
3771 1.03483
3772 1.03753
3773 1.03691
3774 1.04019
3775 1.0392
3776 1.03955
3777 1.03828
3778 1.04202
3779 1.03911
3780 1.03905
3781 1.03919
3782 1.03968
3783 1.03821
3784 1.03398
3785 1.03788
3786 1.03714
3787 1.04
3788 1.03992
3789 1.04087
3790 1.03726
3791 1.03883
3792 1.03787
3793 1.0411
3794 1.03755
3795 1.03989
3796 1.03405
3797 1.03577
3798 1.03498
3799 1.03596
3800 1.0363
3801 1.03835
3802 1.03749
3803 1.03729
3804 1.03773
3805 1.03503
3806 1.03406
3807 1.03638
3808 1.03501
3809 1.03529
3810 1.03709
3811 1.03612
3812 1.03559
3813 1.03783
3814 1.03528
3815 1.03372
3816 1.03786
3817 1.0344
3818 1.03751
3819 1.0321
3820 1.03159
3821 1.03408
3822 1.03506
3823 1.03996
3824 1.03249
3825 1.03721
3826 1.03523
3827 1.03784
3828 1.03856
3829 1.03365
3830 1.03569
3831 1.03686
3832 1.03624
3833 1.03265
3834 1.03537
3835 1.03453
3836 1.03314
3837 1.03614
3838 1.03419
3839 1.03203
3840 1.03679
3841 1.03547
3842 1.0335
3843 1.03323
3844 1.03331
3845 1.03814
3846 1.03531
3847 1.03409
3848 1.03292
3849 1.03202
3850 1.03166
3851 1.03496
3852 1.03202
3853 1.0347
3854 1.03283
3855 1.03378
3856 1.0358
3857 1.0317
3858 1.03456
3859 1.0336
3860 1.03261
3861 1.03523
3862 1.03727
3863 1.0307
3864 1.03612
3865 1.03396
3866 1.03071
3867 1.03713
3868 1.03485
3869 1.02997
3870 1.03488
3871 1.03349
3872 1.03324
3873 1.03252
3874 1.03505
3875 1.03246
3876 1.03239
3877 1.03416
3878 1.03126
3879 1.03203
3880 1.0349
3881 1.03129
3882 1.03218
3883 1.0321
3884 1.03427
3885 1.03149
3886 1.03225
3887 1.02969
3888 1.03505
3889 1.03188
3890 1.03322
3891 1.03142
3892 1.03189
3893 1.03609
3894 1.03653
3895 1.03245
3896 1.03371
3897 1.0323
3898 1.03178
3899 1.03198
3900 1.03512
3901 1.0357
3902 1.03637
3903 1.03197
3904 1.03197
3905 1.03227
3906 1.03068
3907 1.03648
3908 1.0313
3909 1.03436
3910 1.03399
3911 1.03522
3912 1.03328
3913 1.03106
3914 1.03013
3915 1.03284
3916 1.03255
3917 1.03095
3918 1.03154
3919 1.03511
3920 1.03223
3921 1.03274
3922 1.03197
3923 1.02935
3924 1.03571
3925 1.03081
3926 1.03184
3927 1.03262
3928 1.03491
3929 1.03526
3930 1.03133
3931 1.03085
3932 1.03303
3933 1.03138
3934 1.03445
3935 1.02954
3936 1.03666
3937 1.033
3938 1.03073
3939 1.03098
3940 1.03009
3941 1.03222
3942 1.03079
3943 1.03356
3944 1.03213
3945 1.03209
3946 1.03049
3947 1.03051
3948 1.03277
3949 1.0287
3950 1.02925
3951 1.03047
3952 1.02985
3953 1.03049
3954 1.02871
3955 1.03108
3956 1.03039
3957 1.02959
3958 1.03622
3959 1.03656
3960 1.03135
3961 1.02805
3962 1.03009
3963 1.03132
3964 1.03044
3965 1.03089
3966 1.02578
3967 1.03358
3968 1.03175
3969 1.02678
3970 1.02752
3971 1.02801
3972 1.03043
3973 1.0284
3974 1.02958
3975 1.02896
3976 1.02928
3977 1.02506
3978 1.02932
3979 1.02738
3980 1.02685
3981 1.02687
3982 1.02699
3983 1.02649
3984 1.02766
3985 1.03028
3986 1.02857
3987 1.02671
3988 1.02743
3989 1.02728
3990 1.0278
3991 1.03019
3992 1.02722
3993 1.02944
3994 1.02934
3995 1.02529
3996 1.02853
3997 1.02765
3998 1.02784
3999 1.02709
4000 1.02506
4001 1.03036
4002 1.02772
4003 1.02548
4004 1.02518
4005 1.02271
4006 1.02505
4007 1.02846
4008 1.0281
4009 1.0277
4010 1.02686
4011 1.02578
4012 1.02692
4013 1.02546
4014 1.02771
4015 1.02515
4016 1.02874
4017 1.02606
4018 1.02416
4019 1.02571
4020 1.02366
4021 1.03119
4022 1.02709
4023 1.02495
4024 1.02891
4025 1.02458
4026 1.02496
4027 1.02841
4028 1.02584
4029 1.02671
4030 1.0245
4031 1.02529
4032 1.02355
4033 1.02651
4034 1.02394
4035 1.02601
4036 1.02594
4037 1.02894
4038 1.02601
4039 1.02544
4040 1.02432
4041 1.02623
4042 1.02662
4043 1.02475
4044 1.02724
4045 1.02497
4046 1.02313
4047 1.02205
4048 1.02496
4049 1.02338
4050 1.02361
4051 1.02329
4052 1.02887
4053 1.02465
4054 1.02562
4055 1.02186
4056 1.02432
4057 1.02367
4058 1.0254
4059 1.02237
4060 1.02528
4061 1.02109
4062 1.02198
4063 1.02607
4064 1.02596
4065 1.02414
4066 1.02533
4067 1.02266
4068 1.02481
4069 1.02222
4070 1.02393
4071 1.02103
4072 1.02344
4073 1.02503
4074 1.02129
4075 1.02281
4076 1.02008
4077 1.02111
4078 1.02208
4079 1.02086
4080 1.02267
4081 1.02353
4082 1.02174
4083 1.0219
4084 1.02222
4085 1.02357
4086 1.02402
4087 1.021
4088 1.02157
4089 1.02316
4090 1.02251
4091 1.0201
4092 1.02229
4093 1.02226
4094 1.0212
4095 1.02116
4096 1.02163
4097 1.02314
4098 1.02153
4099 1.02254
4100 1.01999
4101 1.0219
4102 1.02187
4103 1.02131
4104 1.023
4105 1.02143
4106 1.0222
4107 1.02437
4108 1.021
4109 1.02336
4110 1.02077
4111 1.02309
4112 1.02105
4113 1.02242
4114 1.02096
4115 1.0209
4116 1.01958
4117 1.02248
4118 1.02196
4119 1.02244
4120 1.02022
4121 1.02001
4122 1.02237
4123 1.01938
4124 1.02244
4125 1.01985
4126 1.01971
4127 1.02214
4128 1.02032
4129 1.02251
4130 1.02136
4131 1.02205
4132 1.02099
4133 1.01975
4134 1.02186
4135 1.02109
4136 1.01932
4137 1.02123
4138 1.0217
4139 1.01974
4140 1.0213
4141 1.01936
4142 1.02319
4143 1.01963
4144 1.02057
4145 1.02173
4146 1.02142
4147 1.02101
4148 1.01631
4149 1.01889
4150 1.02218
4151 1.01843
4152 1.01827
4153 1.01977
4154 1.0229
4155 1.02156
4156 1.0155
4157 1.02059
4158 1.02019
4159 1.0188
4160 1.02033
4161 1.0186
4162 1.01888
4163 1.02038
4164 1.01943
4165 1.0191
4166 1.01972
4167 1.01737
4168 1.02092
4169 1.01922
4170 1.01889
4171 1.01849
4172 1.01973
4173 1.01964
4174 1.01866
4175 1.01756
4176 1.01953
4177 1.02054
4178 1.01911
4179 1.0181
4180 1.0213
4181 1.01604
4182 1.01659
4183 1.01705
4184 1.01735
4185 1.01799
4186 1.01871
4187 1.01779
4188 1.02053
4189 1.01866
4190 1.01889
4191 1.01541
4192 1.0161
4193 1.01473
4194 1.01753
4195 1.01773
4196 1.01785
4197 1.01795
4198 1.01657
4199 1.01759
4200 1.0164
4201 1.01684
4202 1.02041
4203 1.01744
4204 1.01509
4205 1.01832
4206 1.01963
4207 1.0177
4208 1.01638
4209 1.01579
4210 1.01544
4211 1.01701
4212 1.01605
4213 1.01742
4214 1.01626
4215 1.01834
4216 1.01431
4217 1.0146
4218 1.01341
4219 1.01566
4220 1.01727
4221 1.01667
4222 1.01811
4223 1.01506
4224 1.01619
4225 1.01591
4226 1.01744
4227 1.01318
4228 1.01558
4229 1.01372
4230 1.01445
4231 1.01666
4232 1.01705
4233 1.01655
4234 1.01714
4235 1.02134
4236 1.0141
4237 1.01509
4238 1.01641
4239 1.01438
4240 1.02183
4241 1.01612
4242 1.01564
4243 1.0146
4244 1.01541
4245 1.01323
4246 1.01392
4247 1.01961
4248 1.0149
4249 1.01529
4250 1.0127
4251 1.01584
4252 1.01514
4253 1.01508
4254 1.01333
4255 1.01269
4256 1.01557
4257 1.01745
4258 1.02125
4259 1.01335
4260 1.01434
4261 1.0124
4262 1.01478
4263 1.01352
4264 1.01341
4265 1.01519
4266 1.01528
4267 1.01208
4268 1.02047
4269 1.01665
4270 1.01424
4271 1.01402
4272 1.02095
4273 1.01566
4274 1.01267
4275 1.01458
4276 1.01491
4277 1.02412
4278 1.01471
4279 1.01497
4280 1.01509
4281 1.02776
4282 1.01354
4283 1.02669
4284 1.01965
4285 1.01539
4286 1.01954
4287 1.02608
4288 1.02657
4289 1.01315
4290 1.0234
4291 1.0177
4292 1.01936
4293 1.01282
4294 1.02554
4295 1.01942
4296 1.01616
4297 1.0136
4298 1.01339
4299 1.01848
4300 1.01963
4301 1.01743
4302 1.02036
4303 1.02276
4304 1.01637
4305 1.01644
4306 1.02634
4307 1.01262
4308 1.01857
4309 1.01847
4310 1.01775
4311 1.02005
4312 1.02032
4313 1.02478
4314 1.02015
4315 1.01643
4316 1.02658
4317 1.0253
4318 1.01901
4319 1.01931
4320 1.01861
4321 1.01324
4322 1.01661
4323 1.02082
4324 1.01923
4325 1.02516
4326 1.01408
4327 1.01858
4328 1.02298
4329 1.01265
4330 1.02106
4331 1.01815
4332 1.01632
4333 1.01784
4334 1.02149
4335 1.02179
4336 1.025
4337 1.02035
4338 1.02218
4339 1.01988
4340 1.02194
4341 1.01869
4342 1.02157
4343 1.02306
4344 1.01811
4345 1.02593
4346 1.01694
4347 1.02238
4348 1.0258
4349 1.02278
4350 1.01878
4351 1.0215
4352 1.02242
4353 1.02176
4354 1.01812
4355 1.01915
4356 1.01631
4357 1.01459
4358 1.02318
4359 1.02191
4360 1.02469
4361 1.02377
4362 1.01992
4363 1.02019
4364 1.01997
4365 1.01991
4366 1.02412
4367 1.022
4368 1.01883
4369 1.02235
4370 1.02549
4371 1.02017
4372 1.01618
4373 1.02166
4374 1.02044
4375 1.02134
4376 1.01972
4377 1.02309
4378 1.01659
4379 1.02136
4380 1.01656
4381 1.02432
4382 1.01911
4383 1.01857
4384 1.02444
4385 1.02314
4386 1.0188
4387 1.02
4388 1.01588
4389 1.02057
4390 1.01817
4391 1.02013
4392 1.01831
4393 1.01972
4394 1.02107
4395 1.01977
4396 1.01959
4397 1.01765
4398 1.0188
4399 1.02174
4400 1.01749
4401 1.01796
4402 1.02066
4403 1.01777
4404 1.01905
4405 1.01728
4406 1.02012
4407 1.02059
4408 1.01918
4409 1.01688
4410 1.01847
4411 1.01922
4412 1.01816
4413 1.01808
4414 1.0186
4415 1.01903
4416 1.01896
4417 1.01849
4418 1.01765
4419 1.01785
4420 1.01665
4421 1.0194
4422 1.02008
4423 1.0157
4424 1.01857
4425 1.01659
4426 1.01782
4427 1.01634
4428 1.01925
4429 1.02149
4430 1.0194
4431 1.01675
4432 1.01733
4433 1.01669
4434 1.01735
4435 1.01553
4436 1.01868
4437 1.01516
4438 1.019
4439 1.01566
4440 1.01633
4441 1.01601
4442 1.01464
4443 1.01503
4444 1.01755
4445 1.01512
4446 1.0164
4447 1.01475
4448 1.01436
4449 1.01586
4450 1.01895
4451 1.01429
4452 1.01694
4453 1.01482
4454 1.01623
4455 1.01802
4456 1.01639
4457 1.01408
4458 1.01662
4459 1.015
4460 1.01339
4461 1.0156
4462 1.0144
4463 1.01308
4464 1.01377
4465 1.01346
4466 1.01531
4467 1.01394
4468 1.01399
4469 1.0126
4470 1.01258
4471 1.01419
4472 1.01275
4473 1.01569
4474 1.01438
4475 1.0146
4476 1.01602
4477 1.01523
4478 1.01316
4479 1.01447
4480 1.01381
4481 1.01582
4482 1.01202
4483 1.01697
4484 1.01422
4485 1.01491
4486 1.01306
4487 1.0136
4488 1.0138
4489 1.01627
4490 1.01372
4491 1.01277
4492 1.01472
4493 1.01506
4494 1.01489
4495 1.01344
4496 1.01637
4497 1.01503
4498 1.01426
4499 1.01311
4500 1.013
4501 1.01321
4502 1.01439
4503 1.01277
4504 1.01409
4505 1.01546
4506 1.01069
4507 1.01324
4508 1.01303
4509 1.01559
4510 1.0143
4511 1.0157
4512 1.01272
4513 1.01376
4514 1.01477
4515 1.01261
4516 1.01336
4517 1.01372
4518 1.01415
4519 1.01448
4520 1.01327
4521 1.01383
4522 1.01303
4523 1.0134
4524 1.01498
4525 1.01292
4526 1.01185
4527 1.01413
4528 1.00991
4529 1.01103
4530 1.01364
4531 1.01354
4532 1.01164
4533 1.01339
4534 1.01106
4535 1.01355
4536 1.01339
4537 1.0126
4538 1.01225
4539 1.0134
4540 1.01211
4541 1.01172
4542 1.01277
4543 1.01096
4544 1.01055
4545 1.01204
4546 1.01165
4547 1.01182
4548 1.01024
4549 1.01164
4550 1.01146
4551 1.01084
4552 1.01202
4553 1.01275
4554 1.01079
4555 1.01115
4556 1.01066
4557 1.01058
4558 1.00794
4559 1.00967
4560 1.01123
4561 1.00741
4562 1.01044
4563 1.01136
4564 1.00963
4565 1.01056
4566 1.01284
4567 1.01001
4568 1.01308
4569 1.01055
4570 1.00804
4571 1.01193
4572 1.01082
4573 1.00961
4574 1.00797
4575 1.01036
4576 1.0123
4577 1.01245
4578 1.01075
4579 1.00845
4580 1.01014
4581 1.0114
4582 1.00936
4583 1.01316
4584 1.00793
4585 1.00854
4586 1.01129
4587 1.00849
4588 1.00851
4589 1.00991
4590 1.01028
4591 1.00896
4592 1.01116
4593 1.00994
4594 1.00948
4595 1.00755
4596 1.01185
4597 1.00998
4598 1.00913
4599 1.01053
4600 1.00924
4601 1.00693
4602 1.00988
4603 1.00994
4604 1.00866
4605 1.00934
4606 1.01001
4607 1.00874
4608 1.00907
4609 1.0098
4610 1.01047
4611 1.00965
4612 1.00857
4613 1.01081
4614 1.00771
4615 1.00703
4616 1.00791
4617 1.00912
4618 1.00904
4619 1.00954
4620 1.00809
4621 1.01067
4622 1.00776
4623 1.00987
4624 1.00859
4625 1.00777
4626 1.01027
4627 1.00733
4628 1.00753
4629 1.00809
4630 1.00769
4631 1.00704
4632 1.01025
4633 1.0065
4634 1.00934
4635 1.00669
4636 1.00696
4637 1.00954
4638 1.00927
4639 1.0074
4640 1.00588
4641 1.00812
4642 1.008
4643 1.00864
4644 1.00931
4645 1.00699
4646 1.00758
4647 1.00456
4648 1.00695
4649 1.00755
4650 1.00828
4651 1.00549
4652 1.00792
4653 1.00746
4654 1.0069
4655 1.00543
4656 1.0056
4657 1.00549
4658 1.00587
4659 1.00705
4660 1.0071
4661 1.00976
4662 1.0057
4663 1.00638
4664 1.00376
4665 1.00632
4666 1.00466
4667 1.00764
4668 1.00687
4669 1.00713
4670 1.00459
4671 1.0074
4672 1.00498
4673 1.0086
4674 1.00655
4675 1.00808
4676 1.00621
4677 1.00691
4678 1.00756
4679 1.00696
4680 1.00882
4681 1.00457
4682 1.00599
4683 1.00638
4684 1.00618
4685 1.00663
4686 1.00739
4687 1.00633
4688 1.00834
4689 1.00563
4690 1.00428
4691 1.0068
4692 1.00768
4693 1.00537
4694 1.00611
4695 1.00522
4696 1.00602
4697 1.0064
4698 1.00673
4699 1.00655
4700 1.00408
4701 1.00671
4702 1.00838
4703 1.00739
4704 1.00646
4705 1.00685
4706 1.00634
4707 1.0074
4708 1.00804
4709 1.00519
4710 1.00564
4711 1.00595
4712 1.00558
4713 1.00511
4714 1.00605
4715 1.0039
4716 1.00566
4717 1.00451
4718 1.00778
4719 1.00602
4720 1.00582
4721 1.00649
4722 1.00706
4723 1.00789
4724 1.00801
4725 1.00448
4726 1.00676
4727 1.00628
4728 1.00502
4729 1.0046
4730 1.00433
4731 1.00418
4732 1.00376
4733 1.00574
4734 1.006
4735 1.00842
4736 1.00592
4737 1.00724
4738 1.00648
4739 1.00629
4740 1.00457
4741 1.00399
4742 1.00516
4743 1.00749
4744 1.00658
4745 1.00469
4746 1.0078
4747 1.00569
4748 1.00576
4749 1.00587
4750 1.00394
4751 1.00576
4752 1.00906
4753 1.00648
4754 1.00714
4755 1.0072
4756 1.00492
4757 1.00733
4758 1.00677
4759 1.00691
4760 1.00531
4761 1.00574
4762 1.00553
4763 1.0043
4764 1.00466
4765 1.0067
4766 1.00637
4767 1.0057
4768 1.00578
4769 1.0083
4770 1.00842
4771 1.00425
4772 1.00631
4773 1.00789
4774 1.00597
4775 1.00616
4776 1.00488
4777 1.007
4778 1.00614
4779 1.00661
4780 1.00571
4781 1.0067
4782 1.00467
4783 1.00845
4784 1.0079
4785 1.00358
4786 1.0059
4787 1.00535
4788 1.00755
4789 1.00464
4790 1.0051
4791 1.00937
4792 1.00611
4793 1.00947
4794 1.00722
4795 1.00434
4796 1.0057
4797 1.00351
4798 1.00395
4799 1.00675
4800 1.00387
4801 1.00576
4802 1.00619
4803 1.00719
4804 1.00675
4805 1.00753
4806 1.00413
4807 1.0047
4808 1.00578
4809 1.00526
4810 1.00233
4811 1.00442
4812 1.00322
4813 1.00566
4814 1.00322
4815 1.00489
4816 1.00419
4817 1.00462
4818 1.00362
4819 1.00274
4820 1.00545
4821 1.00597
4822 1.0054
4823 1.00288
4824 1.00284
4825 1.00394
4826 1.00403
4827 1.00306
4828 1.00456
4829 1.00386
4830 1.00324
4831 1.00482
4832 1.00416
4833 1.00451
4834 1.00464
4835 1.00332
4836 1.00608
4837 1.00316
4838 1.00435
4839 1.00329
4840 1.0047
4841 1.00308
4842 1.00456
4843 1.00571
4844 1.0046
4845 1.0052
4846 1.00396
4847 1.00296
4848 1.00231
4849 1.00659
4850 1.00238
4851 1.00408
4852 1.0025
4853 1.00526
4854 1.00425
4855 1.00671
4856 1.00236
4857 1.00474
4858 1.00107
4859 1.00227
4860 1.00308
4861 1.00584
4862 1.00461
4863 1.00414
4864 1.00292
4865 1.00357
4866 1.00595
4867 1.00288
4868 1.00173
4869 1.00248
4870 1.00302
4871 1.00403
4872 1.00269
4873 1.00148
4874 1.00287
4875 1.00346
4876 1.00259
4877 1.00269
4878 1.00439
4879 1.00016
4880 1.00419
4881 1.00125
4882 1.00372
4883 1.00326
4884 1.00266
4885 1.0012
4886 1.00202
4887 1.00105
4888 1.00353
4889 1.00306
4890 1.0042
4891 1.0035
4892 1.00257
4893 1.00222
4894 1.00245
4895 1.00278
4896 1.00264
4897 1.0022
4898 1.0025
4899 1.00176
4900 1.00048
4901 1.00156
4902 1.00181
4903 1.00208
4904 1.00147
4905 1.00147
4906 1.00148
4907 1.00148
4908 1.00256
4909 1.00146
4910 1.00174
4911 1.00166
4912 1.00056
4913 1.00123
4914 1.00115
4915 1.0025
4916 1.00151
4917 0.999648
4918 1.00156
4919 1.00111
4920 1.00167
4921 1.00037
4922 1.00117
4923 1.00175
4924 1.00157
4925 1.00012
4926 1.00232
4927 1.00106
4928 1.00141
4929 1.00118
4930 1.00075
4931 1.00194
4932 1.00094
4933 1.00213
4934 1.00118
4935 1.00106
4936 1.00002
4937 0.999454
4938 1.00034
4939 1.0006
4940 1.00118
4941 1.00174
4942 1.00145
4943 1.00148
4944 1.00082
4945 1.00081
4946 1.00048
4947 1.00089
4948 1.00051
4949 0.999302
4950 0.999553
4951 1.00082
4952 1.00169
4953 1.00121
4954 1.00084
4955 0.999466
4956 1.00097
4957 1.00124
4958 1.00001
4959 1.00101
4960 1.00111
4961 1.0015
4962 1.00054
4963 1.00086
4964 0.999295
4965 1.00174
4966 1.00051
4967 1.00098
4968 1.00128
4969 1.0013
4970 0.999907
4971 1.00039
4972 1.00211
4973 0.999188
4974 1.00086
4975 1.00079
4976 1.00041
4977 0.999599
4978 0.998423
4979 1.00105
4980 1.00134
4981 1.00028
4982 0.99953
4983 1.00048
4984 1.00102
4985 0.999855
4986 1
4987 0.999944
4988 0.999206
4989 0.99942
4990 0.998608
4991 0.998981
4992 0.998697
4993 0.999406
4994 1.00055
4995 1.00097
4996 1.0003
4997 1.00066
4998 1.00097
4999 0.998516
