100 0.996138
101 0.988404
102 0.999555
103 0.99915
104 1.00218
105 0.998633
106 1.00085
107 1.0033
108 1.04302
109 0.987874
110 1.06246
111 1.05569
112 1.05618
113 0.990442
114 1.0522
115 0.989254
116 1.0423
117 1.09567
118 1.08478
119 1.11972
120 1.03505
121 1.02447
122 1.08557
123 1.0955
124 1.06246
125 1.09175
126 1.03565
127 1.06401
128 1.09354
129 1.0738
130 1.05241
131 1.06665
132 1.04546
133 1.06633
134 1.05181
135 1.05314
136 1.06983
137 1.03743
138 1.0371
139 1.04
140 1.0276
141 1.04168
142 1.04072
143 1.03771
144 1.02857
145 1.02636
146 1.04537
147 1.03634
148 1.03607
149 1.02337
150 1.01473
151 1.03412
152 1.02129
153 1.03509
154 1.0262
155 1.03237
156 1.0288
157 1.02781
158 1.02773
159 1.01915
160 1.01023
161 1.00715
162 1.0299
163 1.0126
164 1.01835
165 1.0106
166 1.00721
167 1.01893
168 1.00843
169 1.00895
170 1.02294
171 1.02116
172 1.02228
173 1.00123
174 1.03092
175 1.02037
176 1.02454
177 1.02325
178 1.02113
179 1.03022
180 1.0334
181 1.01652
182 1.01303
183 1.01811
184 1.00558
185 1.00543
186 1.01111
187 1.01916
188 1.01509
189 1.0062
190 1.00103
191 1.00534
192 1.00361
193 1.01227
194 1.01332
195 1.005
196 1.01604
197 0.998044
198 1.01458
199 0.999172
200 1.00061
201 1.00544
202 0.999466
203 1.01036
204 1.00493
205 0.996843
206 0.995968
207 0.995271
208 1.00049
209 0.996395
210 0.9941
211 0.997736
212 1.04494
213 0.999476
214 0.997189
215 0.9988
216 0.991326
217 0.99638
218 0.997962
219 0.994083
220 0.996689
221 1.04619
222 1.03541
223 0.993278
224 1.03839
225 1.05119
226 0.994387
227 0.993509
228 1.05206
229 1.095
230 1.04409
231 0.991461
232 1.0476
233 1.04184
234 1.0764
235 1.09891
236 1.0795
237 1.05051
238 1.03726
239 1.04263
240 1.07174
241 1.04006
242 1.05599
243 1.06808
244 1.0797
245 1.06742
246 1.07038
247 1.09069
248 1.08376
249 1.0573
250 1.07389
251 1.07435
252 1.07234
253 1.06701
254 1.04655
255 1.07137
256 1.05665
257 1.07037
258 1.03077
259 1.05261
260 1.07432
261 1.05019
262 1.05938
263 1.04773
264 1.05913
265 1.03683
266 1.04257
267 1.03803
268 1.04725
269 1.04789
270 1.03647
271 1.04236
272 1.04599
273 1.02956
274 1.04396
275 1.03511
276 1.04896
277 1.04093
278 1.04327
279 1.04168
280 1.02551
281 1.03344
282 1.05266
283 1.02249
284 1.02867
285 1.03859
286 1.03416
287 1.02888
288 1.0325
289 1.04101
290 1.04085
291 1.03627
292 1.02819
293 1.02612
294 1.0257
295 1.01389
296 1.03305
297 1.02573
298 1.03303
299 1.02528
300 1.02784
301 1.02023
302 1.01823
303 1.0336
304 1.01675
305 1.01686
306 1.03275
307 1.02483
308 1.0187
309 1.01667
310 1.02223
311 1.02482
312 1.00723
313 1.01529
314 1.01954
315 1.01707
316 1.01421
317 1.01111
318 1.01818
319 1.01491
320 1.01364
321 1.01606
322 1.01483
323 1.0078
324 1.03441
325 1.0207
326 1.01405
327 1.01866
328 1.00803
329 1.00379
330 1.01625
331 1.00879
332 1.00521
333 1.01594
334 1.01361
335 1.02126
336 1.00809
337 1.00905
338 1.02414
339 1.01062
340 1.00373
341 1.01961
342 1.03079
343 1.00478
344 1.02964
345 1.00642
346 1.00211
347 1.01086
348 1.00518
349 1.02473
350 1.0203
351 1.02161
352 1.02802
353 1.02067
354 1.014
355 1.0321
356 1.0193
357 1.02197
358 1.01802
359 1.01617
360 1.01958
361 1.02183
362 1.01543
363 1.02362
364 1.02509
365 1.02054
366 1.01818
367 1.00494
368 1.02056
369 1.00707
370 1.02183
371 1.00773
372 1.01227
373 1.01098
374 1.01788
375 1.00298
376 1.01718
377 1.01965
378 1.00878
379 1.01389
380 1.00054
381 1.00512
382 1.01741
383 1.01575
384 1.00775
385 1.00483
386 1.01088
387 1.00694
388 0.998217
389 1.01437
390 1.00233
391 1.01297
392 1.00221
393 1.00358
394 1.00092
395 1.00074
396 1.00224
397 1.00044
398 1.00078
399 1.00038
400 1.00113
401 0.996298
402 1.00112
403 1.00149
404 0.992068
405 1.00141
406 1.00022
407 1.0005
408 0.999261
409 0.998613
410 1.00002
411 0.999518
412 1.003
413 0.997356
414 0.999207
415 0.99848
416 1.00561
417 1.00066
418 0.999481
419 1.00317
420 0.994563
421 0.999372
422 1.00037
423 1.00617
424 0.999849
425 0.994171
426 0.995077
427 0.998348
428 0.995499
429 0.99996
430 1.00138
431 1.03878
432 0.9984
433 0.993656
434 1.00013
435 0.996024
436 0.996122
437 1.04213
438 0.993754
439 0.994209
440 0.996216
441 0.993555
442 0.993464
443 1.04063
444 0.99486
445 0.995893
446 0.991555
447 0.994704
448 0.993267
449 0.992726
450 0.991988
451 0.992727
452 1.03766
453 0.992177
454 1.04284
455 1.03386
456 1.0441
457 0.992714
458 0.994129
459 1.03608
460 0.991274
461 1.03882
462 1.035
463 1.09073
464 1.03545
465 1.07673
466 1.09277
467 1.04164
468 1.03995
469 0.991453
470 1.07902
471 1.07466
472 1.04621
473 1.04495
474 1.07837
475 1.09619
476 1.03566
477 0.990369
478 1.07407
479 1.09078
480 1.0762
481 1.07117
482 1.08792
483 1.06684
484 1.06508
485 1.06632
486 1.0776
487 1.07193
488 1.07727
489 1.07792
490 1.06748
491 1.059
492 1.06052
493 1.08113
494 1.06363
495 1.0334
496 1.06028
497 1.0503
498 1.06135
499 1.06992
500 1.06611
501 1.0583
502 1.06431
503 1.06136
504 1.05188
505 1.05934
506 1.04413
507 1.05172
508 1.06638
509 1.05795
510 1.05531
511 1.05022
512 1.05197
513 1.05279
514 1.0558
515 1.05156
516 1.05431
517 1.05856
518 1.05168
519 1.05453
520 1.06018
521 1.04216
522 1.04205
523 1.04802
524 1.04435
525 1.05601
526 1.05369
527 1.04431
528 1.03807
529 1.04801
530 1.04806
531 1.04499
532 1.04817
533 1.04734
534 1.04341
535 1.0367
536 1.03678
537 1.03963
538 1.0386
539 1.05422
540 1.03405
541 1.04783
542 1.04009
543 1.04895
544 1.04092
545 1.0402
546 1.03368
547 1.03747
548 1.0325
549 1.03881
550 1.03101
551 1.03755
552 1.03955
553 1.02693
554 1.03848
555 1.03687
556 1.02925
557 1.03441
558 1.02837
559 1.02841
560 1.02804
561 1.02999
562 1.03663
563 1.02732
564 1.0253
565 1.02395
566 1.03095
567 1.03386
568 1.02769
569 1.0264
570 1.02872
571 1.02651
572 1.02782
573 1.02302
574 1.0321
575 1.0351
576 1.02887
577 1.02556
578 1.03276
579 1.02823
580 1.02694
581 1.02309
582 1.0289
583 1.02748
584 1.01979
585 1.02362
586 1.0238
587 1.03215
588 1.03115
589 1.03077
590 1.03098
591 1.03049
592 1.02198
593 1.03012
594 1.02787
595 1.02194
596 1.0311
597 1.02434
598 1.0202
599 1.02185
600 1.02981
601 1.01733
602 1.02409
603 1.02948
604 1.01513
605 1.03322
606 1.01475
607 1.02782
608 1.02236
609 1.02156
610 1.01221
611 1.01981
612 1.02553
613 1.02281
614 1.01757
615 1.01651
616 1.01219
617 1.02301
618 1.01228
619 1.01161
620 1.019
621 1.01919
622 1.01687
623 1.01101
624 1.02557
625 1.01612
626 1.01027
627 1.01408
628 1.02101
629 1.02422
630 1.02065
631 1.01457
632 1.01146
633 1.01409
634 1.0112
635 1.01096
636 1.00947
637 1.00662
638 1.01827
639 1.01171
640 1.01722
641 1.00414
642 1.01789
643 1.00589
644 1.01231
645 1.00863
646 1.00548
647 1.01682
648 1.00885
649 1.00985
650 1.01546
651 1.01271
652 1.00619
653 1.00757
654 1.01861
655 1.01908
656 1.00495
657 1.00641
658 1.0063
659 1.00253
660 1.00595
661 1.00798
662 1.00447
663 1.00443
664 1.0046
665 1.00387
666 1.01454
667 1.01229
668 1.00875
669 1.00839
670 1.00386
671 1.00492
672 1.00352
673 1.00317
674 1.01838
675 1.00108
676 1.00742
677 1.004
678 1.00157
679 1.01161
680 1.01702
681 1.00437
682 1.00381
683 1.0091
684 1.00107
685 1.01057
686 1.01839
687 1.00262
688 0.999207
689 1.00099
690 1.00058
691 1.01709
692 1.0007
693 1.01774
694 1.01506
695 1.02002
696 1.01529
697 1.0241
698 1.00749
699 1.02005
700 1.01726
701 1.01801
702 1.00453
703 1.00538
704 1.02695
705 1.01547
706 1.02865
707 1.02464
708 1.01808
709 1.01849
710 1.02008
711 1.00563
712 1.02563
713 1.01084
714 1.00821
715 1.02216
716 1.02258
717 1.02499
718 1.01675
719 1.01558
720 1.01894
721 1.01733
722 1.01787
723 1.0073
724 1.01374
725 1.01627
726 1.02112
727 1.02186
728 1.01097
729 1.01139
730 1.01064
731 1.0158
732 1.01993
733 1.01266
734 1.01629
735 1.00939
736 1.01622
737 1.0228
738 1.01171
739 1.02428
740 1.00801
741 1.00999
742 1.00814
743 1.01602
744 1.00915
745 1.01195
746 1.01052
747 1.00701
748 1.0071
749 1.00552
750 1.01005
751 1.00841
752 1.0026
753 1.00795
754 1.01093
755 1.00647
756 1.01021
757 1.00432
758 1.00874
759 1.00567
760 1.0056
761 1.00351
762 0.999707
763 1.00604
764 1.00683
765 1.00356
766 1.00493
767 1.01076
768 1.00634
769 1.00661
770 0.999694
771 1.00189
772 0.999937
773 1.00277
774 1.00832
775 1.00663
776 1.00468
777 1.00086
778 1.00569
779 1.00056
780 1.00455
781 1.00752
782 1.0002
783 1.0018
784 1.00601
785 1.00205
786 0.997184
787 1.00074
788 1.00462
789 1.00112
790 1.00023
791 1.00499
792 1.00219
793 1.00733
794 0.998536
795 1.00291
796 1.00441
797 1.00216
798 1.00097
799 1.00052
800 1.00439
801 1.00266
802 0.99734
803 1.00117
804 1.00047
805 1.00243
806 0.997517
807 0.999917
808 1.00638
809 1.00147
810 1.00213
811 1.00023
812 1.00175
813 1.00336
814 0.999181
815 1.00301
816 1.00228
817 0.997957
818 0.999747
819 1.0046
820 0.99969
821 0.999115
822 1.00124
823 0.998193
824 0.999997
825 1.00529
826 1.00358
827 0.998887
828 0.998916
829 1.00307
830 1.00149
831 1.00101
832 0.998954
833 1.0011
834 0.997206
835 0.996362
836 1.00585
837 1.00654
838 0.998668
839 0.999976
840 1.00386
841 0.999325
842 0.997846
843 1.00331
844 0.999261
845 0.999409
846 1.00147
847 0.995087
848 0.999944
849 0.99599
850 0.996518
851 0.999798
852 0.996286
853 0.994358
854 0.994896
855 0.996254
856 0.997229
857 0.996772
858 0.997227
859 0.995521
860 0.995676
861 0.995672
862 0.995665
863 0.994982
864 0.997637
865 0.994285
866 0.997361
867 0.995385
868 0.994471
869 0.996038
870 0.996638
871 0.99754
872 0.996139
873 0.993525
874 0.99693
875 0.994276
876 0.994159
877 0.997987
878 0.991992
879 0.995902
880 0.994598
881 0.995315
882 0.996181
883 0.99663
884 0.995144
885 0.995666
886 0.994622
887 0.994169
888 0.991858
889 0.994504
890 0.993843
891 0.994753
892 0.995003
893 0.993619
894 0.993401
895 0.995675
896 0.994584
897 0.992662
898 0.994297
899 0.993663
900 1.04084
901 0.99263
902 0.9943
903 1.03793
904 1.07565
905 0.995205
906 0.992895
907 0.992935
908 1.03585
909 0.994755
910 1.03791
911 1.039
912 1.04269
913 1.04184
914 1.03678
915 0.992921
916 0.993505
917 0.993064
918 1.0346
919 1.04223
920 0.992719
921 1.03419
922 1.036
923 1.03525
924 0.991528
925 0.993975
926 1.03936
927 1.03897
928 1.03798
929 1.03963
930 1.0345
931 1.03776
932 1.0833
933 1.03385
934 1.0866
935 1.07985
936 0.992966
937 1.07578
938 1.07701
939 1.03765
940 1.07244
941 1.03973
942 1.08323
943 1.03379
944 1.07318
945 1.03486
946 1.03759
947 1.0755
948 1.06964
949 1.06661
950 1.07293
951 1.06958
952 1.07546
953 1.06568
954 1.08539
955 1.0791
956 1.07551
957 1.07434
958 1.06482
959 1.03281
960 1.07188
961 1.06547
962 1.07054
963 1.06623
964 1.0682
965 0.990814
966 1.06371
967 1.06525
968 1.03843
969 1.07157
970 1.07957
971 1.0608
972 1.06144
973 1.06692
974 1.02916
975 1.06807
976 1.0624
977 1.07426
978 1.06912
979 1.06143
980 1.0564
981 1.0594
982 1.06141
983 1.0613
984 1.06067
985 1.05568
986 1.06195
987 1.06489
988 1.067
989 1.06429
990 1.06317
991 1.06321
992 1.05795
993 1.05322
994 1.05866
995 1.06307
996 1.05782
997 1.05706
998 1.05741
999 1.05672
1000 1.05967
1001 1.05105
1002 1.05298
1003 1.04672
1004 1.06289
1005 1.05438
1006 1.05443
1007 1.06145
1008 1.05522
1009 1.054
1010 1.05944
1011 1.05434
1012 1.05111
1013 1.04979
1014 1.04944
1015 1.04971
1016 1.05704
1017 1.04597
1018 1.05539
1019 1.04429
1020 1.04816
1021 1.04946
1022 1.0501
1023 1.04653
1024 1.04853
1025 1.04864
1026 1.05003
1027 1.05231
1028 1.04678
1029 1.04438
1030 1.05841
1031 1.04835
1032 1.0414
1033 1.04355
1034 1.04254
1035 1.04744
1036 1.04615
1037 1.04616
1038 1.04562
1039 1.04614
1040 1.0455
1041 1.04016
1042 1.04449
1043 1.04877
1044 1.03976
1045 1.04637
1046 1.04785
1047 1.04097
1048 1.0421
1049 1.04304
1050 1.04656
1051 1.0395
1052 1.04229
1053 1.04182
1054 1.04062
1055 1.03665
1056 1.04332
1057 1.0406
1058 1.03355
1059 1.03957
1060 1.03432
1061 1.03742
1062 1.03783
1063 1.044
1064 1.03814
1065 1.03646
1066 1.03843
1067 1.03507
1068 1.04209
1069 1.03617
1070 1.03993
1071 1.04217
1072 1.03341
1073 1.03392
1074 1.03534
1075 1.0333
1076 1.04026
1077 1.03606
1078 1.03277
1079 1.03482
1080 1.04483
1081 1.03516
1082 1.03689
1083 1.04001
1084 1.03897
1085 1.03746
1086 1.03756
1087 1.03018
1088 1.04207
1089 1.02771
1090 1.02886
1091 1.03379
1092 1.03697
1093 1.03211
1094 1.03616
1095 1.03708
1096 1.02891
1097 1.02718
1098 1.03241
1099 1.03772
1100 1.03153
1101 1.0323
1102 1.02928
1103 1.03318
1104 1.03051
1105 1.03011
1106 1.02878
1107 1.03334
1108 1.03173
1109 1.02509
1110 1.02883
1111 1.02787
1112 1.02775
1113 1.03037
1114 1.02595
1115 1.02332
1116 1.0281
1117 1.03122
1118 1.02515
1119 1.02654
1120 1.02633
1121 1.03193
1122 1.02677
1123 1.02457
1124 1.02492
1125 1.0273
1126 1.02717
1127 1.02839
1128 1.02079
1129 1.02639
1130 1.02217
1131 1.03068
1132 1.02256
1133 1.03071
1134 1.02796
1135 1.0248
1136 1.0218
1137 1.02526
1138 1.02911
1139 1.02515
1140 1.03031
1141 1.02895
1142 1.02162
1143 1.02374
1144 1.0246
1145 1.02296
1146 1.02814
1147 1.03361
1148 1.02381
1149 1.02874
1150 1.03169
1151 1.02127
1152 1.03384
1153 1.02801
1154 1.02277
1155 1.02241
1156 1.02126
1157 1.02393
1158 1.02188
1159 1.02148
1160 1.02734
1161 1.02263
1162 1.02701
1163 1.02362
1164 1.02099
1165 1.02743
1166 1.02456
1167 1.01719
1168 1.02479
1169 1.02513
1170 1.02949
1171 1.02231
1172 1.02666
1173 1.03055
1174 1.0265
1175 1.02125
1176 1.0254
1177 1.02294
1178 1.02839
1179 1.02152
1180 1.02052
1181 1.02082
1182 1.02647
1183 1.02396
1184 1.02306
1185 1.02982
1186 1.02434
1187 1.02167
1188 1.02591
1189 1.02484
1190 1.01997
1191 1.02133
1192 1.02199
1193 1.02816
1194 1.03075
1195 1.01979
1196 1.02101
1197 1.02562
1198 1.01898
1199 1.02148
1200 1.02031
1201 1.02525
1202 1.02024
1203 1.02577
1204 1.01682
1205 1.02549
1206 1.01537
1207 1.02134
1208 1.01692
1209 1.01915
1210 1.02197
1211 1.02039
1212 1.02797
1213 1.02328
1214 1.02198
1215 1.02196
1216 1.01909
1217 1.01925
1218 1.02053
1219 1.01724
1220 1.01821
1221 1.01983
1222 1.01216
1223 1.01801
1224 1.01992
1225 1.02809
1226 1.01674
1227 1.01552
1228 1.01523
1229 1.01884
1230 1.01473
1231 1.01506
1232 1.01364
1233 1.01948
1234 1.01791
1235 1.02022
1236 1.01476
1237 1.01184
1238 1.0138
1239 1.01349
1240 1.01281
1241 1.0141
1242 1.01442
1243 1.01309
1244 1.01343
1245 1.01607
1246 1.01282
1247 1.013
1248 1.01777
1249 1.01374
1250 1.01342
1251 1.01033
1252 1.01691
1253 1.01311
1254 1.01342
1255 1.00893
1256 1.01287
1257 1.01486
1258 1.01618
1259 1.01394
1260 1.01492
1261 1.01518
1262 1.01386
1263 1.00986
1264 1.00989
1265 1.01116
1266 1.00941
1267 1.01384
1268 1.0098
1269 1.01426
1270 1.01408
1271 1.0129
1272 1.01439
1273 1.01332
1274 1.01094
1275 1.0127
1276 1.009
1277 1.01278
1278 1.0122
1279 1.01314
1280 1.01095
1281 1.01493
1282 1.01399
1283 1.01214
1284 1.008
1285 1.01239
1286 1.00625
1287 1.01087
1288 1.01231
1289 1.01135
1290 1.014
1291 1.00746
1292 1.01174
1293 1.00798
1294 1.0081
1295 1.01012
1296 1.00745
1297 1.01061
1298 1.00802
1299 1.00431
1300 1.01045
1301 1.01139
1302 1.01216
1303 1.00923
1304 1.00678
1305 1.00491
1306 1.01003
1307 1.00289
1308 1.00941
1309 1.00534
1310 1.01165
1311 1.0066
1312 1.00687
1313 1.00867
1314 1.00924
1315 1.01231
1316 1.00487
1317 1.00595
1318 1.0054
1319 1.00705
1320 1.00831
1321 1.00619
1322 1.00774
1323 1.00551
1324 1.00689
1325 1.00341
1326 1.00818
1327 1.00708
1328 1.00634
1329 1.0077
1330 1.00215
1331 1.00496
1332 1.00688
1333 1.00618
1334 1.00682
1335 1.00447
1336 1.00701
1337 1.00347
1338 1.0083
1339 1.0038
1340 1.00737
1341 1.0051
1342 1.0038
1343 1.01446
1344 1.00268
1345 1.00144
1346 1.00344
1347 1.004
1348 1.00459
1349 1.00503
1350 1.00385
1351 1.00334
1352 1.00217
1353 1.00367
1354 1.00356
1355 1.00184
1356 1.00308
1357 1.00563
1358 1.00407
1359 1.00324
1360 1.01679
1361 1.01336
1362 1.00399
1363 1.00438
1364 1.0042
1365 1.00209
1366 1.02618
1367 1.00329
1368 1.01446
1369 1.00073
1370 1.00141
1371 1.00351
1372 1.00195
1373 1.01408
1374 1.01194
1375 1.00062
1376 1.00091
1377 1.01544
1378 1.01277
1379 1.01006
1380 1.01008
1381 1.01476
1382 1.01544
1383 1.01556
1384 1.01085
1385 1.0109
1386 1.01207
1387 1.00321
1388 1.02622
1389 1.01341
1390 1.01713
1391 1.01332
1392 1.01571
1393 1.01172
1394 1.00135
1395 1.01119
1396 1.01185
1397 1.02463
1398 1.02773
1399 1.01273
1400 1.02647
1401 1.02079
1402 1.01544
1403 1.00147
1404 1.01383
1405 1.01458
1406 1.02583
1407 1.02734
1408 1.02209
1409 1.01485
1410 1.01091
1411 1.02101
1412 1.01874
1413 1.02264
1414 1.01899
1415 1.01912
1416 1.02243
1417 1.01708
1418 1.0143
1419 1.02352
1420 1.01016
1421 1.01939
1422 1.02456
1423 1.01674
1424 1.01374
1425 1.01241
1426 1.01518
1427 1.02143
1428 1.01716
1429 1.01799
1430 1.02101
1431 1.01705
1432 1.00343
1433 1.02656
1434 1.0124
1435 1.01676
1436 1.01624
1437 1.01917
1438 1.01965
1439 1.01793
1440 1.01269
1441 1.01633
1442 1.01287
1443 1.01701
1444 1.02026
1445 1.02139
1446 1.01838
1447 1.01253
1448 1.01143
1449 1.01141
1450 1.01967
1451 1.01034
1452 1.01111
1453 1.00976
1454 1.01491
1455 1.01384
1456 1.01041
1457 1.01487
1458 1.01689
1459 1.00874
1460 1.01046
1461 1.01333
1462 1.01131
1463 1.02008
1464 1.01219
1465 1.01501
1466 1.01301
1467 1.00924
1468 1.00735
1469 1.01269
1470 1.01164
1471 1.01224
1472 1.01151
1473 1.01427
1474 1.01339
1475 1.01268
1476 1.00749
1477 1.01029
1478 1.00899
1479 1.00807
1480 1.00982
1481 1.01236
1482 1.00819
1483 1.01381
1484 1.00786
1485 1.00946
1486 1.01302
1487 1.00619
1488 1.00778
1489 1.01373
1490 1.00911
1491 1.00907
1492 1.00899
1493 1.01022
1494 1.00772
1495 1.00734
1496 1.00748
1497 1.00998
1498 1.00907
1499 1.00919
1500 1.00982
1501 1.00786
1502 1.01188
1503 1.00493
1504 1.00896
1505 1.00657
1506 1.00818
1507 1.00603
1508 1.00902
1509 1.00939
1510 1.00379
1511 1.00733
1512 1.0067
1513 1.00795
1514 1.008
1515 1.00825
1516 1.00688
1517 1.00525
1518 1.00424
1519 1.00484
1520 1.00471
1521 1.00726
1522 1.00437
1523 1.01102
1524 1.00417
1525 1.01055
1526 1.00457
1527 1.00479
1528 1.00565
1529 1.00336
1530 1.00626
1531 1.00458
1532 1.00592
1533 1.00663
1534 1.00705
1535 1.00486
1536 1.00492
1537 1.00552
1538 1.00317
1539 1.00114
1540 1.00144
1541 1.00473
1542 1.00518
1543 1.00238
1544 1.00219
1545 1.00594
1546 1.00279
1547 1.00652
1548 1.00467
1549 1.00324
1550 1.00304
1551 1.00117
1552 1.00351
1553 1.00315
1554 1.00549
1555 1.00444
1556 1.00115
1557 1.00593
1558 1.00221
1559 1.00424
1560 1.00512
1561 0.999605
1562 1.00461
1563 1.00388
1564 0.999328
1565 1.00008
1566 0.999199
1567 1.00109
1568 1.00089
1569 1.00033
1570 1.00012
1571 1.00071
1572 1.00345
1573 1.00479
1574 1.00218
1575 1.00098
1576 1.00087
1577 0.998706
1578 0.999895
1579 1.00198
1580 1.00123
1581 0.998738
1582 1.0002
1583 1.00118
1584 0.998485
1585 1.00336
1586 1.00025
1587 0.99691
1588 0.999034
1589 0.999143
1590 1.00817
1591 0.99879
1592 1.0013
1593 0.997598
1594 0.998098
1595 1.00567
1596 0.998983
1597 1.00106
1598 1.00231
1599 1.00176
1600 1.00621
1601 1.00421
1602 1.00046
1603 0.998382
1604 0.997968
1605 1.00209
1606 1.00044
1607 1.00269
1608 1.00125
1609 1.00339
1610 0.998877
1611 1.0038
1612 0.998158
1613 0.996995
1614 1.0006
1615 1.00457
1616 1.00562
1617 0.996665
1618 1.0004
1619 1.00072
1620 1.00263
1621 1.00009
1622 1.00088
1623 1.00433
1624 1.00005
1625 1.00247
1626 1.00632
1627 1.00218
1628 0.999058
1629 0.999574
1630 1.00236
1631 1.00187
1632 1.006
1633 0.998002
1634 0.998254
1635 1.0013
1636 1.00054
1637 1.00518
1638 0.998692
1639 1.00004
1640 0.999559
1641 0.997582
1642 0.999045
1643 1.00218
1644 1.00256
1645 1.00005
1646 0.999136
1647 0.998585
1648 0.99692
1649 1.00531
1650 1.00155
1651 1.00062
1652 1.00476
1653 1.00138
1654 1.00374
1655 1.00355
1656 0.998372
1657 0.9993
1658 1.00422
1659 1.00155
1660 1.00039
1661 0.999822
1662 1.0018
1663 0.99781
1664 0.99917
1665 0.996883
1666 1.0016
1667 1.00531
1668 0.998662
1669 0.999098
1670 1.00299
1671 1.00091
1672 1.00065
1673 0.996467
1674 0.996778
1675 1.00372
1676 1.00143
1677 0.998993
1678 1.00468
1679 1.00253
1680 1.00118
1681 0.998541
1682 0.99753
1683 0.998327
1684 0.998054
1685 1.00031
1686 0.999791
1687 0.998625
1688 1.00008
1689 1.00031
1690 1.00146
1691 0.99978
1692 0.999098
1693 0.998054
1694 1.00289
1695 0.995167
1696 0.996957
1697 0.999055
1698 1.00041
1699 0.996422
1700 0.997224
1701 0.99624
1702 0.997707
1703 0.996942
1704 0.998261
1705 0.998255
1706 0.995919
1707 0.998162
1708 1.0004
1709 0.997979
1710 1.00045
1711 0.999539
1712 0.99804
1713 0.998415
1714 0.998573
1715 0.998042
1716 0.995951
1717 0.996266
1718 0.996782
1719 0.997951
1720 0.995541
1721 0.997279
1722 0.996105
1723 0.996665
1724 0.99678
1725 0.996397
1726 0.99549
1727 0.996946
1728 0.996086
1729 0.996138
1730 0.997363
1731 0.9991
1732 0.995168
1733 0.998716
1734 0.996165
1735 0.998157
1736 0.997421
1737 0.995089
1738 0.995367
1739 0.997334
1740 0.996992
1741 0.994501
1742 0.99586
1743 0.999339
1744 0.994732
1745 0.995838
1746 0.997154
1747 0.996302
1748 0.996417
1749 0.994129
1750 0.996961
1751 0.993828
1752 0.995899
1753 0.996333
1754 0.994822
1755 0.994338
1756 0.99842
1757 0.995455
1758 0.995947
1759 0.997167
1760 0.996752
1761 0.994627
1762 0.998159
1763 0.996232
1764 0.995186
1765 0.998472
1766 0.994951
1767 0.994707
1768 0.994251
1769 0.994306
1770 0.996519
1771 0.99904
1772 0.994479
1773 0.996432
1774 0.995094
1775 0.992883
1776 0.994165
1777 0.996787
1778 0.993814
1779 0.993617
1780 0.99522
1781 0.995816
1782 0.995058
1783 0.995709
1784 1.03765
1785 0.997229
1786 0.995336
1787 0.993636
1788 0.994979
1789 0.994031
1790 0.994766
1791 0.994114
1792 0.994712
1793 0.996579
1794 0.996276
1795 0.995073
1796 0.99615
1797 0.993482
1798 0.99288
1799 0.99283
1800 0.993441
1801 0.99526
1802 0.993232
1803 0.99566
1804 0.994088
1805 0.993355
1806 0.99456
1807 0.993407
1808 0.994299
1809 0.995083
1810 0.992718
1811 0.994122
1812 0.993249
1813 1.03521
1814 0.993289
1815 0.992992
1816 0.992704
1817 1.03326
1818 1.03722
1819 0.993916
1820 0.99448
1821 0.991923
1822 0.99324
1823 1.0376
1824 0.991703
1825 0.992833
1826 0.994412
1827 0.992251
1828 1.03615
1829 1.03467
1830 0.993523
1831 1.08042
1832 1.03415
1833 1.034
1834 0.993501
1835 1.03565
1836 0.992119
1837 1.03535
1838 1.0372
1839 0.992688
1840 0.992374
1841 0.992293
1842 0.99384
1843 1.03251
1844 0.990998
1845 1.0727
1846 0.993678
1847 1.03257
1848 0.992817
1849 1.07789
1850 1.0713
1851 1.03607
1852 1.03396
1853 1.07468
1854 1.03316
1855 1.03248
1856 1.07582
1857 1.03415
1858 1.07496
1859 0.991794
1860 1.07881
1861 1.06543
1862 1.03174
1863 1.0302
1864 1.07788
1865 1.03751
1866 1.03181
1867 1.07562
1868 1.07306
1869 1.031
1870 1.03525
1871 1.06821
1872 1.07235
1873 1.07482
1874 1.03301
1875 1.07594
1876 1.0713
1877 1.07827
1878 1.07333
1879 1.0724
1880 1.06549
1881 1.07073
1882 1.07307
1883 1.07445
1884 1.07291
1885 1.07269
1886 1.07134
1887 1.06955
1888 1.07245
1889 1.03388
1890 1.06874
1891 1.07563
1892 1.07676
1893 1.07326
1894 1.069
1895 1.03319
1896 1.06305
1897 1.06559
1898 1.0297
1899 1.06827
1900 1.0698
1901 1.06817
1902 1.07063
1903 1.06675
1904 1.07112
1905 1.06642
1906 1.07429
1907 1.06138
1908 1.02528
1909 1.0691
1910 1.06091
1911 1.06079
1912 1.07398
1913 1.05737
1914 1.06485
1915 1.06003
1916 1.06356
1917 1.06695
1918 1.07236
1919 1.0599
1920 1.0602
1921 1.06203
1922 1.05696
1923 1.05768
1924 1.06597
1925 1.06988
1926 1.05809
1927 1.06525
1928 1.05879
1929 1.05605
1930 1.0651
1931 1.06524
1932 1.05836
1933 1.05956
1934 1.05812
1935 1.06349
1936 1.0634
1937 1.05345
1938 1.05926
1939 1.06001
1940 1.0574
1941 1.05731
1942 1.06015
1943 1.06573
1944 1.05791
1945 1.06183
1946 1.05589
1947 1.0565
1948 1.05522
1949 1.05403
1950 1.05779
1951 1.05593
1952 1.05852
1953 1.05898
1954 1.05546
1955 1.06646
1956 1.05055
1957 1.05538
1958 1.05976
1959 1.05938
1960 1.05499
1961 1.05581
1962 1.05469
1963 1.05695
1964 1.04677
1965 1.05765
1966 1.05366
1967 1.05333
1968 1.05375
1969 1.05525
1970 1.04994
1971 1.0517
1972 1.05366
1973 1.05816
1974 1.0512
1975 1.06317
1976 1.05402
1977 1.057
1978 1.05591
1979 1.05416
1980 1.05423
1981 1.05924
1982 1.05201
1983 1.05451
1984 1.04924
1985 1.04949
1986 1.05309
1987 1.0582
1988 1.05549
1989 1.05155
1990 1.05445
1991 1.05353
1992 1.05578
1993 1.05359
1994 1.05431
1995 1.05619
1996 1.04882
1997 1.04674
1998 1.0486
1999 1.04893
2000 1.04978
2001 1.05281
2002 1.05435
2003 1.04523
2004 1.04709
2005 1.048
2006 1.04405
2007 1.04717
2008 1.04458
2009 1.05242
2010 1.05735
2011 1.05301
2012 1.0502
2013 1.05167
2014 1.04321
2015 1.04599
2016 1.04352
2017 1.04872
2018 1.04437
2019 1.04603
2020 1.04446
2021 1.04675
2022 1.04583
2023 1.04536
2024 1.04577
2025 1.04675
2026 1.04128
2027 1.04436
2028 1.04813
2029 1.04727
2030 1.05423
2031 1.04935
2032 1.04465
2033 1.04399
2034 1.04788
2035 1.0411
2036 1.0424
2037 1.04989
2038 1.04033
2039 1.0461
2040 1.04657
2041 1.04514
2042 1.0452
2043 1.04633
2044 1.04549
2045 1.04147
2046 1.03993
2047 1.03977
2048 1.03833
2049 1.04241
2050 1.04121
2051 1.04144
2052 1.04625
2053 1.04343
2054 1.04639
2055 1.04131
2056 1.04305
2057 1.04477
2058 1.04096
2059 1.04266
2060 1.04085
2061 1.04085
2062 1.03832
2063 1.03983
2064 1.04341
2065 1.0497
2066 1.046
2067 1.03965
2068 1.04062
2069 1.03959
2070 1.04432
2071 1.04213
2072 1.03926
2073 1.04173
2074 1.04099
2075 1.03667
2076 1.04305
2077 1.04096
2078 1.04128
2079 1.04117
2080 1.03831
2081 1.03718
2082 1.03915
2083 1.04204
2084 1.03868
2085 1.04069
2086 1.0414
2087 1.04053
2088 1.043
2089 1.03878
2090 1.04316
2091 1.0404
2092 1.04137
2093 1.04269
2094 1.03854
2095 1.04024
2096 1.04255
2097 1.03797
2098 1.03864
2099 1.03967
2100 1.04101
2101 1.03798
2102 1.03786
2103 1.03834
2104 1.03956
2105 1.03753
2106 1.04235
2107 1.04243
2108 1.04334
2109 1.04114
2110 1.03008
2111 1.03332
2112 1.03908
2113 1.04199
2114 1.04415
2115 1.03839
2116 1.03726
2117 1.03929
2118 1.03715
2119 1.04037
2120 1.03839
2121 1.03157
2122 1.03397
2123 1.03645
2124 1.03767
2125 1.03674
2126 1.04209
2127 1.03492
2128 1.03413
2129 1.03974
2130 1.03559
2131 1.03348
2132 1.03887
2133 1.04
2134 1.03638
2135 1.03822
2136 1.03119
2137 1.03821
2138 1.03899
2139 1.03588
2140 1.03743
2141 1.03578
2142 1.03663
2143 1.03635
2144 1.03295
2145 1.03896
2146 1.0323
2147 1.03324
2148 1.03566
2149 1.03254
2150 1.03297
2151 1.03437
2152 1.0344
2153 1.03299
2154 1.03182
2155 1.03345
2156 1.03539
2157 1.03042
2158 1.03263
2159 1.03188
2160 1.0291
2161 1.03397
2162 1.03172
2163 1.03368
2164 1.02623
2165 1.03059
2166 1.03187
2167 1.03144
2168 1.03066
2169 1.03178
2170 1.02979
2171 1.0359
2172 1.02921
2173 1.03413
2174 1.03085
2175 1.03529
2176 1.02949
2177 1.03115
2178 1.03098
2179 1.03231
2180 1.03008
2181 1.02594
2182 1.02987
2183 1.02735
2184 1.03179
2185 1.02995
2186 1.02821
2187 1.03052
2188 1.03122
2189 1.03118
2190 1.02617
2191 1.02588
2192 1.0288
2193 1.03219
2194 1.02906
2195 1.02559
2196 1.02498
2197 1.02814
2198 1.02702
2199 1.02707
2200 1.033
2201 1.03089
2202 1.02721
2203 1.02668
2204 1.02922
2205 1.02734
2206 1.02542
2207 1.02611
2208 1.02803
2209 1.02559
2210 1.03016
2211 1.026
2212 1.03018
2213 1.02424
2214 1.02812
2215 1.02768
2216 1.02689
2217 1.02287
2218 1.02815
2219 1.02385
2220 1.02494
2221 1.02575
2222 1.02553
2223 1.02407
2224 1.02801
2225 1.02439
2226 1.02792
2227 1.02616
2228 1.02954
2229 1.02624
2230 1.02016
2231 1.02796
2232 1.0265
2233 1.02131
2234 1.02597
2235 1.02233
2236 1.0283
2237 1.02634
2238 1.01973
2239 1.02743
2240 1.02127
2241 1.02053
2242 1.02585
2243 1.02393
2244 1.02755
2245 1.02336
2246 1.02223
2247 1.02307
2248 1.02145
2249 1.02448
2250 1.02261
2251 1.02169
2252 1.02033
2253 1.02315
2254 1.02903
2255 1.02833
2256 1.02278
2257 1.02358
2258 1.02623
2259 1.02095
2260 1.02167
2261 1.02587
2262 1.02066
2263 1.01951
2264 1.02754
2265 1.02284
2266 1.02142
2267 1.02243
2268 1.02234
2269 1.02428
2270 1.02207
2271 1.02499
2272 1.02009
2273 1.0235
2274 1.02483
2275 1.01895
2276 1.0179
2277 1.01971
2278 1.02098
2279 1.02514
2280 1.02173
2281 1.01999
2282 1.02075
2283 1.02518
2284 1.02742
2285 1.026
2286 1.02359
2287 1.01784
2288 1.01916
2289 1.02635
2290 1.02209
2291 1.021
2292 1.02617
2293 1.02657
2294 1.01989
2295 1.02199
2296 1.02576
2297 1.0257
2298 1.02871
2299 1.02273
2300 1.02305
2301 1.0266
2302 1.02062
2303 1.01832
2304 1.02616
2305 1.02009
2306 1.02102
2307 1.01906
2308 1.02467
2309 1.02354
2310 1.02548
2311 1.02086
2312 1.02919
2313 1.02213
2314 1.02543
2315 1.02247
2316 1.02706
2317 1.02375
2318 1.01775
2319 1.02718
2320 1.01914
2321 1.02667
2322 1.02199
2323 1.02978
2324 1.02298
2325 1.02947
2326 1.02596
2327 1.02093
2328 1.02232
2329 1.03142
2330 1.02198
2331 1.02391
2332 1.02794
2333 1.02736
2334 1.02598
2335 1.01809
2336 1.02272
2337 1.02937
2338 1.02988
2339 1.01838
2340 1.02816
2341 1.02847
2342 1.02289
2343 1.02973
2344 1.02504
2345 1.02672
2346 1.02407
2347 1.03239
2348 1.02615
2349 1.02363
2350 1.02577
2351 1.02643
2352 1.01939
2353 1.02798
2354 1.02692
2355 1.02348
2356 1.0222
2357 1.02538
2358 1.021
2359 1.02419
2360 1.03012
2361 1.02713
2362 1.02593
2363 1.02461
2364 1.02697
2365 1.02669
2366 1.03042
2367 1.02479
2368 1.0235
2369 1.02396
2370 1.01993
2371 1.02184
2372 1.02583
2373 1.02196
2374 1.02641
2375 1.02434
2376 1.01764
2377 1.02453
2378 1.02545
2379 1.02124
2380 1.01758
2381 1.02401
2382 1.02111
2383 1.02103
2384 1.0197
2385 1.02354
2386 1.01825
2387 1.02542
2388 1.02537
2389 1.03007
2390 1.02095
2391 1.02186
2392 1.0188
2393 1.02229
2394 1.01859
2395 1.02315
2396 1.01861
2397 1.01925
2398 1.02147
2399 1.02235
2400 1.0189
2401 1.02349
2402 1.02132
2403 1.02309
2404 1.01862
2405 1.01986
2406 1.02114
2407 1.02277
2408 1.01809
2409 1.02119
2410 1.02201
2411 1.02356
2412 1.01985
2413 1.01946
2414 1.01859
2415 1.0175
2416 1.0191
2417 1.02022
2418 1.02115
2419 1.01957
2420 1.01756
2421 1.01919
2422 1.01695
2423 1.01795
2424 1.0169
2425 1.01959
2426 1.02088
2427 1.02091
2428 1.02026
2429 1.01551
2430 1.01711
2431 1.01839
2432 1.02086
2433 1.02007
2434 1.02153
2435 1.018
2436 1.01957
2437 1.01889
2438 1.01789
2439 1.01736
2440 1.02137
2441 1.01518
2442 1.01958
2443 1.01949
2444 1.01511
2445 1.01563
2446 1.01727
2447 1.01686
2448 1.0163
2449 1.01588
2450 1.0176
2451 1.01402
2452 1.01248
2453 1.01646
2454 1.0166
2455 1.01505
2456 1.01573
2457 1.01749
2458 1.01329
2459 1.01834
2460 1.01819
2461 1.01641
2462 1.01574
2463 1.01602
2464 1.01588
2465 1.01405
2466 1.01474
2467 1.01596
2468 1.01403
2469 1.01416
2470 1.01337
2471 1.01438
2472 1.01318
2473 1.01623
2474 1.01663
2475 1.01534
2476 1.01466
2477 1.01455
2478 1.01276
2479 1.01508
2480 1.01485
2481 1.01229
2482 1.01142
2483 1.01592
2484 1.01384
2485 1.01319
2486 1.01457
2487 1.01097
2488 1.01337
2489 1.01202
2490 1.01342
2491 1.01475
2492 1.01131
2493 1.01318
2494 1.01292
2495 1.01629
2496 1.01506
2497 1.01361
2498 1.01322
2499 1.00963
2500 1.0141
2501 1.01551
2502 1.01283
2503 1.0142
2504 1.01273
2505 1.01352
2506 1.01097
2507 1.01439
2508 1.01432
2509 1.00985
2510 1.01167
2511 1.01055
2512 1.01501
2513 1.01159
2514 1.01355
2515 1.01235
2516 1.01144
2517 1.01032
2518 1.01338
2519 1.01025
2520 1.01304
2521 1.00994
2522 1.00968
2523 1.01076
2524 1.01207
2525 1.01207
2526 1.01018
2527 1.00982
2528 1.01316
2529 1.01035
2530 1.01367
2531 1.00779
2532 1.0105
2533 1.01196
2534 1.01355
2535 1.00998
2536 1.01128
2537 1.01239
2538 1.00971
2539 1.00985
2540 1.01324
2541 1.01276
2542 1.01084
2543 1.00878
2544 1.01244
2545 1.01188
2546 1.01208
2547 1.00998
2548 1.01368
2549 1.0122
2550 1.01154
2551 1.0114
2552 1.01069
2553 1.01018
2554 1.01166
2555 1.01169
2556 1.01134
2557 1.01399
2558 1.0067
2559 1.00913
2560 1.01143
2561 1.01048
2562 1.00756
2563 1.01171
2564 1.00996
2565 1.01387
2566 1.01294
2567 1.01067
2568 1.0078
2569 1.0105
2570 1.0074
2571 1.0084
2572 1.00835
2573 1.01165
2574 1.00914
2575 1.01288
2576 1.01324
2577 1.0099
2578 1.01128
2579 1.00856
2580 1.00866
2581 1.00762
2582 1.00828
2583 1.01108
2584 1.00899
2585 1.0092
2586 1.00598
2587 1.00925
2588 1.00921
2589 1.00881
2590 1.01095
2591 1.01231
2592 1.00847
2593 1.00903
2594 1.00767
2595 1.00878
2596 1.00791
2597 1.01166
2598 1.0076
2599 1.00958
2600 1.00805
2601 1.0101
2602 1.00793
2603 1.0082
2604 1.00664
2605 1.0115
2606 1.00845
2607 1.00871
2608 1.00768
2609 1.00727
2610 1.00719
2611 1.01036
2612 1.0063
2613 1.00748
2614 1.00561
2615 1.00773
2616 1.00942
2617 1.00497
2618 1.00645
2619 1.00367
2620 1.00727
2621 1.00556
2622 1.00981
2623 1.005
2624 1.00849
2625 1.00904
2626 1.00563
2627 1.00524
2628 1.00622
2629 1.0079
2630 1.00559
2631 1.00776
2632 1.00563
2633 1.00851
2634 1.00715
2635 1.00739
2636 1.00448
2637 1.00907
2638 1.00392
2639 1.00782
2640 1.0059
2641 1.00518
2642 1.0047
2643 1.0104
2644 1.00667
2645 1.00537
2646 1.00468
2647 1.00433
2648 1.00478
2649 1.00562
2650 1.00632
2651 1.00474
2652 1.00557
2653 1.00607
2654 1.00634
2655 1.00497
2656 1.00763
2657 1.00638
2658 1.00319
2659 1.00587
2660 1.00521
2661 1.0053
2662 1.00463
2663 1.00474
2664 1.00535
2665 1.00322
2666 1.00384
2667 1.00552
2668 1.00557
2669 1.0059
2670 1.00595
2671 1.00586
2672 1.00398
2673 1.00412
2674 1.00336
2675 1.00411
2676 1.00431
2677 1.00151
2678 1.00187
2679 1.00315
2680 1.00235
2681 1.00438
2682 1.00227
2683 1.00427
2684 1.003
2685 1.00345
2686 1.00443
2687 1.00235
2688 1.00204
2689 1.0041
2690 1.00365
2691 1.00356
2692 1.0025
2693 1.00474
2694 1.00265
2695 1.01544
2696 1.00377
2697 1.00616
2698 1.00406
2699 1.00383
2700 1.0036
2701 1.00312
2702 1.00183
2703 1.00174
2704 1.00137
2705 1.00359
2706 1.00349
2707 1.00247
2708 1.0038
2709 1.00368
2710 1.00315
2711 1.00486
2712 1.00267
2713 1.00176
2714 1.00205
2715 1.00116
2716 1.00489
2717 1.00273
2718 1.01245
2719 1.00153
2720 1.00231
2721 1.0047
2722 1.00099
2723 1.00474
2724 1.0029
2725 1.00254
2726 1.00558
2727 1.00254
2728 1.00124
2729 1.001
2730 1.00117
2731 0.999823
2732 1.00064
2733 1.00344
2734 1.02753
2735 1.00091
2736 1.0037
2737 1.00263
2738 1.01139
2739 1.01518
2740 1.01498
2741 1.00255
2742 1.00141
2743 1.00116
2744 1.0035
2745 1.00279
2746 1.02293
2747 1.00167
2748 1.01437
2749 1.01154
2750 1.01461
2751 1.01291
2752 1.0011
2753 1.00154
2754 1.01161
2755 1.00121
2756 1.02492
2757 1.01007
2758 1.00201
2759 1.01278
2760 1.001
2761 1.01226
2762 1.01236
2763 1.00128
2764 1.01205
2765 1.00234
2766 1.02476
2767 1.01132
2768 1.02372
2769 1.01175
2770 1.00049
2771 1.00114
2772 1.02297
2773 1.02661
2774 1.01398
2775 1.02511
2776 1.02145
2777 1.01386
2778 1.01109
2779 0.999897
2780 1.01504
2781 1.01041
2782 1.00022
2783 1.02385
2784 1.00868
2785 1.01129
2786 1.02514
2787 1.02026
2788 1.02162
2789 1.02015
2790 1.0001
2791 1.01281
2792 0.999604
2793 1.02616
2794 1.02217
2795 1.02538
2796 1.01451
2797 1.01369
2798 1.02116
2799 1.0005
2800 1.00943
2801 1.01353
2802 1.01901
2803 1.02531
2804 1.0108
2805 1.02542
2806 1.02169
2807 1.01017
2808 1.01052
2809 1.0245
2810 1.01156
2811 1.02117
2812 1.02014
2813 1.01126
2814 1.02474
2815 1.02285
2816 1.01653
2817 1.01092
2818 1.02478
2819 1.01898
2820 1.02023
2821 1.02192
2822 1.01881
2823 1.01746
2824 1.0069
2825 1.02146
2826 1.01785
2827 1.02175
2828 1.01991
2829 1.00593
2830 1.0182
2831 1.0199
2832 1.02227
2833 1.01938
2834 1.02328
2835 1.02082
2836 1.01459
2837 1.02386
2838 1.00767
2839 1.01782
2840 1.01642
2841 1.02042
2842 1.01692
2843 1.02068
2844 1.01874
2845 1.02069
2846 1.0195
2847 1.01869
2848 1.02358
2849 1.02097
2850 1.02093
2851 1.01658
2852 1.01818
2853 1.01615
2854 1.02027
2855 1.01532
2856 1.01566
2857 1.01278
2858 1.01985
2859 1.01779
2860 1.01739
2861 1.01623
2862 1.02185
2863 1.01609
2864 1.01731
2865 1.01409
2866 1.01632
2867 1.01433
2868 1.01611
2869 1.01737
2870 1.01461
2871 1.01434
2872 1.01423
2873 1.01631
2874 1.01422
2875 1.01612
2876 1.01717
2877 1.01285
2878 1.00821
2879 1.01518
2880 1.01389
2881 1.01253
2882 1.01417
2883 1.01584
2884 1.01415
2885 1.01432
2886 1.01127
2887 1.01444
2888 1.01398
2889 1.01583
2890 1.01335
2891 1.01734
2892 1.01761
2893 1.01691
2894 1.0138
2895 1.01423
2896 1.01666
2897 1.01664
2898 1.01353
2899 1.01373
2900 1.01431
2901 1.01643
2902 1.01464
2903 1.01208
2904 1.01432
2905 1.01273
2906 1.01012
2907 1.01339
2908 1.00943
2909 1.01672
2910 1.0124
2911 1.0121
2912 1.01726
2913 1.00928
2914 1.01216
2915 1.01055
2916 1.01216
2917 1.01347
2918 1.01064
2919 1.01138
2920 1.01079
2921 1.01592
2922 1.00985
2923 1.01398
2924 1.01238
2925 1.0124
2926 1.01472
2927 1.00846
2928 1.00825
2929 1.01155
2930 1.01229
2931 1.00847
2932 1.01214
2933 1.01175
2934 1.01152
2935 1.00882
2936 1.01326
2937 1.01435
2938 1.0117
2939 1.01012
2940 1.00895
2941 1.01103
2942 1.01302
2943 1.01149
2944 1.00954
2945 1.00795
2946 1.01
2947 1.01266
2948 1.01058
2949 1.01068
2950 1.01107
2951 1.013
2952 1.00945
2953 1.00909
2954 1.00821
2955 1.00781
2956 1.01267
2957 1.0101
2958 1.0116
2959 1.01155
2960 1.00683
2961 1.01137
2962 1.01149
2963 1.01023
2964 1.00785
2965 1.00859
2966 1.00972
2967 1.00843
2968 1.01051
2969 1.00936
2970 1.00841
2971 1.01017
2972 1.00948
2973 1.00971
2974 1.01052
2975 1.01206
2976 1.01019
2977 1.00957
2978 1.0077
2979 1.00804
2980 1.0082
2981 1.01188
2982 1.00916
2983 1.00982
2984 1.00967
2985 1.00974
2986 1.00755
2987 1.00949
2988 1.00892
2989 1.00854
2990 1.00878
2991 1.00713
2992 1.01084
2993 1.00719
2994 1.00735
2995 1.0066
2996 1.00756
2997 1.0081
2998 1.0069
2999 1.00525
3000 1.00532
3001 1.00817
3002 1.0087
3003 1.00833
3004 1.00923
3005 1.00898
3006 1.00911
3007 1.00799
3008 1.00762
3009 1.00673
3010 1.00725
3011 1.00817
3012 1.00702
3013 1.0092
3014 1.00722
3015 1.00725
3016 1.00589
3017 1.00684
3018 1.00912
3019 1.0061
3020 1.00536
3021 1.00585
3022 1.00691
3023 1.0104
3024 1.00775
3025 1.00964
3026 1.00757
3027 1.00899
3028 1.00407
3029 1.00924
3030 1.00691
3031 1.00708
3032 1.00525
3033 1.00535
3034 1.00575
3035 1.00806
3036 1.00928
3037 1.005
3038 1.00583
3039 1.00794
3040 1.00569
3041 1.0043
3042 1.00556
3043 1.00446
3044 1.00406
3045 1.00575
3046 1.00466
3047 1.00538
3048 1.00664
3049 1.00487
3050 1.00618
3051 1.00379
3052 1.00583
3053 1.00769
3054 1.00658
3055 1.00477
3056 1.00931
3057 1.00779
3058 1.00698
3059 1.0042
3060 1.00581
3061 1.00753
3062 1.00596
3063 1.00169
3064 1.00726
3065 1.00266
3066 1.00219
3067 1.00569
3068 1.00384
3069 1.00678
3070 1.00891
3071 1.00399
3072 1.00073
3073 1.00672
3074 1.00411
3075 1.00288
3076 1.00127
3077 1.00377
3078 1.00377
3079 1.00455
3080 1.00195
3081 1.00376
3082 1.00475
3083 1.00526
3084 1.00738
3085 1.00276
3086 1.00346
3087 1.00359
3088 1.00394
3089 1.00356
3090 1.0045
3091 1.00369
3092 1.0021
3093 1.00373
3094 1.00362
3095 1.00189
3096 1.00503
3097 1.00289
3098 1.00533
3099 1.00394
3100 1.00213
3101 1.0022
3102 1.00219
3103 1.00206
3104 1.00126
3105 1.0048
3106 1.00306
3107 1.00186
3108 1.00194
3109 1.00357
3110 1.00262
3111 1.00362
3112 1.00436
3113 1.00361
3114 1.00234
3115 1.00053
3116 1.00424
3117 1.00367
3118 1.00167
3119 1.0005
3120 1.00136
3121 0.9998
3122 1.00251
3123 1.00214
3124 1.0004
3125 1.00109
3126 1.00145
3127 1.0018
3128 1.00268
3129 1.00008
3130 1.00169
3131 1.00034
3132 1.00081
3133 1.00184
3134 1.0006
3135 0.999099
3136 1.00204
3137 1.0015
3138 1.00239
3139 1.00189
3140 0.999819
3141 1.00158
3142 0.999683
3143 1.00226
3144 0.999814
3145 0.999527
3146 0.999414
3147 1.00096
3148 1.00194
3149 1.00019
3150 1.00225
3151 0.999956
3152 1.00193
3153 0.999925
3154 1.00008
3155 0.999524
3156 0.99961
3157 1.00105
3158 1.00095
3159 1.0009
3160 1.00188
3161 1.0015
3162 0.999879
3163 0.998012
3164 1.00096
3165 0.998348
3166 0.998748
3167 0.99838
3168 1.00042
3169 1.00077
3170 1.00072
3171 1.00019
3172 1.00286
3173 1.00074
3174 1.00062
3175 1.00061
3176 0.999121
3177 0.999608
3178 1.00118
3179 1.00038
3180 0.998462
3181 1.00047
3182 0.998237
3183 0.998899
3184 1.00486
3185 1.00051
3186 0.99818
3187 0.999001
3188 0.998954
3189 0.998582
3190 0.999082
3191 0.99854
3192 0.998562
3193 0.998074
3194 0.998184
3195 1.00248
3196 1.00217
3197 0.997936
3198 0.99992
3199 0.998071
3200 1.0031
3201 0.99874
3202 1.00366
3203 0.997092
3204 1.00073
3205 0.998315
3206 0.998952
3207 1.00105
3208 0.999156
3209 0.998715
3210 1.00426
3211 0.998344
3212 0.99976
3213 0.998597
3214 1.00004
3215 0.99794
3216 1.00009
3217 0.997558
3218 1.00469
3219 1.00262
3220 1.0021
3221 0.999439
3222 1.00322
3223 1.00076
3224 0.998117
3225 1.00418
3226 1.00638
3227 1.00214
3228 1.00458
3229 0.997851
3230 1.00104
3231 0.997294
3232 1.0026
3233 0.997503
3234 1.00147
3235 1.00491
3236 0.998285
3237 0.999063
3238 0.9969
3239 0.997851
3240 1.00127
3241 1.00021
3242 1.00204
3243 1.00218
3244 1.00523
3245 1.00677
3246 1.00747
3247 1.00401
3248 1.00231
3249 1.00383
3250 0.999362
3251 1.00293
3252 1.0025
3253 1.00113
3254 0.997848
3255 1.00477
3256 1.0019
3257 0.998799
3258 1.00559
3259 0.997567
3260 0.997842
3261 1.00049
3262 1.00001
3263 1.00017
3264 1.00124
3265 1.00062
3266 1.00159
3267 1.00186
3268 1.00573
3269 1.00443
3270 1.00138
3271 1.00485
3272 1.00356
3273 1.0005
3274 1.00291
3275 1.00058
3276 1.00296
3277 1.00113
3278 1.00375
3279 1.00486
3280 1.00503
3281 1.00317
3282 1.00678
3283 0.99694
3284 1.00216
3285 1.00466
3286 1.00383
3287 1.00586
3288 0.999816
3289 1.00364
3290 1.003
3291 1.00328
3292 1.0022
3293 1.00144
3294 0.999282
3295 1.00294
3296 1.00145
3297 1.00228
3298 1.00458
3299 1.00222
3300 1.00209
3301 1.00162
3302 1.00182
3303 1.00175
3304 1.00369
3305 1.00056
3306 1.00172
3307 0.999078
3308 1.00297
3309 1.002
3310 1.00209
3311 1.00261
3312 1.0009
3313 1.00028
3314 1.00296
3315 1.00278
3316 0.999704
3317 1.00233
3318 1.00088
3319 1.002
3320 1.00174
3321 1.00087
3322 1.00022
3323 0.998157
3324 0.999948
3325 1.00156
3326 0.99966
3327 1.00361
3328 0.998407
3329 1.00439
3330 1.0025
3331 0.998277
3332 1.00214
3333 1.00019
3334 1.00193
3335 0.999275
3336 1.00101
3337 0.999603
3338 0.999443
3339 1.00118
3340 1.0007
3341 0.998893
3342 1.00094
3343 0.998769
3344 1.00149
3345 0.999033
3346 1.00063
3347 1.00087
3348 1.00071
3349 1.00206
3350 1.00006
3351 1.00021
3352 1.00284
3353 1.00015
3354 0.999541
3355 0.999495
3356 0.99936
3357 0.996961
3358 0.999908
3359 1.00005
3360 1.00149
3361 0.99788
3362 0.999771
3363 0.999898
3364 0.999573
3365 0.999696
3366 0.998584
3367 0.999378
3368 0.997558
3369 0.999527
3370 0.999829
3371 0.999466
3372 0.998977
3373 1.0006
3374 0.998296
3375 1.00129
3376 0.997277
3377 0.998502
3378 1.00084
3379 0.999653
3380 1.00104
3381 0.998771
3382 0.998739
3383 0.998566
3384 0.999897
3385 0.999486
3386 0.996929
3387 0.997655
3388 1.00099
3389 0.999841
3390 0.998072
3391 1.00027
3392 1.00008
3393 0.998154
3394 0.997914
3395 0.997288
3396 0.99988
3397 0.997067
3398 0.998826
3399 0.998471
3400 0.998754
3401 0.996088
3402 0.999792
3403 0.998006
3404 0.996937
3405 0.998849
3406 0.999029
3407 0.997999
3408 1.00059
3409 0.999235
3410 0.995795
3411 0.998703
3412 1.00012
3413 0.997153
3414 0.996742
3415 0.996027
3416 0.997705
3417 0.996879
3418 0.996373
3419 0.998343
3420 0.996385
3421 0.998229
3422 0.997909
3423 0.997347
3424 0.998039
3425 0.998424
3426 0.998492
3427 0.996216
3428 0.997669
3429 0.998732
3430 0.995925
3431 0.996322
3432 0.996596
3433 0.996746
3434 0.997193
3435 0.996889
3436 0.996936
3437 0.996387
3438 0.99654
3439 0.996821
3440 0.997936
3441 0.997617
3442 0.997467
3443 0.998354
3444 0.996947
3445 0.997067
3446 0.995468
3447 0.995994
3448 0.996904
3449 0.998281
3450 0.998796
3451 0.994867
3452 0.998513
3453 0.996301
3454 0.997199
3455 0.994825
3456 0.996256
3457 0.997276
3458 0.997449
3459 0.997065
3460 0.996356
3461 0.998258
3462 0.996134
3463 0.996312
3464 0.995397
3465 0.997109
3466 0.996355
3467 0.997101
3468 0.996794
3469 0.998808
3470 0.99698
3471 0.997971
3472 0.997424
3473 0.995639
3474 0.998324
3475 0.995001
3476 0.99688
3477 0.996563
3478 0.996134
3479 0.995523
3480 0.996192
3481 0.996818
3482 0.995102
3483 0.998041
3484 0.99746
3485 0.998837
3486 0.996917
3487 0.997415
3488 0.997798
3489 0.996361
3490 0.998819
3491 0.997618
3492 0.99735
3493 0.997178
3494 0.99781
3495 0.997591
3496 0.996322
3497 0.99619
3498 0.994899
3499 0.997174
3500 0.995735
3501 0.996557
3502 0.996402
3503 0.997809
3504 0.994896
3505 0.997358
3506 0.996575
3507 0.995944
3508 0.995837
3509 0.997143
3510 0.997474
3511 0.99796
3512 0.99698
3513 0.997578
3514 0.998744
3515 0.998429
3516 0.996023
3517 0.997704
3518 0.996924
3519 0.995835
3520 0.996798
3521 0.997539
3522 0.996494
3523 0.995964
3524 0.996762
3525 0.995869
3526 0.99533
3527 0.995911
3528 0.995021
3529 0.995665
3530 0.996375
3531 0.9952
3532 0.996538
3533 0.997066
3534 0.9964
3535 0.997128
3536 0.995249
3537 0.995904
3538 0.996715
3539 0.995251
3540 0.995066
3541 0.995172
3542 0.994747
3543 0.994936
3544 0.99381
3545 0.995357
3546 0.995012
3547 0.994839
3548 0.996756
3549 0.996741
3550 0.994863
3551 0.995988
3552 0.995466
3553 0.994161
3554 0.996162
3555 0.994554
3556 0.995995
3557 0.996007
3558 0.995952
3559 0.995827
3560 0.995546
3561 0.995499
3562 0.996338
3563 0.993651
3564 0.994358
3565 0.993996
3566 0.99561
3567 0.994115
3568 0.995417
3569 0.994964
3570 0.995597
3571 0.993818
3572 0.994661
3573 0.993908
3574 0.994714
3575 0.99488
3576 0.996547
3577 0.995158
3578 0.994711
3579 0.995832
3580 0.99416
3581 0.994786
3582 0.994573
3583 0.993648
3584 0.99493
3585 0.994963
3586 0.995236
3587 0.994079
3588 0.993286
3589 0.995288
3590 0.994103
3591 0.994613
3592 0.994036
3593 0.996127
3594 0.994539
3595 0.994256
3596 0.995732
3597 0.993905
3598 0.994361
3599 0.994242
3600 0.99532
3601 0.995419
3602 0.995145
3603 0.995274
3604 0.994042
3605 0.994492
3606 0.994726
3607 0.993935
3608 0.995038
3609 0.995011
3610 0.994609
3611 0.99451
3612 0.9943
3613 0.994037
3614 0.994649
3615 0.99434
3616 0.994859
3617 0.993886
3618 0.993769
3619 0.995373
3620 0.994968
3621 0.99411
3622 0.995138
3623 0.994506
3624 0.994289
3625 0.993979
3626 0.994985
3627 0.994
3628 0.99441
3629 0.993303
3630 0.994083
3631 0.994306
3632 0.994017
3633 0.995107
3634 0.993449
3635 0.994562
3636 0.993852
3637 0.994212
3638 0.993751
3639 0.993216
3640 1.03438
3641 0.993935
3642 0.994014
3643 1.03343
3644 0.992866
3645 1.03339
3646 0.993761
3647 0.99503
3648 0.994639
3649 0.993237
3650 0.993072
3651 0.994191
3652 0.994033
3653 0.993925
3654 1.0344
3655 0.99333
3656 0.993499
3657 0.993026
3658 0.99417
3659 0.993822
3660 1.072
3661 0.993334
3662 1.02979
3663 0.994286
3664 0.992581
3665 1.0334
3666 1.03327
3667 1.033
3668 1.06975
3669 0.993648
3670 0.99346
3671 1.03285
3672 0.993424
3673 1.03471
3674 0.993043
3675 0.995479
3676 1.03475
3677 0.993777
3678 0.993438
3679 1.03266
3680 0.993409
3681 1.03424
3682 0.993005
3683 0.993492
3684 1.03209
3685 0.993637
3686 1.07329
3687 1.02858
3688 0.992889
3689 1.0698
3690 0.992908
3691 1.03497
3692 1.03471
3693 1.03294
3694 1.0625
3695 1.03014
3696 0.993894
3697 1.07272
3698 1.07158
3699 1.07065
3700 1.03328
3701 0.993297
3702 1.07299
3703 1.03014
3704 1.07165
3705 0.99289
3706 0.992326
3707 1.07294
3708 1.06778
3709 1.03414
3710 1.02989
3711 1.07344
3712 1.03198
3713 1.03309
3714 1.03358
3715 1.03372
3716 1.07244
3717 1.03232
3718 1.06645
3719 1.03079
3720 1.07388
3721 1.03099
3722 1.07452
3723 1.03376
3724 1.03088
3725 1.02968
3726 1.07435
3727 1.03152
3728 1.03286
3729 1.06635
3730 1.06966
3731 1.07178
3732 1.07143
3733 1.06795
3734 1.06569
3735 1.07003
3736 1.07028
3737 1.0333
3738 1.03403
3739 1.07159
3740 1.06828
3741 1.06607
3742 1.06945
3743 1.07008
3744 1.06888
3745 1.07279
3746 0.992644
3747 1.02774
3748 1.03238
3749 1.07036
3750 1.06736
3751 1.0315
3752 1.06981
3753 1.06745
3754 1.06492
3755 1.06661
3756 1.06696
3757 1.06748
3758 1.0673
3759 1.06714
3760 1.02931
3761 1.06261
3762 1.0645
3763 1.0704
3764 1.03074
3765 1.02692
3766 1.06861
3767 1.06233
3768 1.07033
3769 1.06725
3770 1.07092
3771 1.06415
3772 1.07024
3773 1.02916
3774 1.06666
3775 1.06255
3776 1.06586
3777 1.06752
3778 1.07219
3779 1.0649
3780 1.06414
3781 1.06291
3782 1.06288
3783 1.06506
3784 1.06341
3785 1.06707
3786 1.05967
3787 1.02794
3788 1.06702
3789 1.06862
3790 1.06371
3791 1.06762
3792 1.06454
3793 1.06879
3794 1.06435
3795 1.03189
3796 1.06185
3797 1.06074
3798 1.06853
3799 1.06778
3800 1.06639
3801 1.06127
3802 1.06453
3803 1.05853
3804 1.06102
3805 1.06094
3806 1.06143
3807 1.06368
3808 1.05766
3809 1.06926
3810 1.06078
3811 1.06572
3812 1.05878
3813 1.06237
3814 1.06099
3815 1.06349
3816 1.02613
3817 1.06579
3818 1.05651
3819 1.06171
3820 1.06024
3821 1.05853
3822 1.05864
3823 1.06185
3824 1.05879
3825 1.05844
3826 1.06098
3827 1.05867
3828 1.05852
3829 1.05963
3830 1.06311
3831 1.05899
3832 1.05903
3833 1.06135
3834 1.0624
3835 1.05847
3836 1.05572
3837 1.05543
3838 1.05739
3839 1.05783
3840 1.06432
3841 1.05626
3842 1.05855
3843 1.0572
3844 1.05272
3845 1.05536
3846 1.05944
3847 1.05873
3848 1.0517
3849 1.06123
3850 1.0572
3851 1.06026
3852 1.05316
3853 1.05548
3854 1.05742
3855 1.05851
3856 1.05959
3857 1.05868
3858 1.05234
3859 1.05205
3860 1.05659
3861 1.05397
3862 1.05381
3863 1.05667
3864 1.05604
3865 1.0591
3866 1.05631
3867 1.0556
3868 1.05289
3869 1.05342
3870 1.05649
3871 1.06008
3872 1.05845
3873 1.05886
3874 1.05429
3875 1.05404
3876 1.04924
3877 1.05689
3878 1.05237
3879 1.0554
3880 1.05863
3881 1.04988
3882 1.05214
3883 1.05314
3884 1.05791
3885 1.05558
3886 1.05861
3887 1.05443
3888 1.053
3889 1.05847
3890 1.05698
3891 1.05366
3892 1.05512
3893 1.05447
3894 1.05222
3895 1.05148
3896 1.05372
3897 1.05443
3898 1.05187
3899 1.05723
3900 1.0533
3901 1.05463
3902 1.04991
3903 1.05302
3904 1.05154
3905 1.05313
3906 1.05431
3907 1.05184
3908 1.04924
3909 1.05156
3910 1.05397
3911 1.0512
3912 1.05183
3913 1.05513
3914 1.05224
3915 1.05299
3916 1.05165
3917 1.05065
3918 1.05438
3919 1.04821
3920 1.0492
3921 1.05706
3922 1.05477
3923 1.05088
3924 1.05357
3925 1.0506
3926 1.0552
3927 1.05307
3928 1.05244
3929 1.04812
3930 1.05456
3931 1.05142
3932 1.05144
3933 1.0501
3934 1.04989
3935 1.04691
3936 1.05477
3937 1.05138
3938 1.05291
3939 1.05223
3940 1.05049
3941 1.05093
3942 1.04947
3943 1.05029
3944 1.05557
3945 1.05167
3946 1.05137
3947 1.05216
3948 1.05021
3949 1.0535
3950 1.04929
3951 1.05128
3952 1.04922
3953 1.0505
3954 1.05113
3955 1.04966
3956 1.04828
3957 1.05032
3958 1.04987
3959 1.04678
3960 1.05018
3961 1.05456
3962 1.05029
3963 1.04946
3964 1.05189
3965 1.04964
3966 1.04718
3967 1.04759
3968 1.04751
3969 1.04851
3970 1.04496
3971 1.0465
3972 1.0468
3973 1.04796
3974 1.04822
3975 1.04919
3976 1.05096
3977 1.04783
3978 1.04543
3979 1.05031
3980 1.04464
3981 1.0454
3982 1.04877
3983 1.04874
3984 1.04468
3985 1.04835
3986 1.0502
3987 1.0471
3988 1.05038
3989 1.04741
3990 1.04709
3991 1.04563
3992 1.05032
3993 1.04655
3994 1.04634
3995 1.04954
3996 1.0475
3997 1.04724
3998 1.04857
3999 1.04557
4000 1.04962
4001 1.04294
4002 1.0428
4003 1.04603
4004 1.04516
4005 1.04507
4006 1.04689
4007 1.0422
4008 1.04841
4009 1.04897
4010 1.0438
4011 1.04586
4012 1.04469
4013 1.04675
4014 1.04505
4015 1.05098
4016 1.04131
4017 1.04659
4018 1.04048
4019 1.04292
4020 1.04169
4021 1.04185
4022 1.04409
4023 1.04336
4024 1.03943
4025 1.04577
4026 1.04458
4027 1.04401
4028 1.04077
4029 1.03931
4030 1.04496
4031 1.04575
4032 1.04524
4033 1.04489
4034 1.04292
4035 1.04257
4036 1.04167
4037 1.04331
4038 1.03988
4039 1.04699
4040 1.04269
4041 1.04454
4042 1.04629
4043 1.04175
4044 1.04138
4045 1.0429
4046 1.04358
4047 1.04641
4048 1.04348
4049 1.04295
4050 1.04178
4051 1.04409
4052 1.0434
4053 1.04676
4054 1.04815
4055 1.04066
4056 1.04402
4057 1.04091
4058 1.04146
4059 1.04205
4060 1.04211
4061 1.04022
4062 1.04165
4063 1.03799
4064 1.04357
4065 1.04331
4066 1.04213
4067 1.04238
4068 1.03473
4069 1.03827
4070 1.03949
4071 1.04187
4072 1.04011
4073 1.03966
4074 1.04571
4075 1.04185
4076 1.04146
4077 1.03932
4078 1.03847
4079 1.03775
4080 1.04172
4081 1.04017
4082 1.03809
4083 1.03937
4084 1.04045
4085 1.03841
4086 1.04184
4087 1.04144
4088 1.03964
4089 1.0368
4090 1.03734
4091 1.04282
4092 1.04002
4093 1.03803
4094 1.03905
4095 1.03868
4096 1.03868
4097 1.03748
4098 1.03851
4099 1.03788
4100 1.04075
4101 1.04116
4102 1.03796
4103 1.04259
4104 1.03825
4105 1.04032
4106 1.0384
4107 1.03941
4108 1.03707
4109 1.03723
4110 1.03629
4111 1.03881
4112 1.03966
4113 1.03667
4114 1.04053
4115 1.03616
4116 1.04097
4117 1.03574
4118 1.03596
4119 1.03726
4120 1.03702
4121 1.03918
4122 1.03673
4123 1.03513
4124 1.03734
4125 1.03832
4126 1.03832
4127 1.03461
4128 1.0407
4129 1.03924
4130 1.0371
4131 1.03779
4132 1.03756
4133 1.03733
4134 1.03949
4135 1.03915
4136 1.03604
4137 1.03862
4138 1.0385
4139 1.03755
4140 1.03588
4141 1.03885
4142 1.03824
4143 1.03761
4144 1.03889
4145 1.03612
4146 1.03928
4147 1.04088
4148 1.03629
4149 1.03554
4150 1.03707
4151 1.03574
4152 1.03831
4153 1.03579
4154 1.0418
4155 1.03712
4156 1.04021
4157 1.03584
4158 1.03752
4159 1.04075
4160 1.03656
4161 1.03606
4162 1.03731
4163 1.03718
4164 1.03711
4165 1.03925
4166 1.03921
4167 1.03934
4168 1.03962
4169 1.03782
4170 1.03479
4171 1.03899
4172 1.03629
4173 1.03824
4174 1.03813
4175 1.03504
4176 1.0391
4177 1.03784
4178 1.04011
4179 1.03513
4180 1.03574
4181 1.03639
4182 1.03723
4183 1.03517
4184 1.03936
4185 1.03631
4186 1.03694
4187 1.03808
4188 1.03803
4189 1.03732
4190 1.03931
4191 1.03271
4192 1.0364
4193 1.03757
4194 1.03368
4195 1.04008
4196 1.03473
4197 1.03727
4198 1.03646
4199 1.03867
4200 1.03805
4201 1.03613
4202 1.03918
4203 1.0363
4204 1.03704
4205 1.03371
4206 1.03411
4207 1.03836
4208 1.03634
4209 1.03318
4210 1.03341
4211 1.03301
4212 1.03511
4213 1.03663
4214 1.03571
4215 1.03544
4216 1.03762
4217 1.03654
4218 1.04063
4219 1.03705
4220 1.03743
4221 1.03696
4222 1.03385
4223 1.03688
4224 1.03411
4225 1.03309
4226 1.03564
4227 1.03959
4228 1.03371
4229 1.03587
4230 1.03831
4231 1.03341
4232 1.03135
4233 1.03378
4234 1.03806
4235 1.03678
4236 1.03405
4237 1.03684
4238 1.03443
4239 1.0361
4240 1.03252
4241 1.03408
4242 1.0338
4243 1.03453
4244 1.03357
4245 1.03426
4246 1.03585
4247 1.03283
4248 1.0363
4249 1.03321
4250 1.03498
4251 1.03534
4252 1.03487
4253 1.03445
4254 1.0319
4255 1.03307
4256 1.03485
4257 1.03571
4258 1.03212
4259 1.03064
4260 1.03518
4261 1.03373
4262 1.02703
4263 1.03593
4264 1.03381
4265 1.03227
4266 1.03304
4267 1.03029
4268 1.03452
4269 1.03255
4270 1.0338
4271 1.03505
4272 1.03165
4273 1.03352
4274 1.03358
4275 1.03538
4276 1.03756
4277 1.03213
4278 1.0333
4279 1.03445
4280 1.03463
4281 1.0324
4282 1.03243
4283 1.03079
4284 1.02972
4285 1.03097
4286 1.03262
4287 1.02962
4288 1.03533
4289 1.03085
4290 1.03193
4291 1.03141
4292 1.03126
4293 1.0315
4294 1.03095
4295 1.0337
4296 1.02832
4297 1.03076
4298 1.03255
4299 1.03112
4300 1.03244
4301 1.02943
4302 1.02807
4303 1.03107
4304 1.02957
4305 1.02748
4306 1.03292
4307 1.02797
4308 1.02794
4309 1.02918
4310 1.02799
4311 1.03446
4312 1.03029
4313 1.02991
4314 1.03108
4315 1.03407
4316 1.02823
4317 1.03192
4318 1.02876
4319 1.03171
4320 1.02631
4321 1.02894
4322 1.03121
4323 1.027
4324 1.0299
4325 1.02917
4326 1.02694
4327 1.02771
4328 1.02781
4329 1.02891
4330 1.02887
4331 1.02692
4332 1.02974
4333 1.03034
4334 1.02995
4335 1.03247
4336 1.02896
4337 1.02621
4338 1.03089
4339 1.02953
4340 1.02738
4341 1.02519
4342 1.02746
4343 1.02764
4344 1.02772
4345 1.02727
4346 1.02827
4347 1.02485
4348 1.02839
4349 1.02791
4350 1.02886
4351 1.02888
4352 1.02669
4353 1.02717
4354 1.02608
4355 1.02737
4356 1.03061
4357 1.02682
4358 1.028
4359 1.02803
4360 1.02613
4361 1.02548
4362 1.02959
4363 1.03052
4364 1.0251
4365 1.02718
4366 1.02741
4367 1.02665
4368 1.02408
4369 1.03371
4370 1.02444
4371 1.02869
4372 1.026
4373 1.0265
4374 1.02739
4375 1.02767
4376 1.02842
4377 1.02647
4378 1.02533
4379 1.02596
4380 1.0281
4381 1.02642
4382 1.02448
4383 1.02694
4384 1.0265
4385 1.02605
4386 1.02673
4387 1.02766
4388 1.02941
4389 1.02624
4390 1.02629
4391 1.02538
4392 1.02513
4393 1.02811
4394 1.02536
4395 1.02375
4396 1.02605
4397 1.02682
4398 1.02626
4399 1.02451
4400 1.02462
4401 1.02557
4402 1.02507
4403 1.02608
4404 1.02507
4405 1.02694
4406 1.02389
4407 1.02442
4408 1.02565
4409 1.02511
4410 1.02404
4411 1.02415
4412 1.02782
4413 1.0261
4414 1.02477
4415 1.02711
4416 1.02548
4417 1.02297
4418 1.02468
4419 1.02389
4420 1.02437
4421 1.02549
4422 1.0237
4423 1.02511
4424 1.02455
4425 1.02528
4426 1.02558
4427 1.02585
4428 1.02486
4429 1.02478
4430 1.02626
4431 1.02665
4432 1.02148
4433 1.02277
4434 1.02688
4435 1.02353
4436 1.02448
4437 1.02591
4438 1.02254
4439 1.02584
4440 1.02312
4441 1.02604
4442 1.02239
4443 1.02267
4444 1.02561
4445 1.02469
4446 1.02361
4447 1.02326
4448 1.02529
4449 1.0237
4450 1.02191
4451 1.02174
4452 1.02672
4453 1.02234
4454 1.02494
4455 1.02526
4456 1.02575
4457 1.02521
4458 1.02432
4459 1.02383
4460 1.02171
4461 1.02196
4462 1.02286
4463 1.02352
4464 1.02133
4465 1.02448
4466 1.0226
4467 1.02016
4468 1.02392
4469 1.02019
4470 1.02152
4471 1.02151
4472 1.02337
4473 1.02229
4474 1.02303
4475 1.02128
4476 1.0238
4477 1.02338
4478 1.02324
4479 1.02188
4480 1.02098
4481 1.0223
4482 1.02416
4483 1.02105
4484 1.02334
4485 1.02117
4486 1.02105
4487 1.02203
4488 1.02342
4489 1.01913
4490 1.0228
4491 1.023
4492 1.02265
4493 1.02312
4494 1.02325
4495 1.02164
4496 1.02088
4497 1.02049
4498 1.02244
4499 1.02266
4500 1.02188
4501 1.02182
4502 1.02325
4503 1.02037
4504 1.02013
4505 1.02193
4506 1.02242
4507 1.02153
4508 1.02418
4509 1.0219
4510 1.0221
4511 1.02273
4512 1.01618
4513 1.02258
4514 1.02302
4515 1.02355
4516 1.0215
4517 1.02006
4518 1.01982
4519 1.02254
4520 1.02024
4521 1.02048
4522 1.02093
4523 1.0204
4524 1.02033
4525 1.01853
4526 1.02127
4527 1.02076
4528 1.01797
4529 1.01731
4530 1.02091
4531 1.02037
4532 1.02242
4533 1.02127
4534 1.02087
4535 1.01968
4536 1.02221
4537 1.02169
4538 1.0194
4539 1.01956
4540 1.01926
4541 1.02139
4542 1.02123
4543 1.01848
4544 1.02002
4545 1.02005
4546 1.01801
4547 1.01833
4548 1.02514
4549 1.01861
4550 1.01688
4551 1.01728
4552 1.01941
4553 1.02049
4554 1.02009
4555 1.01764
4556 1.01785
4557 1.01928
4558 1.01705
4559 1.01706
4560 1.01851
4561 1.01972
4562 1.01896
4563 1.01821
4564 1.01945
4565 1.02533
4566 1.01866
4567 1.01788
4568 1.01785
4569 1.01764
4570 1.01753
4571 1.02469
4572 1.01859
4573 1.01774
4574 1.0177
4575 1.02114
4576 1.01626
4577 1.01751
4578 1.02238
4579 1.01625
4580 1.01638
4581 1.02284
4582 1.01704
4583 1.01767
4584 1.03063
4585 1.018
4586 1.01694
4587 1.01836
4588 1.01648
4589 1.01938
4590 1.01753
4591 1.0246
4592 1.0179
4593 1.02452
4594 1.01685
4595 1.01607
4596 1.01805
4597 1.01803
4598 1.02265
4599 1.01575
4600 1.02952
4601 1.01738
4602 1.01806
4603 1.02361
4604 1.01905
4605 1.02423
4606 1.02475
4607 1.0286
4608 1.01663
4609 1.02971
4610 1.02409
4611 1.02378
4612 1.01632
4613 1.01632
4614 1.02222
4615 1.01772
4616 1.02908
4617 1.0221
4618 1.01665
4619 1.02352
4620 1.02238
4621 1.03025
4622 1.02497
4623 1.02794
4624 1.03057
4625 1.02411
4626 1.01667
4627 1.01674
4628 1.02252
4629 1.02271
4630 1.02409
4631 1.03037
4632 1.03083
4633 1.02603
4634 1.02207
4635 1.02271
4636 1.01735
4637 1.02732
4638 1.02112
4639 1.02418
4640 1.03016
4641 1.03027
4642 1.02168
4643 1.02103
4644 1.02777
4645 1.02258
4646 1.02415
4647 1.02194
4648 1.02993
4649 1.02402
4650 1.0256
4651 1.02908
4652 1.02505
4653 1.0204
4654 1.02697
4655 1.01636
4656 1.0253
4657 1.02797
4658 1.02293
4659 1.02361
4660 1.02022
4661 1.02487
4662 1.02725
4663 1.01835
4664 1.02602
4665 1.02622
4666 1.02419
4667 1.02747
4668 1.02566
4669 1.02523
4670 1.0203
4671 1.02042
4672 1.02231
4673 1.02473
4674 1.02488
4675 1.02448
4676 1.02506
4677 1.02089
4678 1.02157
4679 1.02707
4680 1.0269
4681 1.0195
4682 1.02167
4683 1.02329
4684 1.02246
4685 1.02617
4686 1.0295
4687 1.02765
4688 1.02269
4689 1.02652
4690 1.02395
4691 1.02623
4692 1.02488
4693 1.02495
4694 1.0241
4695 1.02365
4696 1.02894
4697 1.02669
4698 1.02791
4699 1.02625
4700 1.02656
4701 1.02507
4702 1.02296
4703 1.02452
4704 1.02635
4705 1.02328
4706 1.02429
4707 1.02639
4708 1.02409
4709 1.02957
4710 1.02231
4711 1.02366
4712 1.02694
4713 1.02378
4714 1.02823
4715 1.02124
4716 1.02228
4717 1.02405
4718 1.02562
4719 1.02653
4720 1.02248
4721 1.02222
4722 1.02553
4723 1.02226
4724 1.02829
4725 1.02651
4726 1.02341
4727 1.02304
4728 1.02086
4729 1.02125
4730 1.02515
4731 1.02245
4732 1.02061
4733 1.02282
4734 1.02743
4735 1.02341
4736 1.02619
4737 1.02379
4738 1.02679
4739 1.0222
4740 1.02055
4741 1.02413
4742 1.02238
4743 1.02111
4744 1.02119
4745 1.02009
4746 1.01956
4747 1.0215
4748 1.02225
4749 1.02242
4750 1.02602
4751 1.02036
4752 1.02013
4753 1.02673
4754 1.02191
4755 1.02253
4756 1.01704
4757 1.02206
4758 1.02166
4759 1.02096
4760 1.01897
4761 1.02005
4762 1.02131
4763 1.02426
4764 1.02078
4765 1.0197
4766 1.02341
4767 1.01864
4768 1.01785
4769 1.02089
4770 1.01907
4771 1.01935
4772 1.02297
4773 1.01964
4774 1.02007
4775 1.01961
4776 1.01859
4777 1.01891
4778 1.01816
4779 1.02154
4780 1.02073
4781 1.02143
4782 1.02016
4783 1.02008
4784 1.01808
4785 1.02178
4786 1.0203
4787 1.01922
4788 1.01977
4789 1.02147
4790 1.01992
4791 1.02058
4792 1.01852
4793 1.01728
4794 1.01919
4795 1.01994
4796 1.01841
4797 1.01771
4798 1.01606
4799 1.01979
4800 1.01926
4801 1.01991
4802 1.01725
4803 1.01687
4804 1.01715
4805 1.01904
4806 1.01944
4807 1.01889
4808 1.0196
4809 1.02012
4810 1.01732
4811 1.02572
4812 1.02146
4813 1.01733
4814 1.01789
4815 1.01629
4816 1.01615
4817 1.01727
4818 1.01831
4819 1.01652
4820 1.01805
4821 1.01715
4822 1.01634
4823 1.01622
4824 1.01759
4825 1.01738
4826 1.02027
4827 1.01628
4828 1.02007
4829 1.01693
4830 1.01967
4831 1.0162
4832 1.01695
4833 1.01736
4834 1.01799
4835 1.01418
4836 1.01989
4837 1.01733
4838 1.01739
4839 1.01721
4840 1.01703
4841 1.01712
4842 1.01729
4843 1.01863
4844 1.01669
4845 1.01556
4846 1.01876
4847 1.01843
4848 1.01837
4849 1.01914
4850 1.01712
4851 1.01974
4852 1.01822
4853 1.01586
4854 1.01972
4855 1.01513
4856 1.01529
4857 1.01666
4858 1.01393
4859 1.01633
4860 1.01464
4861 1.01629
4862 1.01635
4863 1.01487
4864 1.01711
4865 1.01639
4866 1.01775
4867 1.01699
4868 1.01716
4869 1.01639
4870 1.01547
4871 1.01699
4872 1.01636
4873 1.01913
4874 1.0149
4875 1.01615
4876 1.01574
4877 1.01514
4878 1.01724
4879 1.01662
4880 1.01615
4881 1.01739
4882 1.01598
4883 1.0164
4884 1.01425
4885 1.01348
4886 1.0167
4887 1.01736
4888 1.01524
4889 1.01593
4890 1.01417
4891 1.0143
4892 1.01676
4893 1.01505
4894 1.01694
4895 1.015
4896 1.0137
4897 1.01263
4898 1.01509
4899 1.01587
4900 1.01616
4901 1.0154
4902 1.0146
4903 1.01369
4904 1.01276
4905 1.01391
4906 1.0133
4907 1.01633
4908 1.01538
4909 1.01574
4910 1.01224
4911 1.01444
4912 1.01366
4913 1.01454
4914 1.01448
4915 1.01464
4916 1.01485
4917 1.01516
4918 1.01448
4919 1.01409
4920 1.01553
4921 1.01223
4922 1.01432
4923 1.01415
4924 1.01463
4925 1.01529
4926 1.01219
4927 1.01638
4928 1.01168
4929 1.01483
4930 1.01404
4931 1.0147
4932 1.01673
4933 1.01355
4934 1.01407
4935 1.01561
4936 1.01604
4937 1.01372
4938 1.01638
4939 1.01498
4940 1.01411
4941 1.01334
4942 1.01392
4943 1.01409
4944 1.01345
4945 1.01286
4946 1.01345
4947 1.01122
4948 1.01573
4949 1.01403
4950 1.00942
4951 1.01134
4952 1.0107
4953 1.00997
4954 1.01321
4955 1.01365
4956 1.0116
4957 1.01514
4958 1.01051
4959 1.01052
4960 1.01216
4961 1.01183
4962 1.01202
4963 1.01105
4964 1.01385
4965 1.01312
4966 1.01268
4967 1.00981
4968 1.01212
4969 1.01177
4970 1.01261
4971 1.01229
4972 1.01226
4973 1.01131
4974 1.01324
4975 1.01019
4976 1.01239
4977 1.0102
4978 1.01098
4979 1.01301
4980 1.01088
4981 1.01156
4982 1.01156
4983 1.01078
4984 1.01146
4985 1.0104
4986 1.01061
4987 1.01303
4988 1.0113
4989 1.01186
4990 1.01144
4991 1.00839
4992 1.01038
4993 1.01324
4994 1.01203
4995 1.012
4996 1.00911
4997 1.0136
4998 1.01114
4999 1.01056
