100 1.98761
101 1.98365
102 1.97808
103 1.97374
104 1.96991
105 1.96531
106 1.96164
107 1.95922
108 1.95333
109 1.95156
110 1.9472
111 1.94281
112 1.94039
113 1.93824
114 1.93813
115 1.93468
116 1.93153
117 1.92919
118 1.92673
119 1.92316
120 1.92282
121 1.91792
122 1.91525
123 1.91779
124 1.91752
125 1.91145
126 1.91086
127 1.91429
128 1.91918
129 1.914
130 1.91376
131 1.91901
132 1.92619
133 1.92904
134 1.92584
135 1.92728
136 1.92597
137 1.9388
138 1.93467
139 1.9465
140 1.95299
141 1.94609
142 1.9426
143 1.94627
144 1.94505
145 1.94362
146 1.9461
147 1.94185
148 1.93664
149 1.93511
150 1.93276
151 1.93035
152 1.92728
153 1.92323
154 1.91835
155 1.9163
156 1.91337
157 1.91161
158 1.90764
159 1.90475
160 1.90251
161 1.90012
162 1.89611
163 1.89395
164 1.89211
165 1.88959
166 1.88673
167 1.88466
168 1.88244
169 1.88007
170 1.87796
171 1.8768
172 1.87513
173 1.87386
174 1.87008
175 1.86724
176 1.86635
177 1.86553
178 1.86186
179 1.86315
180 1.85907
181 1.85688
182 1.85617
183 1.85677
184 1.85424
185 1.85197
186 1.85201
187 1.85114
188 1.8508
189 1.84758
190 1.84713
191 1.84717
192 1.84424
193 1.84402
194 1.84321
195 1.84029
196 1.83789
197 1.83698
198 1.83691
199 1.83737
200 1.83191
201 1.83174
202 1.83046
203 1.82706
204 1.82905
205 1.82768
206 1.82601
207 1.82702
208 1.82293
209 1.82198
210 1.82622
211 1.82752
212 1.83363
213 1.84315
214 1.84376
215 1.84571
216 1.8422
217 1.84398
218 1.84719
219 1.85201
220 1.85644
221 1.86125
222 1.86963
223 1.86547
224 1.87197
225 1.86661
226 1.87277
227 1.86979
228 1.87324
229 1.87985
230 1.87539
231 1.87102
232 1.87235
233 1.87039
234 1.87377
235 1.86762
236 1.87027
237 1.86352
238 1.86459
239 1.86262
240 1.86033
241 1.85851
242 1.85528
243 1.85235
244 1.85026
245 1.84996
246 1.85049
247 1.84671
248 1.84622
249 1.84168
250 1.84232
251 1.83868
252 1.8372
253 1.83621
254 1.83394
255 1.83238
256 1.83107
257 1.82926
258 1.82864
259 1.82685
260 1.82517
261 1.82421
262 1.8217
263 1.82203
264 1.81991
265 1.81826
266 1.81749
267 1.81647
268 1.81462
269 1.81385
270 1.813
271 1.81149
272 1.81018
273 1.80867
274 1.80837
275 1.80705
276 1.80638
277 1.80506
278 1.80198
279 1.80265
280 1.80073
281 1.7999
282 1.79819
283 1.79728
284 1.79668
285 1.79426
286 1.79367
287 1.79452
288 1.79145
289 1.79118
290 1.78905
291 1.78976
292 1.78853
293 1.78659
294 1.78716
295 1.7871
296 1.78691
297 1.78524
298 1.78492
299 1.78416
300 1.78252
301 1.78332
302 1.78492
303 1.78308
304 1.78212
305 1.77998
306 1.78201
307 1.77972
308 1.78171
309 1.78102
310 1.78074
311 1.7775
312 1.77866
313 1.77714
314 1.77597
315 1.7741
316 1.77451
317 1.77331
318 1.77254
319 1.7709
320 1.76996
321 1.77017
322 1.76825
323 1.76658
324 1.76586
325 1.76544
326 1.76391
327 1.76433
328 1.76212
329 1.76086
330 1.76287
331 1.75902
332 1.76056
333 1.7582
334 1.75944
335 1.75983
336 1.75697
337 1.75786
338 1.75989
339 1.75924
340 1.75703
341 1.76168
342 1.75863
343 1.76447
344 1.75547
345 1.7679
346 1.76028
347 1.76994
348 1.77714
349 1.77459
350 1.78721
351 1.78656
352 1.78394
353 1.77889
354 1.79127
355 1.79258
356 1.79807
357 1.7975
358 1.80511
359 1.80117
360 1.79667
361 1.80098
362 1.8103
363 1.80544
364 1.81572
365 1.81274
366 1.81793
367 1.80623
368 1.81251
369 1.81048
370 1.81004
371 1.81146
372 1.80952
373 1.81213
374 1.81111
375 1.80847
376 1.81007
377 1.80062
378 1.80786
379 1.8049
380 1.80205
381 1.8044
382 1.79958
383 1.80111
384 1.79951
385 1.7974
386 1.79727
387 1.79597
388 1.79535
389 1.79225
390 1.79191
391 1.79093
392 1.78952
393 1.78919
394 1.78778
395 1.78655
396 1.78621
397 1.78462
398 1.78401
399 1.7835
400 1.78098
401 1.78047
402 1.77927
403 1.77814
404 1.77781
405 1.77615
406 1.7753
407 1.77455
408 1.77356
409 1.77229
410 1.77185
411 1.77063
412 1.77021
413 1.76962
414 1.76809
415 1.76737
416 1.76638
417 1.76488
418 1.7651
419 1.76291
420 1.76283
421 1.76225
422 1.76096
423 1.76097
424 1.75918
425 1.75915
426 1.75864
427 1.75709
428 1.75651
429 1.75726
430 1.75546
431 1.7546
432 1.75435
433 1.75408
434 1.75228
435 1.75338
436 1.75166
437 1.75235
438 1.74967
439 1.75128
440 1.75076
441 1.74941
442 1.74944
443 1.74741
444 1.74848
445 1.74754
446 1.74703
447 1.74634
448 1.74531
449 1.74438
450 1.74396
451 1.74306
452 1.74262
453 1.74152
454 1.74081
455 1.73995
456 1.73968
457 1.73873
458 1.73752
459 1.73742
460 1.73636
461 1.73541
462 1.73457
463 1.73479
464 1.73406
465 1.73351
466 1.73279
467 1.73144
468 1.73091
469 1.73068
470 1.73014
471 1.72927
472 1.72882
473 1.72833
474 1.72724
475 1.72751
476 1.72753
477 1.72714
478 1.72729
479 1.72735
480 1.72441
481 1.72854
482 1.72477
483 1.72508
484 1.72553
485 1.72449
486 1.72442
487 1.72584
488 1.72572
489 1.72498
490 1.72681
491 1.72418
492 1.72689
493 1.72625
494 1.72366
495 1.72434
496 1.72346
497 1.72493
498 1.72395
499 1.72491
500 1.7238
501 1.72561
502 1.72347
503 1.7227
504 1.7221
505 1.72232
506 1.72204
507 1.72004
508 1.72098
509 1.71974
510 1.71799
511 1.71915
512 1.71838
513 1.71773
514 1.71695
515 1.71625
516 1.71614
517 1.71466
518 1.71434
519 1.71353
520 1.71295
521 1.71254
522 1.71238
523 1.71069
524 1.71045
525 1.70975
526 1.70977
527 1.70885
528 1.70816
529 1.70736
530 1.70732
531 1.70628
532 1.70727
533 1.7054
534 1.70509
535 1.70488
536 1.70515
537 1.70359
538 1.70376
539 1.70356
540 1.70197
541 1.70128
542 1.70409
543 1.70132
544 1.70271
545 1.7009
546 1.70005
547 1.70429
548 1.70125
549 1.70046
550 1.70293
551 1.7018
552 1.69987
553 1.70286
554 1.70339
555 1.70527
556 1.70417
557 1.70293
558 1.70379
559 1.7024
560 1.70688
561 1.70699
562 1.71161
563 1.71927
564 1.71934
565 1.71904
566 1.7171
567 1.72054
568 1.71569
569 1.72692
570 1.72577
571 1.72585
572 1.72648
573 1.72793
574 1.73447
575 1.74199
576 1.73391
577 1.74864
578 1.73527
579 1.74743
580 1.74708
581 1.74255
582 1.74852
583 1.75213
584 1.75507
585 1.75344
586 1.75708
587 1.75755
588 1.75618
589 1.76395
590 1.75617
591 1.75371
592 1.75966
593 1.75931
594 1.75989
595 1.7567
596 1.75504
597 1.76063
598 1.75984
599 1.75975
600 1.75994
601 1.75858
602 1.75813
603 1.75636
604 1.75518
605 1.75495
606 1.75231
607 1.75345
608 1.75253
609 1.7517
610 1.75098
611 1.75009
612 1.74974
613 1.74889
614 1.74843
615 1.74729
616 1.74767
617 1.74531
618 1.74505
619 1.7445
620 1.74332
621 1.7435
622 1.74176
623 1.74236
624 1.74126
625 1.7403
626 1.73947
627 1.73899
628 1.73791
629 1.73704
630 1.73579
631 1.73511
632 1.73521
633 1.7344
634 1.7343
635 1.7327
636 1.7324
637 1.73158
638 1.73105
639 1.73074
640 1.73061
641 1.72925
642 1.72913
643 1.72882
644 1.72836
645 1.72693
646 1.72587
647 1.72679
648 1.72537
649 1.72436
650 1.72458
651 1.72408
652 1.72367
653 1.72331
654 1.72291
655 1.72148
656 1.72169
657 1.72147
658 1.72082
659 1.71985
660 1.71964
661 1.71895
662 1.71873
663 1.71797
664 1.71713
665 1.71722
666 1.71652
667 1.71599
668 1.71521
669 1.71496
670 1.71398
671 1.71374
672 1.71331
673 1.71259
674 1.7127
675 1.71177
676 1.71184
677 1.71049
678 1.70971
679 1.7095
680 1.70935
681 1.70911
682 1.7083
683 1.70725
684 1.70733
685 1.70634
686 1.70654
687 1.70594
688 1.70547
689 1.70441
690 1.70454
691 1.70467
692 1.70438
693 1.70397
694 1.70235
695 1.7028
696 1.70345
697 1.7021
698 1.70105
699 1.70131
700 1.70033
701 1.70112
702 1.70105
703 1.69997
704 1.70114
705 1.70061
706 1.69929
707 1.69989
708 1.70018
709 1.69939
710 1.69861
711 1.69897
712 1.69844
713 1.69802
714 1.69921
715 1.69739
716 1.69777
717 1.69716
718 1.69784
719 1.69638
720 1.69656
721 1.69597
722 1.69608
723 1.69556
724 1.69557
725 1.69458
726 1.69504
727 1.69403
728 1.69347
729 1.6936
730 1.69211
731 1.69188
732 1.69257
733 1.69128
734 1.69089
735 1.6899
736 1.68978
737 1.68899
738 1.68891
739 1.68831
740 1.68827
741 1.6882
742 1.68665
743 1.68637
744 1.68638
745 1.68556
746 1.6852
747 1.68481
748 1.68431
749 1.68476
750 1.68322
751 1.68306
752 1.68261
753 1.68231
754 1.68186
755 1.68104
756 1.68097
757 1.68049
758 1.67944
759 1.6801
760 1.67932
761 1.67934
762 1.67839
763 1.67867
764 1.67862
765 1.67739
766 1.67812
767 1.67705
768 1.67719
769 1.67756
770 1.67612
771 1.67623
772 1.67551
773 1.67644
774 1.67605
775 1.67729
776 1.67471
777 1.67531
778 1.67646
779 1.6768
780 1.67535
781 1.67615
782 1.67683
783 1.67585
784 1.67688
785 1.67641
786 1.67514
787 1.67551
788 1.67585
789 1.67762
790 1.67645
791 1.67642
792 1.67743
793 1.67845
794 1.67646
795 1.67665
796 1.6757
797 1.67737
798 1.67557
799 1.67887
800 1.67783
801 1.67636
802 1.67704
803 1.67686
804 1.67761
805 1.67805
806 1.67755
807 1.67558
808 1.67618
809 1.67706
810 1.67656
811 1.67551
812 1.67534
813 1.67537
814 1.67584
815 1.67513
816 1.67454
817 1.6742
818 1.67303
819 1.67329
820 1.67305
821 1.67314
822 1.67216
823 1.67175
824 1.67108
825 1.67109
826 1.67006
827 1.67071
828 1.66999
829 1.66974
830 1.66967
831 1.66901
832 1.66848
833 1.66817
834 1.66737
835 1.66744
836 1.66668
837 1.66672
838 1.66623
839 1.66594
840 1.66556
841 1.66524
842 1.66496
843 1.6638
844 1.66408
845 1.66382
846 1.66293
847 1.66265
848 1.66267
849 1.66213
850 1.66147
851 1.66113
852 1.66113
853 1.66085
854 1.66063
855 1.65997
856 1.6602
857 1.6598
858 1.65898
859 1.65902
860 1.65848
861 1.65839
862 1.65795
863 1.65756
864 1.65768
865 1.65683
866 1.65752
867 1.6568
868 1.65666
869 1.65647
870 1.65566
871 1.65588
872 1.65552
873 1.65484
874 1.65493
875 1.65508
876 1.65505
877 1.65397
878 1.65393
879 1.65321
880 1.65303
881 1.65416
882 1.65302
883 1.65351
884 1.65266
885 1.65244
886 1.65374
887 1.65266
888 1.65129
889 1.65316
890 1.65163
891 1.65047
892 1.6519
893 1.65364
894 1.65159
895 1.65517
896 1.6511
897 1.65314
898 1.65302
899 1.65515
900 1.65487
901 1.64733
902 1.65489
903 1.65237
904 1.64968
905 1.65022
906 1.65739
907 1.65777
908 1.65874
909 1.66308
910 1.6655
911 1.66888
912 1.66107
913 1.65799
914 1.67402
915 1.6676
916 1.66531
917 1.66447
918 1.67112
919 1.67183
920 1.66917
921 1.6692
922 1.67698
923 1.67564
924 1.6786
925 1.68204
926 1.67523
927 1.69294
928 1.67738
929 1.69264
930 1.69006
931 1.69238
932 1.69766
933 1.69053
934 1.69111
935 1.69273
936 1.69497
937 1.70157
938 1.69562
939 1.69916
940 1.71011
941 1.70892
942 1.70355
943 1.7026
944 1.71162
945 1.70669
946 1.70305
947 1.70996
948 1.71282
949 1.71367
950 1.71247
951 1.7122
952 1.71783
953 1.71118
954 1.71414
955 1.71207
956 1.71486
957 1.71115
958 1.71259
959 1.71292
960 1.71356
961 1.71326
962 1.71212
963 1.71134
964 1.71346
965 1.71221
966 1.71061
967 1.71028
968 1.70895
969 1.71086
970 1.71052
971 1.70903
972 1.70759
973 1.70833
974 1.70653
975 1.70764
976 1.7077
977 1.70673
978 1.70641
979 1.70485
980 1.70518
981 1.70434
982 1.70404
983 1.70379
984 1.70229
985 1.7025
986 1.70267
987 1.70139
988 1.70163
989 1.70128
990 1.70013
991 1.70047
992 1.69929
993 1.69993
994 1.69862
995 1.69856
996 1.69734
997 1.69736
998 1.6976
999 1.69629
1000 1.69616
1001 1.69547
1002 1.69495
1003 1.6949
1004 1.69409
1005 1.69396
1006 1.6934
1007 1.6926
1008 1.69238
1009 1.69251
1010 1.69144
1011 1.69143
1012 1.6913
1013 1.69095
1014 1.69028
1015 1.68985
1016 1.68984
1017 1.68897
1018 1.68894
1019 1.68849
1020 1.68854
1021 1.68802
1022 1.6871
1023 1.68595
1024 1.68689
1025 1.68599
1026 1.68581
1027 1.68535
1028 1.68492
1029 1.68459
1030 1.68431
1031 1.68384
1032 1.68347
1033 1.68314
1034 1.6828
1035 1.68242
1036 1.68181
1037 1.68203
1038 1.68115
1039 1.68142
1040 1.68057
1041 1.68008
1042 1.68033
1043 1.67897
1044 1.67974
1045 1.67859
1046 1.67829
1047 1.67857
1048 1.67837
1049 1.6773
1050 1.67722
1051 1.67705
1052 1.6772
1053 1.67678
1054 1.6756
1055 1.6763
1056 1.67588
1057 1.67573
1058 1.67609
1059 1.67481
1060 1.67524
1061 1.67461
1062 1.67461
1063 1.67463
1064 1.6741
1065 1.67398
1066 1.67351
1067 1.67376
1068 1.67288
1069 1.67298
1070 1.67288
1071 1.67218
1072 1.67228
1073 1.67218
1074 1.67122
1075 1.67122
1076 1.67012
1077 1.67016
1078 1.67031
1079 1.66988
1080 1.66955
1081 1.66949
1082 1.66877
1083 1.66858
1084 1.66807
1085 1.66813
1086 1.66834
1087 1.66747
1088 1.66728
1089 1.66686
1090 1.66617
1091 1.66598
1092 1.66613
1093 1.66514
1094 1.6653
1095 1.66474
1096 1.66484
1097 1.66439
1098 1.66366
1099 1.66357
1100 1.66293
1101 1.66222
1102 1.66252
1103 1.66223
1104 1.66216
1105 1.66172
1106 1.66139
1107 1.66082
1108 1.66017
1109 1.66041
1110 1.66008
1111 1.66003
1112 1.65971
1113 1.65996
1114 1.6588
1115 1.65866
1116 1.65847
1117 1.65844
1118 1.65796
1119 1.65763
1120 1.65749
1121 1.6575
1122 1.6572
1123 1.65684
1124 1.65663
1125 1.65615
1126 1.6559
1127 1.65671
1128 1.65642
1129 1.65631
1130 1.6563
1131 1.65671
1132 1.65505
1133 1.6544
1134 1.65549
1135 1.65599
1136 1.65504
1137 1.65644
1138 1.6555
1139 1.65502
1140 1.65479
1141 1.65406
1142 1.65513
1143 1.65503
1144 1.65403
1145 1.65503
1146 1.65352
1147 1.65434
1148 1.65375
1149 1.65415
1150 1.65471
1151 1.65544
1152 1.6552
1153 1.65417
1154 1.65341
1155 1.65373
1156 1.65347
1157 1.65345
1158 1.65393
1159 1.65353
1160 1.65417
1161 1.65284
1162 1.65315
1163 1.65302
1164 1.6516
1165 1.65201
1166 1.65319
1167 1.65204
1168 1.65264
1169 1.65218
1170 1.65126
1171 1.65075
1172 1.65116
1173 1.65076
1174 1.65015
1175 1.64986
1176 1.64997
1177 1.64945
1178 1.64957
1179 1.64925
1180 1.64863
1181 1.64902
1182 1.6483
1183 1.64824
1184 1.64793
1185 1.64793
1186 1.64746
1187 1.64741
1188 1.64667
1189 1.64632
1190 1.64608
1191 1.64584
1192 1.64492
1193 1.64531
1194 1.6449
1195 1.64466
1196 1.64416
1197 1.64404
1198 1.64384
1199 1.64369
1200 1.64311
1201 1.64304
1202 1.64256
1203 1.64246
1204 1.64251
1205 1.64192
1206 1.6419
1207 1.64098
1208 1.64146
1209 1.64092
1210 1.64041
1211 1.6402
1212 1.64039
1213 1.63963
1214 1.64007
1215 1.63943
1216 1.63882
1217 1.63857
1218 1.63888
1219 1.63813
1220 1.63844
1221 1.63793
1222 1.63756
1223 1.63736
1224 1.63745
1225 1.63699
1226 1.63667
1227 1.63621
1228 1.6364
1229 1.63594
1230 1.63573
1231 1.63548
1232 1.63503
1233 1.63537
1234 1.63531
1235 1.6348
1236 1.63467
1237 1.634
1238 1.63421
1239 1.63422
1240 1.63371
1241 1.63345
1242 1.63363
1243 1.63305
1244 1.63297
1245 1.63234
1246 1.63291
1247 1.63329
1248 1.63226
1249 1.63291
1250 1.63206
1251 1.6319
1252 1.63253
1253 1.63231
1254 1.63155
1255 1.63218
1256 1.63279
1257 1.63227
1258 1.63067
1259 1.63231
1260 1.63211
1261 1.63093
1262 1.63089
1263 1.63163
1264 1.63181
1265 1.63307
1266 1.63267
1267 1.63189
1268 1.63278
1269 1.63098
1270 1.63098
1271 1.63308
1272 1.63188
1273 1.63274
1274 1.63386
1275 1.63424
1276 1.63393
1277 1.63287
1278 1.63236
1279 1.63371
1280 1.63335
1281 1.63342
1282 1.63278
1283 1.63366
1284 1.63457
1285 1.63177
1286 1.63409
1287 1.63541
1288 1.63724
1289 1.63472
1290 1.63511
1291 1.6344
1292 1.63522
1293 1.63545
1294 1.63586
1295 1.63676
1296 1.63479
1297 1.63608
1298 1.6354
1299 1.63549
1300 1.63672
1301 1.63481
1302 1.63601
1303 1.63568
1304 1.63468
1305 1.63516
1306 1.63501
1307 1.63585
1308 1.63385
1309 1.63434
1310 1.63477
1311 1.63415
1312 1.63384
1313 1.63362
1314 1.63418
1315 1.63438
1316 1.63418
1317 1.63328
1318 1.63432
1319 1.63274
1320 1.63308
1321 1.63272
1322 1.63265
1323 1.632
1324 1.63189
1325 1.63192
1326 1.63145
1327 1.631
1328 1.6313
1329 1.63112
1330 1.63058
1331 1.63074
1332 1.63002
1333 1.62974
1334 1.63023
1335 1.62952
1336 1.62909
1337 1.6287
1338 1.62847
1339 1.6285
1340 1.62821
1341 1.62769
1342 1.62752
1343 1.62737
1344 1.62736
1345 1.62746
1346 1.62674
1347 1.62668
1348 1.62625
1349 1.62601
1350 1.62557
1351 1.62578
1352 1.62517
1353 1.62495
1354 1.62462
1355 1.62439
1356 1.62438
1357 1.6242
1358 1.6237
1359 1.62392
1360 1.62334
1361 1.62319
1362 1.6236
1363 1.62286
1364 1.62283
1365 1.62259
1366 1.62225
1367 1.62208
1368 1.62174
1369 1.62163
1370 1.62141
1371 1.62094
1372 1.62085
1373 1.62094
1374 1.62029
1375 1.62051
1376 1.62038
1377 1.62012
1378 1.61986
1379 1.61974
1380 1.61942
1381 1.61924
1382 1.61903
1383 1.61895
1384 1.61884
1385 1.61836
1386 1.61844
1387 1.61825
1388 1.61809
1389 1.61775
1390 1.61795
1391 1.61756
1392 1.61739
1393 1.61736
1394 1.61673
1395 1.61682
1396 1.61688
1397 1.6166
1398 1.6163
1399 1.61635
1400 1.61598
1401 1.61589
1402 1.61587
1403 1.61564
1404 1.61542
1405 1.61563
1406 1.61538
1407 1.61498
1408 1.61515
1409 1.61477
1410 1.61494
1411 1.61468
1412 1.6145
1413 1.61451
1414 1.61431
1415 1.61415
1416 1.61421
1417 1.6141
1418 1.61349
1419 1.61368
1420 1.61364
1421 1.61383
1422 1.61369
1423 1.61321
1424 1.61326
1425 1.61272
1426 1.613
1427 1.61284
1428 1.61276
1429 1.61228
1430 1.61198
1431 1.61195
1432 1.61262
1433 1.61175
1434 1.61183
1435 1.61137
1436 1.61147
1437 1.61124
1438 1.61082
1439 1.61177
1440 1.61075
1441 1.61119
1442 1.61021
1443 1.61046
1444 1.61193
1445 1.61008
1446 1.60957
1447 1.61111
1448 1.61036
1449 1.609
1450 1.61144
1451 1.60881
1452 1.61029
1453 1.60944
1454 1.6101
1455 1.60972
1456 1.61134
1457 1.60961
1458 1.61117
1459 1.60995
1460 1.60979
1461 1.61421
1462 1.6095
1463 1.61021
1464 1.60832
1465 1.61369
1466 1.60951
1467 1.60963
1468 1.61647
1469 1.61201
1470 1.60821
1471 1.616
1472 1.61033
1473 1.61541
1474 1.61263
1475 1.61704
1476 1.61049
1477 1.61567
1478 1.61376
1479 1.61892
1480 1.62114
1481 1.61844
1482 1.62213
1483 1.6209
1484 1.61505
1485 1.62029
1486 1.62763
1487 1.62498
1488 1.62266
1489 1.63027
1490 1.63644
1491 1.63654
1492 1.62715
1493 1.62585
1494 1.63289
1495 1.63565
1496 1.63428
1497 1.63504
1498 1.63487
1499 1.63923
1500 1.64393
1501 1.64662
1502 1.65035
1503 1.64356
1504 1.65225
1505 1.64886
1506 1.65432
1507 1.65232
1508 1.6559
1509 1.65225
1510 1.66279
1511 1.66293
1512 1.65185
1513 1.65915
1514 1.66163
1515 1.65897
1516 1.66144
1517 1.65826
1518 1.66167
1519 1.66766
1520 1.66555
1521 1.67044
1522 1.66471
1523 1.66632
1524 1.66829
1525 1.66682
1526 1.67149
1527 1.67115
1528 1.6689
1529 1.67486
1530 1.67081
1531 1.6703
1532 1.67705
1533 1.67046
1534 1.67232
1535 1.6705
1536 1.67198
1537 1.67389
1538 1.67003
1539 1.67415
1540 1.67277
1541 1.66989
1542 1.67476
1543 1.67278
1544 1.67294
1545 1.67135
1546 1.67176
1547 1.67151
1548 1.67287
1549 1.67069
1550 1.67205
1551 1.67181
1552 1.67285
1553 1.6704
1554 1.67071
1555 1.67108
1556 1.67047
1557 1.67057
1558 1.66967
1559 1.67021
1560 1.66932
1561 1.66938
1562 1.66847
1563 1.66802
1564 1.66749
1565 1.66734
1566 1.66749
1567 1.66744
1568 1.66698
1569 1.66612
1570 1.66612
1571 1.66553
1572 1.6657
1573 1.66484
1574 1.66498
1575 1.6646
1576 1.66441
1577 1.66406
1578 1.66326
1579 1.66384
1580 1.66315
1581 1.66207
1582 1.66165
1583 1.66232
1584 1.66151
1585 1.66211
1586 1.6617
1587 1.66116
1588 1.66073
1589 1.66018
1590 1.66026
1591 1.65943
1592 1.66001
1593 1.65928
1594 1.65931
1595 1.65894
1596 1.65892
1597 1.65884
1598 1.65792
1599 1.65768
1600 1.65808
1601 1.65731
1602 1.65712
1603 1.65664
1604 1.65674
1605 1.65596
1606 1.65652
1607 1.65618
1608 1.65564
1609 1.65568
1610 1.65533
1611 1.65501
1612 1.65418
1613 1.65395
1614 1.65392
1615 1.65355
1616 1.65339
1617 1.65329
1618 1.65305
1619 1.65315
1620 1.65254
1621 1.65257
1622 1.65271
1623 1.65188
1624 1.65161
1625 1.65143
1626 1.65156
1627 1.65122
1628 1.65106
1629 1.6509
1630 1.65025
1631 1.65033
1632 1.64985
1633 1.64961
1634 1.64934
1635 1.64935
1636 1.64927
1637 1.64848
1638 1.6489
1639 1.64857
1640 1.64796
1641 1.64803
1642 1.64787
1643 1.64755
1644 1.64729
1645 1.64701
1646 1.64713
1647 1.64672
1648 1.64671
1649 1.64641
1650 1.64636
1651 1.64594
1652 1.64613
1653 1.64603
1654 1.64529
1655 1.64511
1656 1.64471
1657 1.64473
1658 1.64467
1659 1.6445
1660 1.64392
1661 1.64352
1662 1.64376
1663 1.64357
1664 1.6427
1665 1.64316
1666 1.64243
1667 1.64259
1668 1.64251
1669 1.64163
1670 1.64197
1671 1.6412
1672 1.64118
1673 1.64078
1674 1.64086
1675 1.64076
1676 1.63988
1677 1.63959
1678 1.64008
1679 1.63984
1680 1.63915
1681 1.63922
1682 1.63859
1683 1.63888
1684 1.63883
1685 1.63812
1686 1.63867
1687 1.63768
1688 1.6385
1689 1.63777
1690 1.63698
1691 1.63739
1692 1.63703
1693 1.6366
1694 1.63652
1695 1.63666
1696 1.63666
1697 1.63632
1698 1.6365
1699 1.63615
1700 1.63585
1701 1.63619
1702 1.63556
1703 1.63527
1704 1.63513
1705 1.63539
1706 1.63508
1707 1.6346
1708 1.63507
1709 1.63502
1710 1.63465
1711 1.63449
1712 1.63519
1713 1.63402
1714 1.63398
1715 1.6344
1716 1.63405
1717 1.63385
1718 1.63321
1719 1.63372
1720 1.63362
1721 1.63325
1722 1.63266
1723 1.63293
1724 1.63324
1725 1.63279
1726 1.63302
1727 1.63255
1728 1.63274
1729 1.63212
1730 1.63284
1731 1.63215
1732 1.63232
1733 1.63187
1734 1.63248
1735 1.63156
1736 1.63128
1737 1.63181
1738 1.63163
1739 1.63087
1740 1.63093
1741 1.63136
1742 1.63096
1743 1.6299
1744 1.63
1745 1.63023
1746 1.63
1747 1.63025
1748 1.62974
1749 1.62931
1750 1.62934
1751 1.62942
1752 1.62867
1753 1.62867
1754 1.62873
1755 1.62807
1756 1.6285
1757 1.62775
1758 1.62733
1759 1.62743
1760 1.6274
1761 1.6271
1762 1.62665
1763 1.62635
1764 1.62643
1765 1.62577
1766 1.6258
1767 1.62567
1768 1.62577
1769 1.62531
1770 1.62507
1771 1.62493
1772 1.62504
1773 1.62448
1774 1.6243
1775 1.62452
1776 1.62402
1777 1.62407
1778 1.62358
1779 1.62378
1780 1.62283
1781 1.62281
1782 1.62263
1783 1.62199
1784 1.62225
1785 1.62224
1786 1.62194
1787 1.62177
1788 1.62103
1789 1.62123
1790 1.62117
1791 1.6208
1792 1.62037
1793 1.62007
1794 1.62027
1795 1.62042
1796 1.62006
1797 1.61954
1798 1.61996
1799 1.61918
1800 1.6192
1801 1.61928
1802 1.61901
1803 1.61893
1804 1.61872
1805 1.61862
1806 1.61809
1807 1.61861
1808 1.61812
1809 1.61755
1810 1.61732
1811 1.61765
1812 1.61717
1813 1.61685
1814 1.61674
1815 1.61664
1816 1.61716
1817 1.61716
1818 1.61676
1819 1.61665
1820 1.61584
1821 1.61613
1822 1.61641
1823 1.61671
1824 1.61629
1825 1.61631
1826 1.61622
1827 1.61549
1828 1.61571
1829 1.6147
1830 1.61567
1831 1.61659
1832 1.6152
1833 1.61533
1834 1.61614
1835 1.616
1836 1.61463
1837 1.61635
1838 1.61532
1839 1.61609
1840 1.61494
1841 1.61572
1842 1.61504
1843 1.61553
1844 1.61534
1845 1.61506
1846 1.61433
1847 1.61542
1848 1.61564
1849 1.61558
1850 1.61549
1851 1.6154
1852 1.61558
1853 1.6161
1854 1.61515
1855 1.61585
1856 1.61558
1857 1.61599
1858 1.61624
1859 1.61573
1860 1.61535
1861 1.61664
1862 1.61536
1863 1.61507
1864 1.61606
1865 1.61653
1866 1.61508
1867 1.61571
1868 1.61648
1869 1.61569
1870 1.61571
1871 1.61561
1872 1.6159
1873 1.61574
1874 1.61613
1875 1.61529
1876 1.61447
1877 1.61533
1878 1.61574
1879 1.61496
1880 1.61543
1881 1.61519
1882 1.61524
1883 1.61494
1884 1.61463
1885 1.61534
1886 1.6143
1887 1.6142
1888 1.61406
1889 1.61375
1890 1.61337
1891 1.61354
1892 1.61327
1893 1.61343
1894 1.61394
1895 1.61328
1896 1.61325
1897 1.6129
1898 1.6126
1899 1.61215
1900 1.61217
1901 1.61181
1902 1.61154
1903 1.61188
1904 1.6115
1905 1.61162
1906 1.6114
1907 1.6114
1908 1.61141
1909 1.61068
1910 1.61095
1911 1.60973
1912 1.60995
1913 1.60954
1914 1.60974
1915 1.60948
1916 1.60914
1917 1.60936
1918 1.60932
1919 1.60879
1920 1.60885
1921 1.60874
1922 1.60806
1923 1.60813
1924 1.60794
1925 1.60763
1926 1.60757
1927 1.60724
1928 1.60711
1929 1.60714
1930 1.60713
1931 1.60654
1932 1.60644
1933 1.60649
1934 1.60615
1935 1.60591
1936 1.60611
1937 1.60587
1938 1.60568
1939 1.6054
1940 1.60486
1941 1.60492
1942 1.60499
1943 1.60466
1944 1.60443
1945 1.60439
1946 1.60415
1947 1.60422
1948 1.60376
1949 1.60394
1950 1.60354
1951 1.60368
1952 1.60319
1953 1.60308
1954 1.60279
1955 1.60252
1956 1.60244
1957 1.60225
1958 1.60212
1959 1.60227
1960 1.60187
1961 1.60185
1962 1.60178
1963 1.60187
1964 1.60166
1965 1.60157
1966 1.60149
1967 1.60092
1968 1.60088
1969 1.6006
1970 1.60051
1971 1.60048
1972 1.60081
1973 1.60044
1974 1.60017
1975 1.5997
1976 1.60006
1977 1.59982
1978 1.59969
1979 1.59978
1980 1.59952
1981 1.59904
1982 1.59895
1983 1.59909
1984 1.59901
1985 1.59875
1986 1.59865
1987 1.59832
1988 1.59827
1989 1.5985
1990 1.59808
1991 1.59799
1992 1.59784
1993 1.59814
1994 1.59763
1995 1.59746
1996 1.5975
1997 1.59778
1998 1.59719
1999 1.59717
2000 1.59701
2001 1.59692
2002 1.59668
2003 1.5967
2004 1.59669
2005 1.59624
2006 1.59632
2007 1.59574
2008 1.59594
2009 1.59569
2010 1.59551
2011 1.59563
2012 1.59518
2013 1.59524
2014 1.59509
2015 1.59543
2016 1.59485
2017 1.59516
2018 1.59557
2019 1.59488
2020 1.59429
2021 1.59455
2022 1.594
2023 1.59445
2024 1.59441
2025 1.59421
2026 1.59419
2027 1.59381
2028 1.5942
2029 1.59359
2030 1.59336
2031 1.59365
2032 1.59351
2033 1.59335
2034 1.59411
2035 1.5934
2036 1.59331
2037 1.59287
2038 1.59407
2039 1.5931
2040 1.59224
2041 1.59334
2042 1.59293
2043 1.59333
2044 1.59302
2045 1.59323
2046 1.59312
2047 1.59442
2048 1.59367
2049 1.59584
2050 1.59428
2051 1.59341
2052 1.5934
2053 1.59487
2054 1.59364
2055 1.59319
2056 1.59419
2057 1.59383
2058 1.59343
2059 1.59349
2060 1.59648
2061 1.59525
2062 1.59297
2063 1.59457
2064 1.59497
2065 1.59542
2066 1.59708
2067 1.59661
2068 1.59526
2069 1.5965
2070 1.59813
2071 1.59564
2072 1.59585
2073 1.59656
2074 1.5991
2075 1.59894
2076 1.59723
2077 1.59681
2078 1.59712
2079 1.5971
2080 1.59898
2081 1.59762
2082 1.59987
2083 1.60026
2084 1.59804
2085 1.59895
2086 1.59735
2087 1.59793
2088 1.60031
2089 1.5983
2090 1.60005
2091 1.6003
2092 1.60026
2093 1.6005
2094 1.59953
2095 1.59795
2096 1.59841
2097 1.59937
2098 1.60073
2099 1.60022
2100 1.59944
2101 1.60023
2102 1.59969
2103 1.59919
2104 1.59955
2105 1.60032
2106 1.59782
2107 1.60024
2108 1.59996
2109 1.59915
2110 1.59988
2111 1.59954
2112 1.59952
2113 1.59839
2114 1.59894
2115 1.59812
2116 1.59885
2117 1.59898
2118 1.59873
2119 1.59891
2120 1.59896
2121 1.59885
2122 1.59802
2123 1.59836
2124 1.59771
2125 1.59696
2126 1.59751
2127 1.59776
2128 1.59813
2129 1.59748
2130 1.59709
2131 1.59711
2132 1.5967
2133 1.59624
2134 1.59659
2135 1.59631
2136 1.59584
2137 1.59543
2138 1.5956
2139 1.59561
2140 1.59531
2141 1.59509
2142 1.59471
2143 1.59492
2144 1.59471
2145 1.59475
2146 1.59456
2147 1.59468
2148 1.59442
2149 1.59446
2150 1.59372
2151 1.59356
2152 1.59399
2153 1.59345
2154 1.59333
2155 1.59337
2156 1.59316
2157 1.59272
2158 1.59253
2159 1.5926
2160 1.59248
2161 1.59216
2162 1.59229
2163 1.59208
2164 1.59175
2165 1.59174
2166 1.5916
2167 1.59164
2168 1.59141
2169 1.59125
2170 1.59093
2171 1.5907
2172 1.59064
2173 1.59049
2174 1.59041
2175 1.59012
2176 1.59028
2177 1.59025
2178 1.58992
2179 1.58984
2180 1.58961
2181 1.58951
2182 1.58938
2183 1.58926
2184 1.58918
2185 1.58903
2186 1.5888
2187 1.5887
2188 1.58844
2189 1.58846
2190 1.58839
2191 1.58792
2192 1.58821
2193 1.58805
2194 1.58797
2195 1.58786
2196 1.58741
2197 1.58735
2198 1.58724
2199 1.58738
2200 1.58721
2201 1.587
2202 1.58708
2203 1.58665
2204 1.58675
2205 1.58666
2206 1.58656
2207 1.58643
2208 1.58632
2209 1.58613
2210 1.58616
2211 1.58588
2212 1.58569
2213 1.58531
2214 1.58571
2215 1.58539
2216 1.58542
2217 1.58544
2218 1.58524
2219 1.58513
2220 1.58505
2221 1.58502
2222 1.58474
2223 1.58459
2224 1.585
2225 1.58417
2226 1.58431
2227 1.5843
2228 1.58388
2229 1.58377
2230 1.58363
2231 1.58352
2232 1.58352
2233 1.58345
2234 1.58342
2235 1.58309
2236 1.58311
2237 1.58288
2238 1.58298
2239 1.58259
2240 1.58282
2241 1.58224
2242 1.58237
2243 1.58238
2244 1.58211
2245 1.58239
2246 1.58178
2247 1.58182
2248 1.58201
2249 1.58133
2250 1.58149
2251 1.58157
2252 1.58136
2253 1.58125
2254 1.58114
2255 1.58071
2256 1.58125
2257 1.58101
2258 1.58075
2259 1.58064
2260 1.58033
2261 1.58052
2262 1.58053
2263 1.58018
2264 1.5801
2265 1.58023
2266 1.58002
2267 1.57953
2268 1.57981
2269 1.5798
2270 1.57956
2271 1.57945
2272 1.57958
2273 1.57953
2274 1.57936
2275 1.57902
2276 1.57898
2277 1.5788
2278 1.57891
2279 1.57908
2280 1.57947
2281 1.57925
2282 1.57921
2283 1.57874
2284 1.57857
2285 1.57875
2286 1.57866
2287 1.57872
2288 1.57841
2289 1.57831
2290 1.57866
2291 1.57808
2292 1.57828
2293 1.57857
2294 1.57845
2295 1.57827
2296 1.57808
2297 1.57806
2298 1.57799
2299 1.57821
2300 1.57814
2301 1.57796
2302 1.57762
2303 1.57765
2304 1.57769
2305 1.57813
2306 1.57787
2307 1.57758
2308 1.57744
2309 1.57728
2310 1.57756
2311 1.57676
2312 1.57686
2313 1.57741
2314 1.57724
2315 1.57716
2316 1.57694
2317 1.57668
2318 1.5768
2319 1.57641
2320 1.57678
2321 1.57649
2322 1.57659
2323 1.57629
2324 1.57612
2325 1.57625
2326 1.57588
2327 1.57592
2328 1.57593
2329 1.57558
2330 1.57576
2331 1.57558
2332 1.57556
2333 1.57563
2334 1.57531
2335 1.57521
2336 1.57522
2337 1.57483
2338 1.57495
2339 1.57467
2340 1.57447
2341 1.57526
2342 1.57449
2343 1.5742
2344 1.57419
2345 1.57421
2346 1.57496
2347 1.57385
2348 1.5739
2349 1.57357
2350 1.57342
2351 1.57331
2352 1.57326
2353 1.57326
2354 1.57402
2355 1.57299
2356 1.57294
2357 1.57272
2358 1.5743
2359 1.57323
2360 1.57233
2361 1.57317
2362 1.57204
2363 1.57274
2364 1.57189
2365 1.57271
2366 1.57324
2367 1.57411
2368 1.57147
2369 1.57473
2370 1.5731
2371 1.57387
2372 1.57203
2373 1.57284
2374 1.57594
2375 1.57333
2376 1.57414
2377 1.57239
2378 1.57482
2379 1.57629
2380 1.57373
2381 1.57199
2382 1.57529
2383 1.57429
2384 1.5726
2385 1.57656
2386 1.57644
2387 1.57886
2388 1.57855
2389 1.58049
2390 1.57775
2391 1.57758
2392 1.57843
2393 1.57831
2394 1.57806
2395 1.57555
2396 1.57887
2397 1.57691
2398 1.58446
2399 1.5853
2400 1.57758
2401 1.58409
2402 1.58166
2403 1.57967
2404 1.58896
2405 1.59613
2406 1.58595
2407 1.58615
2408 1.58788
2409 1.58932
2410 1.58482
2411 1.59208
2412 1.58972
2413 1.58862
2414 1.59051
2415 1.59123
2416 1.59187
2417 1.60486
2418 1.60325
2419 1.59893
2420 1.5972
2421 1.5997
2422 1.59917
2423 1.59617
2424 1.59163
2425 1.61065
2426 1.60002
2427 1.60467
2428 1.60382
2429 1.60357
2430 1.61044
2431 1.60745
2432 1.61382
2433 1.61602
2434 1.61098
2435 1.60968
2436 1.61694
2437 1.61645
2438 1.62079
2439 1.61399
2440 1.61733
2441 1.61702
2442 1.61357
2443 1.62584
2444 1.62312
2445 1.62134
2446 1.62526
2447 1.62691
2448 1.62413
2449 1.63229
2450 1.62366
2451 1.62882
2452 1.62824
2453 1.63208
2454 1.6301
2455 1.63609
2456 1.6328
2457 1.63195
2458 1.63785
2459 1.62845
2460 1.6331
2461 1.63699
2462 1.63055
2463 1.63406
2464 1.63235
2465 1.63525
2466 1.6325
2467 1.63562
2468 1.63561
2469 1.63547
2470 1.63736
2471 1.63485
2472 1.63355
2473 1.63724
2474 1.63889
2475 1.63817
2476 1.63853
2477 1.63541
2478 1.63863
2479 1.63907
2480 1.63571
2481 1.63259
2482 1.63759
2483 1.63513
2484 1.63864
2485 1.63505
2486 1.63716
2487 1.63515
2488 1.63811
2489 1.63629
2490 1.6337
2491 1.63558
2492 1.63563
2493 1.63408
2494 1.63504
2495 1.63679
2496 1.63539
2497 1.63528
2498 1.63498
2499 1.63363
2500 1.63533
2501 1.63422
2502 1.63405
2503 1.63369
2504 1.63449
2505 1.6331
2506 1.63329
2507 1.63335
2508 1.63381
2509 1.63317
2510 1.63286
2511 1.63303
2512 1.63272
2513 1.6317
2514 1.63194
2515 1.63269
2516 1.6321
2517 1.63235
2518 1.63161
2519 1.63127
2520 1.63144
2521 1.63159
2522 1.63102
2523 1.63051
2524 1.63023
2525 1.6299
2526 1.63014
2527 1.63046
2528 1.63013
2529 1.62924
2530 1.62973
2531 1.62922
2532 1.62933
2533 1.62872
2534 1.62846
2535 1.6286
2536 1.62835
2537 1.62814
2538 1.62757
2539 1.62814
2540 1.62778
2541 1.62784
2542 1.6276
2543 1.62719
2544 1.62657
2545 1.6269
2546 1.62655
2547 1.62636
2548 1.62607
2549 1.6264
2550 1.62574
2551 1.62553
2552 1.62594
2553 1.6259
2554 1.62523
2555 1.62508
2556 1.62507
2557 1.62479
2558 1.62452
2559 1.6244
2560 1.6246
2561 1.62422
2562 1.624
2563 1.62311
2564 1.62365
2565 1.62345
2566 1.62328
2567 1.62355
2568 1.62337
2569 1.62322
2570 1.62299
2571 1.62275
2572 1.62295
2573 1.62227
2574 1.62183
2575 1.62238
2576 1.62203
2577 1.62169
2578 1.62149
2579 1.62123
2580 1.62128
2581 1.62113
2582 1.62079
2583 1.62041
2584 1.62059
2585 1.62064
2586 1.62045
2587 1.61998
2588 1.61998
2589 1.61947
2590 1.6196
2591 1.6197
2592 1.61916
2593 1.61892
2594 1.61882
2595 1.61851
2596 1.61896
2597 1.61814
2598 1.61862
2599 1.61829
2600 1.61813
2601 1.6184
2602 1.61815
2603 1.61787
2604 1.61754
2605 1.61723
2606 1.6164
2607 1.61703
2608 1.61709
2609 1.61661
2610 1.61672
2611 1.61638
2612 1.61618
2613 1.61659
2614 1.61576
2615 1.61605
2616 1.61588
2617 1.61557
2618 1.61563
2619 1.61552
2620 1.61506
2621 1.6155
2622 1.61473
2623 1.61495
2624 1.61491
2625 1.61474
2626 1.61463
2627 1.61435
2628 1.61449
2629 1.61448
2630 1.61367
2631 1.61383
2632 1.61376
2633 1.61336
2634 1.61337
2635 1.61358
2636 1.61316
2637 1.61323
2638 1.61317
2639 1.61341
2640 1.61317
2641 1.6126
2642 1.61263
2643 1.61292
2644 1.61235
2645 1.61236
2646 1.61229
2647 1.61192
2648 1.6118
2649 1.61217
2650 1.61203
2651 1.61148
2652 1.61196
2653 1.61135
2654 1.61153
2655 1.61149
2656 1.61064
2657 1.61113
2658 1.61096
2659 1.61051
2660 1.61117
2661 1.61072
2662 1.6108
2663 1.61033
2664 1.60975
2665 1.60991
2666 1.61003
2667 1.61009
2668 1.60982
2669 1.60978
2670 1.61005
2671 1.60953
2672 1.60973
2673 1.60922
2674 1.60911
2675 1.60897
2676 1.60894
2677 1.60887
2678 1.60841
2679 1.60892
2680 1.60867
2681 1.60795
2682 1.60794
2683 1.60771
2684 1.60761
2685 1.60748
2686 1.60757
2687 1.60712
2688 1.6074
2689 1.60688
2690 1.60724
2691 1.60741
2692 1.60673
2693 1.60634
2694 1.60657
2695 1.60589
2696 1.60639
2697 1.60546
2698 1.60605
2699 1.60544
2700 1.60528
2701 1.60526
2702 1.60527
2703 1.60506
2704 1.60459
2705 1.60467
2706 1.60484
2707 1.60453
2708 1.60405
2709 1.6041
2710 1.60434
2711 1.60381
2712 1.60367
2713 1.60334
2714 1.60338
2715 1.60279
2716 1.60297
2717 1.60304
2718 1.60325
2719 1.60275
2720 1.60238
2721 1.60245
2722 1.6022
2723 1.60227
2724 1.60201
2725 1.60199
2726 1.60203
2727 1.60185
2728 1.60153
2729 1.60125
2730 1.60114
2731 1.60093
2732 1.60117
2733 1.60093
2734 1.60075
2735 1.60068
2736 1.60059
2737 1.60043
2738 1.60026
2739 1.5999
2740 1.60025
2741 1.6006
2742 1.59971
2743 1.60001
2744 1.59982
2745 1.59984
2746 1.59911
2747 1.59931
2748 1.5995
2749 1.59975
2750 1.59951
2751 1.59931
2752 1.59925
2753 1.59904
2754 1.59911
2755 1.59914
2756 1.59897
2757 1.59885
2758 1.59839
2759 1.59896
2760 1.59902
2761 1.59917
2762 1.5989
2763 1.59812
2764 1.59842
2765 1.59897
2766 1.59854
2767 1.59886
2768 1.59794
2769 1.59822
2770 1.59844
2771 1.59851
2772 1.59788
2773 1.5981
2774 1.59739
2775 1.59768
2776 1.59817
2777 1.59811
2778 1.59766
2779 1.59789
2780 1.59781
2781 1.59721
2782 1.59806
2783 1.59758
2784 1.59789
2785 1.59746
2786 1.59737
2787 1.5977
2788 1.5974
2789 1.59774
2790 1.59765
2791 1.59705
2792 1.59761
2793 1.59778
2794 1.59708
2795 1.59714
2796 1.59706
2797 1.59755
2798 1.59795
2799 1.59703
2800 1.59725
2801 1.59703
2802 1.59669
2803 1.5965
2804 1.59684
2805 1.59651
2806 1.59645
2807 1.59685
2808 1.59633
2809 1.59631
2810 1.59637
2811 1.59634
2812 1.59648
2813 1.59596
2814 1.59571
2815 1.59569
2816 1.59608
2817 1.59549
2818 1.59558
2819 1.59562
2820 1.59512
2821 1.59524
2822 1.5951
2823 1.59526
2824 1.59552
2825 1.59439
2826 1.59486
2827 1.59434
2828 1.59427
2829 1.59432
2830 1.59451
2831 1.59388
2832 1.5939
2833 1.59381
2834 1.59341
2835 1.59341
2836 1.59313
2837 1.59313
2838 1.59327
2839 1.5933
2840 1.59282
2841 1.59281
2842 1.5933
2843 1.59233
2844 1.59238
2845 1.59216
2846 1.59214
2847 1.59179
2848 1.59179
2849 1.59193
2850 1.59207
2851 1.59122
2852 1.59142
2853 1.59165
2854 1.59138
2855 1.59104
2856 1.59072
2857 1.59101
2858 1.59051
2859 1.59071
2860 1.59056
2861 1.59055
2862 1.59004
2863 1.58981
2864 1.58959
2865 1.58955
2866 1.58996
2867 1.58925
2868 1.58911
2869 1.58919
2870 1.58907
2871 1.58914
2872 1.58856
2873 1.58884
2874 1.58828
2875 1.58848
2876 1.58872
2877 1.58836
2878 1.5879
2879 1.58836
2880 1.58768
2881 1.58815
2882 1.58767
2883 1.58798
2884 1.58731
2885 1.58736
2886 1.58725
2887 1.58715
2888 1.58673
2889 1.58709
2890 1.58703
2891 1.58666
2892 1.58657
2893 1.58648
2894 1.58602
2895 1.58616
2896 1.58584
2897 1.586
2898 1.58566
2899 1.58566
2900 1.58567
2901 1.58549
2902 1.58538
2903 1.58543
2904 1.58515
2905 1.58495
2906 1.58499
2907 1.58474
2908 1.58466
2909 1.58472
2910 1.58437
2911 1.58431
2912 1.58429
2913 1.58406
2914 1.58427
2915 1.58416
2916 1.5839
2917 1.58375
2918 1.584
2919 1.58363
2920 1.58357
2921 1.58319
2922 1.58321
2923 1.58312
2924 1.58297
2925 1.58309
2926 1.58297
2927 1.58305
2928 1.58277
2929 1.58311
2930 1.58231
2931 1.58285
2932 1.58274
2933 1.58217
2934 1.58224
2935 1.58218
2936 1.58252
2937 1.58183
2938 1.58175
2939 1.58166
2940 1.58142
2941 1.5816
2942 1.58173
2943 1.58175
2944 1.58119
2945 1.58118
2946 1.58121
2947 1.58098
2948 1.58109
2949 1.58092
2950 1.58084
2951 1.58096
2952 1.58108
2953 1.58054
2954 1.581
2955 1.58012
2956 1.58029
2957 1.5808
2958 1.58059
2959 1.58001
2960 1.5805
2961 1.58058
2962 1.58028
2963 1.57988
2964 1.58039
2965 1.58064
2966 1.5803
2967 1.58031
2968 1.57964
2969 1.58108
2970 1.58004
2971 1.57973
2972 1.58038
2973 1.57962
2974 1.58051
2975 1.58121
2976 1.57982
2977 1.58015
2978 1.5802
2979 1.58043
2980 1.5807
2981 1.58001
2982 1.58015
2983 1.57891
2984 1.58151
2985 1.58095
2986 1.5804
2987 1.58052
2988 1.58046
2989 1.58068
2990 1.58088
2991 1.5814
2992 1.58011
2993 1.58149
2994 1.5809
2995 1.58126
2996 1.58091
2997 1.58087
2998 1.58071
2999 1.58148
3000 1.58148
3001 1.5816
3002 1.58215
3003 1.58154
3004 1.58181
3005 1.58214
3006 1.58161
3007 1.58176
3008 1.58166
3009 1.58057
3010 1.58064
3011 1.58268
3012 1.58164
3013 1.58246
3014 1.582
3015 1.58124
3016 1.58224
3017 1.58162
3018 1.58252
3019 1.58305
3020 1.5819
3021 1.58245
3022 1.58224
3023 1.58247
3024 1.58225
3025 1.58202
3026 1.58225
3027 1.58103
3028 1.58228
3029 1.58206
3030 1.58197
3031 1.58162
3032 1.5819
3033 1.58127
3034 1.58136
3035 1.58174
3036 1.58179
3037 1.5817
3038 1.58129
3039 1.58166
3040 1.58105
3041 1.58154
3042 1.58157
3043 1.58121
3044 1.58143
3045 1.58138
3046 1.58128
3047 1.58113
3048 1.58107
3049 1.58135
3050 1.58115
3051 1.58052
3052 1.58056
3053 1.5803
3054 1.58061
3055 1.58014
3056 1.58019
3057 1.58
3058 1.58001
3059 1.58018
3060 1.58021
3061 1.57977
3062 1.5795
3063 1.57931
3064 1.57924
3065 1.57937
3066 1.57933
3067 1.57875
3068 1.57909
3069 1.57888
3070 1.57892
3071 1.57913
3072 1.57861
3073 1.57839
3074 1.57831
3075 1.57822
3076 1.57798
3077 1.57776
3078 1.57744
3079 1.57777
3080 1.57769
3081 1.5775
3082 1.57738
3083 1.5774
3084 1.57733
3085 1.57702
3086 1.57685
3087 1.577
3088 1.57709
3089 1.57676
3090 1.57674
3091 1.57643
3092 1.57665
3093 1.57613
3094 1.57578
3095 1.57597
3096 1.57624
3097 1.57564
3098 1.57579
3099 1.57523
3100 1.57539
3101 1.57519
3102 1.5752
3103 1.57471
3104 1.57503
3105 1.57473
3106 1.57478
3107 1.57475
3108 1.57465
3109 1.57447
3110 1.57441
3111 1.5744
3112 1.57415
3113 1.57389
3114 1.57403
3115 1.57387
3116 1.57394
3117 1.57368
3118 1.57343
3119 1.57353
3120 1.57335
3121 1.57325
3122 1.57292
3123 1.57325
3124 1.57323
3125 1.57301
3126 1.57293
3127 1.57246
3128 1.57266
3129 1.57239
3130 1.57214
3131 1.57234
3132 1.5723
3133 1.57191
3134 1.57186
3135 1.57194
3136 1.57169
3137 1.57168
3138 1.57137
3139 1.57157
3140 1.57142
3141 1.57125
3142 1.57125
3143 1.57112
3144 1.57082
3145 1.57097
3146 1.5709
3147 1.57068
3148 1.57073
3149 1.57055
3150 1.57024
3151 1.5704
3152 1.57012
3153 1.57016
3154 1.57017
3155 1.57008
3156 1.56961
3157 1.5699
3158 1.56967
3159 1.56948
3160 1.56928
3161 1.56958
3162 1.56921
3163 1.56918
3164 1.56904
3165 1.56894
3166 1.56899
3167 1.56889
3168 1.5688
3169 1.56851
3170 1.56868
3171 1.56838
3172 1.56834
3173 1.56831
3174 1.56819
3175 1.56811
3176 1.568
3177 1.5678
3178 1.56787
3179 1.5681
3180 1.5678
3181 1.56776
3182 1.56754
3183 1.56758
3184 1.56732
3185 1.56747
3186 1.56722
3187 1.5674
3188 1.56697
3189 1.56723
3190 1.56719
3191 1.56707
3192 1.56679
3193 1.56695
3194 1.56666
3195 1.56654
3196 1.56666
3197 1.56643
3198 1.56631
3199 1.56633
3200 1.56622
3201 1.56615
3202 1.56613
3203 1.56649
3204 1.56608
3205 1.56605
3206 1.56586
3207 1.56577
3208 1.56593
3209 1.56581
3210 1.56576
3211 1.56544
3212 1.56556
3213 1.56546
3214 1.5654
3215 1.56541
3216 1.56536
3217 1.56532
3218 1.5652
3219 1.56497
3220 1.56514
3221 1.56524
3222 1.56502
3223 1.56512
3224 1.56488
3225 1.5648
3226 1.56475
3227 1.56425
3228 1.56464
3229 1.5645
3230 1.56467
3231 1.5644
3232 1.56437
3233 1.56425
3234 1.56418
3235 1.56409
3236 1.56385
3237 1.56376
3238 1.56402
3239 1.5639
3240 1.5637
3241 1.56418
3242 1.56368
3243 1.56411
3244 1.56365
3245 1.56348
3246 1.56341
3247 1.56326
3248 1.56313
3249 1.56292
3250 1.56307
3251 1.56298
3252 1.56307
3253 1.56291
3254 1.56271
3255 1.56267
3256 1.56265
3257 1.56239
3258 1.56248
3259 1.56242
3260 1.56231
3261 1.56234
3262 1.56223
3263 1.56221
3264 1.56212
3265 1.562
3266 1.5619
3267 1.56174
3268 1.56173
3269 1.56173
3270 1.56142
3271 1.56122
3272 1.56177
3273 1.56149
3274 1.56114
3275 1.56135
3276 1.5611
3277 1.56096
3278 1.56162
3279 1.56119
3280 1.56079
3281 1.56069
3282 1.56083
3283 1.56078
3284 1.56037
3285 1.56008
3286 1.56068
3287 1.56055
3288 1.56067
3289 1.56003
3290 1.56019
3291 1.55997
3292 1.56
3293 1.55992
3294 1.55983
3295 1.55978
3296 1.55995
3297 1.56047
3298 1.56059
3299 1.55966
3300 1.55968
3301 1.5591
3302 1.55935
3303 1.55967
3304 1.55932
3305 1.5601
3306 1.5599
3307 1.56106
3308 1.56016
3309 1.5596
3310 1.55954
3311 1.55942
3312 1.56023
3313 1.55936
3314 1.56031
3315 1.55975
3316 1.55996
3317 1.56015
3318 1.55935
3319 1.55959
3320 1.55939
3321 1.56008
3322 1.56062
3323 1.5617
3324 1.56074
3325 1.55993
3326 1.56031
3327 1.55992
3328 1.56003
3329 1.56228
3330 1.56183
3331 1.56274
3332 1.56161
3333 1.561
3334 1.56113
3335 1.56077
3336 1.56002
3337 1.56062
3338 1.56061
3339 1.56194
3340 1.56324
3341 1.56109
3342 1.56414
3343 1.56297
3344 1.56382
3345 1.5616
3346 1.56288
3347 1.56314
3348 1.56219
3349 1.56189
3350 1.56371
3351 1.56454
3352 1.56399
3353 1.56466
3354 1.56305
3355 1.56282
3356 1.56328
3357 1.56502
3358 1.56571
3359 1.56582
3360 1.56552
3361 1.56562
3362 1.56637
3363 1.56627
3364 1.56531
3365 1.56624
3366 1.566
3367 1.56589
3368 1.56587
3369 1.56398
3370 1.56713
3371 1.56612
3372 1.56803
3373 1.56717
3374 1.56718
3375 1.56736
3376 1.56651
3377 1.56868
3378 1.56621
3379 1.56601
3380 1.56831
3381 1.56735
3382 1.56862
3383 1.56715
3384 1.5689
3385 1.56865
3386 1.56879
3387 1.5679
3388 1.56813
3389 1.56792
3390 1.56845
3391 1.56725
3392 1.56736
3393 1.56767
3394 1.56868
3395 1.56763
3396 1.56755
3397 1.56732
3398 1.56836
3399 1.56846
3400 1.56727
3401 1.5681
3402 1.56801
3403 1.56704
3404 1.56683
3405 1.56734
3406 1.56773
3407 1.56733
3408 1.56738
3409 1.56765
3410 1.56748
3411 1.56722
3412 1.56759
3413 1.56799
3414 1.56733
3415 1.56744
3416 1.56719
3417 1.56692
3418 1.56737
3419 1.56722
3420 1.5668
3421 1.5669
3422 1.56713
3423 1.5668
3424 1.56666
3425 1.56631
3426 1.56653
3427 1.56587
3428 1.56604
3429 1.566
3430 1.56609
3431 1.56572
3432 1.56534
3433 1.56561
3434 1.5654
3435 1.56556
3436 1.56527
3437 1.56554
3438 1.56544
3439 1.56509
3440 1.56498
3441 1.56459
3442 1.56502
3443 1.56481
3444 1.5646
3445 1.56455
3446 1.56436
3447 1.56436
3448 1.56416
3449 1.56364
3450 1.56416
3451 1.56367
3452 1.56394
3453 1.564
3454 1.56391
3455 1.56396
3456 1.56341
3457 1.56344
3458 1.56307
3459 1.5631
3460 1.5629
3461 1.56316
3462 1.56294
3463 1.56268
3464 1.56277
3465 1.5626
3466 1.56238
3467 1.56259
3468 1.56236
3469 1.5621
3470 1.56241
3471 1.56214
3472 1.56197
3473 1.56163
3474 1.56183
3475 1.56182
3476 1.56173
3477 1.56125
3478 1.5615
3479 1.56099
3480 1.56107
3481 1.56106
3482 1.56121
3483 1.56087
3484 1.56092
3485 1.56107
3486 1.56072
3487 1.56083
3488 1.5603
3489 1.5605
3490 1.56024
3491 1.56017
3492 1.56
3493 1.56021
3494 1.55989
3495 1.56013
3496 1.55986
3497 1.55996
3498 1.55961
3499 1.55931
3500 1.5595
3501 1.55949
3502 1.55931
3503 1.55948
3504 1.55907
3505 1.55901
3506 1.55911
3507 1.55877
3508 1.5588
3509 1.55893
3510 1.5584
3511 1.55858
3512 1.55837
3513 1.55841
3514 1.55824
3515 1.55843
3516 1.55792
3517 1.55834
3518 1.55802
3519 1.55814
3520 1.55788
3521 1.5579
3522 1.55764
3523 1.55745
3524 1.55766
3525 1.5573
3526 1.55749
3527 1.55728
3528 1.55739
3529 1.55718
3530 1.55695
3531 1.55687
3532 1.55708
3533 1.55685
3534 1.55663
3535 1.55675
3536 1.55656
3537 1.55657
3538 1.55626
3539 1.55666
3540 1.55634
3541 1.55618
3542 1.55582
3543 1.55626
3544 1.55596
3545 1.55577
3546 1.55586
3547 1.55606
3548 1.55579
3549 1.55588
3550 1.55551
3551 1.55566
3552 1.55537
3553 1.55555
3554 1.55533
3555 1.55545
3556 1.5551
3557 1.55517
3558 1.55501
3559 1.55506
3560 1.55515
3561 1.55494
3562 1.55473
3563 1.55479
3564 1.55512
3565 1.55455
3566 1.55468
3567 1.55455
3568 1.55448
3569 1.55452
3570 1.55436
3571 1.55452
3572 1.55421
3573 1.5542
3574 1.55417
3575 1.55412
3576 1.55432
3577 1.55389
3578 1.55402
3579 1.55406
3580 1.55394
3581 1.55403
3582 1.5538
3583 1.55377
3584 1.55346
3585 1.55358
3586 1.55353
3587 1.55331
3588 1.5533
3589 1.55368
3590 1.55304
3591 1.55316
3592 1.55309
3593 1.55306
3594 1.55301
3595 1.55326
3596 1.55288
3597 1.55269
3598 1.55296
3599 1.55261
3600 1.55271
3601 1.55253
3602 1.55232
3603 1.55224
3604 1.55226
3605 1.55217
3606 1.55219
3607 1.55224
3608 1.55196
3609 1.55232
3610 1.55175
3611 1.55185
3612 1.5517
3613 1.55173
3614 1.55158
3615 1.55167
3616 1.55136
3617 1.55137
3618 1.55144
3619 1.55122
3620 1.55121
3621 1.55103
3622 1.55104
3623 1.55104
3624 1.55086
3625 1.55085
3626 1.55097
3627 1.55075
3628 1.55081
3629 1.55045
3630 1.55055
3631 1.55027
3632 1.55015
3633 1.55016
3634 1.55025
3635 1.55001
3636 1.54995
3637 1.54991
3638 1.54976
3639 1.54982
3640 1.54971
3641 1.54974
3642 1.54975
3643 1.54964
3644 1.54942
3645 1.54939
3646 1.54936
3647 1.54935
3648 1.54924
3649 1.54923
3650 1.54896
3651 1.54906
3652 1.54908
3653 1.54907
3654 1.5487
3655 1.54893
3656 1.54881
3657 1.54864
3658 1.54848
3659 1.54882
3660 1.54829
3661 1.54802
3662 1.54821
3663 1.54799
3664 1.54812
3665 1.54814
3666 1.54808
3667 1.54859
3668 1.54842
3669 1.54824
3670 1.54799
3671 1.5481
3672 1.5481
3673 1.54782
3674 1.54784
3675 1.54763
3676 1.54726
3677 1.54729
3678 1.54779
3679 1.54762
3680 1.54723
3681 1.54784
3682 1.54795
3683 1.54787
3684 1.54751
3685 1.54761
3686 1.54754
3687 1.54743
3688 1.54756
3689 1.54742
3690 1.54739
3691 1.54725
3692 1.54749
3693 1.54714
3694 1.54714
3695 1.54751
3696 1.54703
3697 1.54695
3698 1.54714
3699 1.54701
3700 1.54705
3701 1.54717
3702 1.54685
3703 1.54665
3704 1.54724
3705 1.54732
3706 1.54681
3707 1.54695
3708 1.54749
3709 1.5474
3710 1.547
3711 1.54744
3712 1.54736
3713 1.54718
3714 1.54679
3715 1.54679
3716 1.54727
3717 1.54725
3718 1.54696
3719 1.54655
3720 1.54685
3721 1.54694
3722 1.54652
3723 1.54627
3724 1.54657
3725 1.54665
3726 1.54659
3727 1.54673
3728 1.54704
3729 1.54687
3730 1.54656
3731 1.54645
3732 1.54672
3733 1.54677
3734 1.54646
3735 1.5466
3736 1.54638
3737 1.54664
3738 1.54658
3739 1.54644
3740 1.54607
3741 1.54626
3742 1.54647
3743 1.54635
3744 1.54611
3745 1.54585
3746 1.54594
3747 1.54613
3748 1.54586
3749 1.54579
3750 1.5461
3751 1.54558
3752 1.54588
3753 1.54571
3754 1.54582
3755 1.54548
3756 1.5455
3757 1.54576
3758 1.54524
3759 1.54528
3760 1.54543
3761 1.54498
3762 1.54491
3763 1.54526
3764 1.5449
3765 1.54468
3766 1.54484
3767 1.5446
3768 1.54471
3769 1.54462
3770 1.54467
3771 1.54464
3772 1.54451
3773 1.54431
3774 1.54446
3775 1.54426
3776 1.54463
3777 1.54432
3778 1.54429
3779 1.54396
3780 1.54419
3781 1.54423
3782 1.5439
3783 1.54378
3784 1.54369
3785 1.54365
3786 1.54336
3787 1.54365
3788 1.54355
3789 1.54334
3790 1.54329
3791 1.54321
3792 1.54291
3793 1.54297
3794 1.54301
3795 1.54284
3796 1.5427
3797 1.54263
3798 1.54281
3799 1.54279
3800 1.54254
3801 1.54247
3802 1.54255
3803 1.54218
3804 1.5423
3805 1.54244
3806 1.54206
3807 1.54222
3808 1.54217
3809 1.54193
3810 1.54202
3811 1.54182
3812 1.54167
3813 1.54181
3814 1.54157
3815 1.5416
3816 1.54158
3817 1.54145
3818 1.54152
3819 1.54137
3820 1.54128
3821 1.54127
3822 1.54113
3823 1.54111
3824 1.54114
3825 1.54105
3826 1.5408
3827 1.54093
3828 1.54081
3829 1.54076
3830 1.5431
3831 1.54155
3832 1.54142
3833 1.54038
3834 1.54125
3835 1.54122
3836 1.54044
3837 1.54109
3838 1.54026
3839 1.5401
3840 1.54182
3841 1.54079
3842 1.54002
3843 1.5401
3844 1.54063
3845 1.54074
3846 1.54131
3847 1.54299
3848 1.54048
3849 1.53962
3850 1.54118
3851 1.54114
3852 1.54019
3853 1.54012
3854 1.54003
3855 1.53933
3856 1.54079
3857 1.54084
3858 1.54079
3859 1.54226
3860 1.5389
3861 1.53897
3862 1.54135
3863 1.5405
3864 1.54195
3865 1.54127
3866 1.53951
3867 1.54411
3868 1.54172
3869 1.54325
3870 1.541
3871 1.54004
3872 1.5407
3873 1.54074
3874 1.54534
3875 1.54294
3876 1.5438
3877 1.54117
3878 1.54519
3879 1.54749
3880 1.54499
3881 1.5467
3882 1.54753
3883 1.54497
3884 1.54484
3885 1.54399
3886 1.54778
3887 1.54633
3888 1.54522
3889 1.54785
3890 1.55001
3891 1.54439
3892 1.55077
3893 1.54517
3894 1.55231
3895 1.54738
3896 1.55282
3897 1.54782
3898 1.54985
3899 1.54965
3900 1.55396
3901 1.55023
3902 1.55584
3903 1.5493
3904 1.55565
3905 1.55878
3906 1.56025
3907 1.55544
3908 1.56494
3909 1.55453
3910 1.56238
3911 1.55672
3912 1.56046
3913 1.55591
3914 1.56339
3915 1.55892
3916 1.57138
3917 1.56425
3918 1.55803
3919 1.56119
3920 1.57044
3921 1.56977
3922 1.57044
3923 1.5639
3924 1.57175
3925 1.58066
3926 1.57334
3927 1.57261
3928 1.57202
3929 1.57299
3930 1.56579
3931 1.57344
3932 1.57285
3933 1.58615
3934 1.57495
3935 1.58204
3936 1.57815
3937 1.58162
3938 1.58644
3939 1.58578
3940 1.58459
3941 1.5855
3942 1.58798
3943 1.57586
3944 1.58458
3945 1.58661
3946 1.59126
3947 1.58886
3948 1.58479
3949 1.59206
3950 1.59074
3951 1.59699
3952 1.58902
3953 1.59009
3954 1.59599
3955 1.59777
3956 1.59716
3957 1.59492
3958 1.60054
3959 1.59787
3960 1.60145
3961 1.59926
3962 1.59588
3963 1.59234
3964 1.59833
3965 1.59812
3966 1.60075
3967 1.60097
3968 1.60197
3969 1.59635
3970 1.60005
3971 1.60185
3972 1.60415
3973 1.6
3974 1.60122
3975 1.60209
3976 1.6067
3977 1.60428
3978 1.60398
3979 1.60126
3980 1.60319
3981 1.60265
3982 1.6015
3983 1.60308
3984 1.60475
3985 1.60491
3986 1.60515
3987 1.6032
3988 1.60467
3989 1.6028
3990 1.60422
3991 1.60317
3992 1.60592
3993 1.6031
3994 1.60419
3995 1.60316
3996 1.60501
3997 1.60358
3998 1.60284
3999 1.60388
4000 1.60396
4001 1.6051
4002 1.60421
4003 1.60546
4004 1.60509
4005 1.60533
4006 1.60449
4007 1.60464
4008 1.60507
4009 1.6034
4010 1.60484
4011 1.60397
4012 1.6041
4013 1.60438
4014 1.60356
4015 1.60372
4016 1.60322
4017 1.60418
4018 1.60279
4019 1.60232
4020 1.60387
4021 1.60383
4022 1.6035
4023 1.60292
4024 1.60275
4025 1.60311
4026 1.6029
4027 1.60314
4028 1.60233
4029 1.60311
4030 1.60235
4031 1.60211
4032 1.60221
4033 1.60206
4034 1.60246
4035 1.60184
4036 1.60176
4037 1.60056
4038 1.60191
4039 1.60135
4040 1.60125
4041 1.60148
4042 1.60114
4043 1.60132
4044 1.60047
4045 1.60071
4046 1.60052
4047 1.60042
4048 1.60018
4049 1.5999
4050 1.60018
4051 1.60021
4052 1.6002
4053 1.59861
4054 1.59985
4055 1.59964
4056 1.59922
4057 1.59951
4058 1.59935
4059 1.59924
4060 1.59921
4061 1.59897
4062 1.59945
4063 1.59835
4064 1.59853
4065 1.59864
4066 1.5984
4067 1.59819
4068 1.59824
4069 1.59815
4070 1.59747
4071 1.59704
4072 1.59757
4073 1.5974
4074 1.5976
4075 1.59755
4076 1.59696
4077 1.59703
4078 1.59719
4079 1.59703
4080 1.59664
4081 1.59643
4082 1.59613
4083 1.59668
4084 1.59634
4085 1.59665
4086 1.59623
4087 1.59649
4088 1.59575
4089 1.59577
4090 1.59613
4091 1.59569
4092 1.59533
4093 1.59544
4094 1.59549
4095 1.59486
4096 1.59476
4097 1.5952
4098 1.59445
4099 1.59502
4100 1.59498
4101 1.59484
4102 1.59452
4103 1.59431
4104 1.59426
4105 1.59403
4106 1.59446
4107 1.59392
4108 1.59364
4109 1.59386
4110 1.59394
4111 1.59328
4112 1.59357
4113 1.59326
4114 1.59339
4115 1.59373
4116 1.59344
4117 1.59258
4118 1.59284
4119 1.59288
4120 1.59286
4121 1.59262
4122 1.59258
4123 1.59236
4124 1.59255
4125 1.59257
4126 1.59225
4127 1.59223
4128 1.59181
4129 1.59222
4130 1.59181
4131 1.59178
4132 1.59175
4133 1.59191
4134 1.59115
4135 1.59191
4136 1.59141
4137 1.5911
4138 1.59103
4139 1.59111
4140 1.59086
4141 1.59096
4142 1.59094
4143 1.59063
4144 1.59061
4145 1.59064
4146 1.59053
4147 1.59022
4148 1.59019
4149 1.59009
4150 1.59028
4151 1.59025
4152 1.58955
4153 1.58961
4154 1.58953
4155 1.58956
4156 1.5896
4157 1.58925
4158 1.5896
4159 1.58921
4160 1.58887
4161 1.58934
4162 1.5896
4163 1.58861
4164 1.58908
4165 1.58827
4166 1.58882
4167 1.58821
4168 1.58819
4169 1.58827
4170 1.58839
4171 1.58821
4172 1.58818
4173 1.58821
4174 1.58809
4175 1.58753
4176 1.58805
4177 1.58737
4178 1.58749
4179 1.58764
4180 1.5874
4181 1.58735
4182 1.58701
4183 1.58686
4184 1.58717
4185 1.5867
4186 1.58669
4187 1.5867
4188 1.58686
4189 1.58641
4190 1.58649
4191 1.58639
4192 1.58643
4193 1.58563
4194 1.58606
4195 1.58579
4196 1.58594
4197 1.58536
4198 1.58568
4199 1.58571
4200 1.58544
4201 1.58558
4202 1.58508
4203 1.5851
4204 1.58512
4205 1.58495
4206 1.58467
4207 1.58492
4208 1.58475
4209 1.58456
4210 1.58446
4211 1.58422
4212 1.58379
4213 1.58409
4214 1.58393
4215 1.58388
4216 1.58403
4217 1.58377
4218 1.58388
4219 1.58376
4220 1.58371
4221 1.58323
4222 1.58348
4223 1.58312
4224 1.58304
4225 1.58332
4226 1.58331
4227 1.58314
4228 1.58307
4229 1.58294
4230 1.58265
4231 1.58268
4232 1.58233
4233 1.58238
4234 1.5822
4235 1.5825
4236 1.58179
4237 1.58195
4238 1.58198
4239 1.58235
4240 1.58211
4241 1.58183
4242 1.58163
4243 1.58189
4244 1.58169
4245 1.58147
4246 1.58157
4247 1.58151
4248 1.58117
4249 1.58104
4250 1.58113
4251 1.58088
4252 1.58113
4253 1.58099
4254 1.5811
4255 1.58062
4256 1.58079
4257 1.58095
4258 1.58074
4259 1.58057
4260 1.58069
4261 1.58061
4262 1.58047
4263 1.5803
4264 1.58043
4265 1.58017
4266 1.58045
4267 1.5802
4268 1.58024
4269 1.57995
4270 1.58041
4271 1.58012
4272 1.58027
4273 1.57971
4274 1.57982
4275 1.57964
4276 1.57992
4277 1.57943
4278 1.57956
4279 1.57968
4280 1.5797
4281 1.57966
4282 1.57931
4283 1.5792
4284 1.57943
4285 1.57943
4286 1.57971
4287 1.57969
4288 1.57931
4289 1.57914
4290 1.57884
4291 1.57892
4292 1.57895
4293 1.57929
4294 1.57899
4295 1.57849
4296 1.57869
4297 1.57867
4298 1.57873
4299 1.57903
4300 1.57862
4301 1.57855
4302 1.57841
4303 1.57837
4304 1.5784
4305 1.57832
4306 1.57832
4307 1.57814
4308 1.5779
4309 1.57801
4310 1.57805
4311 1.57801
4312 1.57774
4313 1.57781
4314 1.57773
4315 1.57771
4316 1.57747
4317 1.57728
4318 1.57724
4319 1.57746
4320 1.5772
4321 1.57731
4322 1.577
4323 1.57716
4324 1.577
4325 1.57672
4326 1.57674
4327 1.57677
4328 1.57644
4329 1.57656
4330 1.57659
4331 1.5762
4332 1.57596
4333 1.57603
4334 1.57633
4335 1.57624
4336 1.57624
4337 1.57579
4338 1.57586
4339 1.57578
4340 1.5757
4341 1.57533
4342 1.57549
4343 1.57561
4344 1.57518
4345 1.57504
4346 1.57512
4347 1.57474
4348 1.57488
4349 1.57483
4350 1.57485
4351 1.57478
4352 1.5745
4353 1.57478
4354 1.57418
4355 1.57419
4356 1.57415
4357 1.57438
4358 1.57416
4359 1.57376
4360 1.57362
4361 1.57382
4362 1.57395
4363 1.57343
4364 1.57379
4365 1.57291
4366 1.57316
4367 1.57297
4368 1.57332
4369 1.57289
4370 1.57285
4371 1.57293
4372 1.57236
4373 1.57273
4374 1.5726
4375 1.57243
4376 1.57232
4377 1.57229
4378 1.57226
4379 1.57221
4380 1.57179
4381 1.57198
4382 1.57178
4383 1.57201
4384 1.57172
4385 1.57174
4386 1.57156
4387 1.5714
4388 1.57141
4389 1.5712
4390 1.57124
4391 1.57111
4392 1.57097
4393 1.57079
4394 1.57072
4395 1.5708
4396 1.57054
4397 1.57072
4398 1.57046
4399 1.57054
4400 1.57036
4401 1.57056
4402 1.5702
4403 1.56976
4404 1.56999
4405 1.57001
4406 1.57011
4407 1.5698
4408 1.56997
4409 1.56943
4410 1.5695
4411 1.56964
4412 1.56954
4413 1.56943
4414 1.56916
4415 1.56933
4416 1.56918
4417 1.56923
4418 1.56914
4419 1.56909
4420 1.56898
4421 1.56889
4422 1.56895
4423 1.56869
4424 1.56834
4425 1.56834
4426 1.5685
4427 1.56843
4428 1.56823
4429 1.56799
4430 1.56789
4431 1.56791
4432 1.56798
4433 1.5677
4434 1.56786
4435 1.56795
4436 1.56765
4437 1.56777
4438 1.56772
4439 1.56801
4440 1.56777
4441 1.56746
4442 1.56784
4443 1.56737
4444 1.56707
4445 1.56725
4446 1.56709
4447 1.56681
4448 1.56709
4449 1.56669
4450 1.56708
4451 1.56698
4452 1.56688
4453 1.56674
4454 1.56675
4455 1.56655
4456 1.56677
4457 1.56684
4458 1.5664
4459 1.56697
4460 1.56665
4461 1.56663
4462 1.5665
4463 1.56643
4464 1.5667
4465 1.56632
4466 1.56669
4467 1.56594
4468 1.56684
4469 1.56636
4470 1.56625
4471 1.56681
4472 1.56602
4473 1.56616
4474 1.56614
4475 1.56619
4476 1.56613
4477 1.56642
4478 1.56644
4479 1.56581
4480 1.56621
4481 1.56593
4482 1.56614
4483 1.5659
4484 1.56601
4485 1.56537
4486 1.56638
4487 1.56661
4488 1.56531
4489 1.56608
4490 1.56628
4491 1.56665
4492 1.56632
4493 1.56689
4494 1.56604
4495 1.5665
4496 1.5662
4497 1.56625
4498 1.56608
4499 1.56587
4500 1.5664
4501 1.56661
4502 1.56615
4503 1.56594
4504 1.56609
4505 1.56613
4506 1.56661
4507 1.56604
4508 1.56593
4509 1.56613
4510 1.5659
4511 1.5664
4512 1.56658
4513 1.56633
4514 1.56622
4515 1.56601
4516 1.56582
4517 1.56611
4518 1.56537
4519 1.56553
4520 1.56619
4521 1.56613
4522 1.56606
4523 1.56594
4524 1.56615
4525 1.56546
4526 1.56566
4527 1.56612
4528 1.56597
4529 1.56595
4530 1.56591
4531 1.56582
4532 1.56544
4533 1.56555
4534 1.56551
4535 1.56587
4536 1.56555
4537 1.56565
4538 1.56497
4539 1.56538
4540 1.56499
4541 1.56551
4542 1.56557
4543 1.56527
4544 1.56487
4545 1.56531
4546 1.56515
4547 1.56495
4548 1.56544
4549 1.56496
4550 1.56502
4551 1.56499
4552 1.56488
4553 1.56485
4554 1.56462
4555 1.56448
4556 1.56459
4557 1.56464
4558 1.56481
4559 1.56429
4560 1.56429
4561 1.56393
4562 1.5643
4563 1.56427
4564 1.5637
4565 1.56393
4566 1.56388
4567 1.56373
4568 1.56374
4569 1.5637
4570 1.56336
4571 1.56366
4572 1.56381
4573 1.56307
4574 1.56331
4575 1.56318
4576 1.56282
4577 1.5631
4578 1.56292
4579 1.56283
4580 1.56294
4581 1.56301
4582 1.56263
4583 1.56259
4584 1.56253
4585 1.56216
4586 1.56205
4587 1.56221
4588 1.56202
4589 1.56204
4590 1.56186
4591 1.56212
4592 1.56151
4593 1.56184
4594 1.5616
4595 1.56171
4596 1.56151
4597 1.56167
4598 1.56149
4599 1.56142
4600 1.56122
4601 1.56122
4602 1.56107
4603 1.56124
4604 1.5609
4605 1.56076
4606 1.56101
4607 1.56072
4608 1.56069
4609 1.56082
4610 1.56026
4611 1.56035
4612 1.56024
4613 1.56006
4614 1.56015
4615 1.55986
4616 1.55983
4617 1.56012
4618 1.55974
4619 1.55983
4620 1.55939
4621 1.55964
4622 1.55925
4623 1.55924
4624 1.55923
4625 1.55913
4626 1.55916
4627 1.55924
4628 1.55899
4629 1.55859
4630 1.55866
4631 1.55889
4632 1.55867
4633 1.55873
4634 1.55855
4635 1.55836
4636 1.55861
4637 1.55809
4638 1.55826
4639 1.55834
4640 1.55792
4641 1.55816
4642 1.55773
4643 1.55785
4644 1.5581
4645 1.55797
4646 1.55749
4647 1.55759
4648 1.55751
4649 1.55737
4650 1.55739
4651 1.55717
4652 1.55741
4653 1.55698
4654 1.55722
4655 1.55696
4656 1.55687
4657 1.55689
4658 1.55687
4659 1.55685
4660 1.55663
4661 1.55671
4662 1.55647
4663 1.55656
4664 1.55633
4665 1.55605
4666 1.55621
4667 1.55609
4668 1.5562
4669 1.55603
4670 1.55585
4671 1.55606
4672 1.55579
4673 1.55587
4674 1.55587
4675 1.55568
4676 1.55539
4677 1.55567
4678 1.55563
4679 1.55553
4680 1.55539
4681 1.55539
4682 1.55536
4683 1.55511
4684 1.55503
4685 1.55497
4686 1.55498
4687 1.55493
4688 1.55492
4689 1.55469
4690 1.5548
4691 1.55481
4692 1.55463
4693 1.5545
4694 1.55458
4695 1.55466
4696 1.55443
4697 1.55443
4698 1.55411
4699 1.5544
4700 1.55417
4701 1.55405
4702 1.55418
4703 1.55407
4704 1.55407
4705 1.55376
4706 1.55392
4707 1.55358
4708 1.5536
4709 1.55329
4710 1.5534
4711 1.55369
4712 1.55346
4713 1.55337
4714 1.55339
4715 1.5531
4716 1.5532
4717 1.5531
4718 1.553
4719 1.55309
4720 1.55313
4721 1.55301
4722 1.55288
4723 1.55306
4724 1.55288
4725 1.55284
4726 1.55262
4727 1.55266
4728 1.55239
4729 1.55254
4730 1.5525
4731 1.55236
4732 1.55236
4733 1.55234
4734 1.55221
4735 1.55195
4736 1.55205
4737 1.55215
4738 1.55195
4739 1.55182
4740 1.55178
4741 1.55179
4742 1.5517
4743 1.55176
4744 1.55178
4745 1.55156
4746 1.55137
4747 1.55141
4748 1.55135
4749 1.55137
4750 1.55114
4751 1.55113
4752 1.55105
4753 1.55103
4754 1.55096
4755 1.55102
4756 1.55137
4757 1.55107
4758 1.55079
4759 1.55096
4760 1.55053
4761 1.55085
4762 1.55056
4763 1.55045
4764 1.55068
4765 1.55076
4766 1.55023
4767 1.55047
4768 1.55046
4769 1.55039
4770 1.55022
4771 1.55041
4772 1.5505
4773 1.54991
4774 1.54977
4775 1.54965
4776 1.54995
4777 1.54987
4778 1.54969
4779 1.54967
4780 1.5498
4781 1.54965
4782 1.54963
4783 1.54941
4784 1.54934
4785 1.54987
4786 1.54916
4787 1.54926
4788 1.54934
4789 1.54933
4790 1.54991
4791 1.54933
4792 1.54927
4793 1.54895
4794 1.54906
4795 1.54942
4796 1.5488
4797 1.54845
4798 1.54887
4799 1.54865
4800 1.54908
4801 1.54906
4802 1.54921
4803 1.54925
4804 1.54926
4805 1.54971
4806 1.54916
4807 1.54899
4808 1.54854
4809 1.54923
4810 1.54874
4811 1.54915
4812 1.54968
4813 1.54919
4814 1.54897
4815 1.54916
4816 1.54931
4817 1.54928
4818 1.54914
4819 1.54873
4820 1.55012
4821 1.54954
4822 1.54931
4823 1.5495
4824 1.5494
4825 1.54954
4826 1.54998
4827 1.54877
4828 1.54844
4829 1.54944
4830 1.54951
4831 1.54938
4832 1.54895
4833 1.5492
4834 1.55019
4835 1.55042
4836 1.54949
4837 1.5503
4838 1.54956
4839 1.55014
4840 1.5498
4841 1.55006
4842 1.55002
4843 1.55065
4844 1.55049
4845 1.54869
4846 1.5497
4847 1.55041
4848 1.55093
4849 1.54963
4850 1.55017
4851 1.55086
4852 1.5496
4853 1.55025
4854 1.55136
4855 1.55058
4856 1.55067
4857 1.55098
4858 1.55044
4859 1.55055
4860 1.55161
4861 1.55227
4862 1.55071
4863 1.55169
4864 1.55199
4865 1.55129
4866 1.5513
4867 1.55244
4868 1.55178
4869 1.55167
4870 1.55259
4871 1.55191
4872 1.55201
4873 1.55162
4874 1.55039
4875 1.55237
4876 1.55183
4877 1.55196
4878 1.55103
4879 1.55139
4880 1.5516
4881 1.55208
4882 1.55224
4883 1.55187
4884 1.55197
4885 1.55176
4886 1.55275
4887 1.55269
4888 1.55285
4889 1.55226
4890 1.55229
4891 1.55232
4892 1.5524
4893 1.55266
4894 1.55134
4895 1.5522
4896 1.55206
4897 1.55121
4898 1.55269
4899 1.55202
4900 1.55143
4901 1.55212
4902 1.5517
4903 1.55217
4904 1.55197
4905 1.55222
4906 1.55203
4907 1.55194
4908 1.55187
4909 1.55267
4910 1.55186
4911 1.55144
4912 1.55217
4913 1.55224
4914 1.55157
4915 1.55226
4916 1.55193
4917 1.55161
4918 1.55141
4919 1.55183
4920 1.55145
4921 1.55175
4922 1.55139
4923 1.55129
4924 1.55145
4925 1.55107
4926 1.55152
4927 1.55135
4928 1.55137
4929 1.55159
4930 1.55109
4931 1.55121
4932 1.55109
4933 1.55081
4934 1.55078
4935 1.55017
4936 1.55063
4937 1.55072
4938 1.55042
4939 1.55027
4940 1.55035
4941 1.55021
4942 1.55016
4943 1.55032
4944 1.55066
4945 1.55003
4946 1.55001
4947 1.55003
4948 1.54976
4949 1.55004
4950 1.55004
4951 1.54996
4952 1.54932
4953 1.54964
4954 1.54954
4955 1.54927
4956 1.54947
4957 1.54915
4958 1.5492
4959 1.54946
4960 1.54903
4961 1.5489
4962 1.5489
4963 1.54869
4964 1.54875
4965 1.54879
4966 1.54865
4967 1.54856
4968 1.54867
4969 1.54852
4970 1.54843
4971 1.54835
4972 1.54816
4973 1.54801
4974 1.54827
4975 1.54803
4976 1.54802
4977 1.54763
4978 1.54789
4979 1.54755
4980 1.54768
4981 1.5477
4982 1.54759
4983 1.5474
4984 1.5474
4985 1.54725
4986 1.54714
4987 1.54709
4988 1.54699
4989 1.54694
4990 1.54699
4991 1.54683
4992 1.54695
4993 1.54683
4994 1.54696
4995 1.54681
4996 1.54639
4997 1.54665
4998 1.54656
4999 1.5464
